0 24.4578501994188 3.32875906830815
1 26.1596209336551 3.35633510614332
2 24.8281100336798 3.41137958156338
3 23.9952917913794 3.32450083125953
4 20.2091229419871 3.34739436371834
5 19.754433335507 3.31666313911876
6 24.4568406867266 3.31779770258334
7 24.4559339816408 3.29210832321215
8 18.1621768890618 3.26405650859124
9 19.7304561471599 3.26320748111046
10 22.5824774495615 3.30116682451403
11 24.1805476267928 3.30900299767324
12 24.9112152689703 3.30116677827072
13 26.0601438987829 3.2252168181649
14 25.2848612070379 3.30116622383695
15 21.60054387669 3.3041319130057
16 24.796242442154 3.35438878741591
17 21.6648846427143 3.3011661818739
18 20.9600890668491 3.29210840006378
19 25.2000614073421 3.31024552750706
20 22.2876020845028 3.28099672715488
21 24.1433315098124 3.32600390978028
22 24.6721427786832 3.27777668652244
23 20.1613705876945 3.27965228351864
24 25.3588606974266 3.30116656975546
25 24.456253465016 3.30116661338845
26 24.456253465016 3.30116661338845
27 24.4588220149947 3.37487370429824
28 23.6806787275763 3.24679740839375
29 24.3478179151132 3.22521658875106
30 24.347408376715 3.30116660570734
31 24.3463760826302 3.27198106853705
32 20.8780018932619 3.29210857663364
33 24.1687748042595 3.30116661840528
34 24.456253465016 3.30116661338845
35 24.456253465016 3.30116661338845
36 24.2134868242237 3.2932719903415
37 20.1175707198448 3.26779082937305
38 24.6936307159502 3.21146681005835
39 25.4696859218083 3.2559817654179
40 20.2087876329388 3.36994845372755
41 24.4460505065385 3.10805231952812
42 24.5111673540567 3.30900296403876
43 17.5869167944994 3.33829680186436
44 25.1726247639235 3.28807546562514
45 24.4559339816408 3.29210832321215
46 24.5987648552671 3.32988883701915
47 24.4568414674406 3.29953730858537
48 24.8253069509141 3.33091086576351
49 24.0070849153515 3.2921084483127
50 24.4565763801805 3.30673216873031
51 21.626258413935 3.30673231834437
52 23.6642055979745 3.4242545783566
53 24.5977513992389 3.30116652009997
54 24.456253465016 3.30116661338845
55 24.4568076387358 3.31684982915978
56 24.4574690168746 3.3185961899748
57 23.132710097182 3.33809409717341
58 24.4576832360711 3.32585550766586
59 24.4565313849458 3.3090028841795
60 25.677245834425 3.4780718091294
61 24.456253465016 3.30116661338845
62 22.6919038776707 3.32198954006621
63 23.4407580171548 3.25666403844184
64 24.4526764371863 3.22787177154531
65 22.2419544620894 3.27515700972587
66 24.970730542117 3.33339690436581
67 24.4540187536669 3.24218207961146
68 21.3536614140292 3.29899695563382
69 24.4567643070166 3.31000769386181
70 14.1816732683967 3.2921087601783
71 25.7456595010734 3.28485030242032
72 24.1923335713683 3.31710248595811
73 23.9926927654697 3.28887016516442
74 23.4404587102031 3.24772825703192
75 24.6978599145296 3.31255203884909
76 24.456253465016 3.30116661338845
77 25.0111363753705 3.27761897208704
78 20.2070647241172 3.28867613856324
79 24.1925709690835 3.64181843549408
80 24.456253465016 3.30116661338845
81 26.6148126558273 3.30116655358476
82 25.0667031085551 3.28887008056166
83 25.0130966655964 3.29009145685391
84 18.0182685405702 3.3011668515567
85 23.1522891672317 3.32353778729703
86 25.8188704623497 3.34623957755777
87 25.0553445507518 3.30116669531404
88 24.4537024722355 3.25666451168175
89 24.4572971543565 3.33091063121498
90 24.4567224787452 3.30936463966198
91 26.0710812955594 3.38887172519516
92 24.4544223261378 3.24976791047705
93 24.4585273775897 3.36643722316967
94 24.456253465016 3.30116661338845
95 21.6969379867458 3.31024538790309
96 24.3875981009476 3.29927061403982
97 24.4525522546608 3.21090122598933
98 19.7312379492259 3.29210862830398
99 24.4566569800586 3.31255220385802
