0 10.1889197057147 5.04437952512359
1 9.48903247655563 5.0443792290495
2 10.3096930190759 5.03362144009622
3 10.4465432534771 5.04614267448099
4 10.1595903913425 5.0488620032425
5 9.62905506384716 5.03362113328895
6 10.3767598834703 5.04839723891241
7 10.1456671153433 5.04437941015555
8 10.007077365927 5.04437921396471
9 10.117098488725 5.03362131151784
10 10.1012212044 5.04380862397562
11 10.0330982115918 5.04425307634791
12 9.61603471979556 5.04224258224377
13 10.1594124975283 5.04880723423449
14 10.1855488400787 5.03362136292487
15 10.9716488211061 5.04711512457629
16 10.9625542438359 5.04363348347777
17 10.3892081518322 5.04394234165471
18 10.1922723688243 5.04437915652675
19 10.1170397024227 5.03285578216407
20 10.1887695634926 5.03362133312227
21 10.4127188759508 5.04469915841737
22 9.53177760185986 5.04438555006434
23 10.2618329212733 5.04437935722798
24 10.3824496890911 5.04375207082176
25 10.565701127004 5.04437924060009
26 10.0825105335992 5.04437928355898
27 10.1261182665865 5.04583525324645
28 9.81794124018471 5.0443794440605
29 9.90833518767881 5.04437934938591
30 9.96463618124518 5.04555170021036
31 10.1533441361708 5.04690050063689
32 10.1308883602232 5.0395083752265
33 10.5276955563388 5.03362136780359
34 10.3529293885334 5.04055403574685
35 10.2428806190442 5.04398515037485
36 10.1130876805017 5.04550463467728
37 10.4327237977221 5.04438567990572
38 10.1101817970894 5.04486040805921
39 10.1458249246948 5.04616424565102
40 9.62903742847403 5.03337193537321
41 11.0092848717968 5.04437932706162
42 10.1602832248537 5.04762114730264
43 9.94177392787318 5.04437935515708
44 9.94928588874854 5.04955317748186
45 10.1296957818359 5.03873821764905
46 10.2995239292352 5.04382577949105
47 10.1012212044 5.04380862397562
48 10.1333299649235 5.04002729200332
49 10.5137341634645 5.00008740830791
50 10.2360331705697 5.04437932013176
51 10.039155515371 5.04537973125347
52 10.1540212870994 5.047116500292
53 10.1342888554849 5.04610911727531
54 9.62905506384716 5.03362113328895
55 10.0889714799326 5.04711499899928
56 10.2450134829454 5.04675783500594
57 10.117098488725 5.03362131151784
58 9.78635359163652 5.03362147006059
59 10.4411930372384 5.05025984216814
60 10.1319256274229 5.03950630959886
61 10.1456524909997 5.04422575751962
62 10.1356952960634 5.0408931689231
63 9.47533274788001 5.03318674248529
64 9.99541890380173 5.04437943024201
65 10.1456671153433 5.04437941015555
66 10.4985684995241 5.04055408410907
67 9.79045902279538 5.04696073946575
68 9.62905506384716 5.03362113328895
69 9.7995888948076 5.04437927966775
70 9.79731573546358 5.04436354134953
71 10.140894043886 5.04457463034628
72 10.1510431330356 5.04603368495418
73 10.1336694136659 5.04015323619917
74 10.1456671153433 5.04437941015555
75 10.1540164301222 5.04711492745841
76 11.3469582963079 5.04437930367965
77 10.0278320369149 5.04598352111932
78 9.76981208256197 5.04437913969699
79 9.9135072016424 5.03362110480045
80 9.81617883828168 5.04457404007583
81 10.145659855236 5.04429690315388
82 10.1231313701356 5.04702352668663
83 10.1457820479906 5.04567995454889
84 8.01958099007673 5.04437943303986
85 8.99920100901726 5.03700377645094
86 10.3640681984008 5.04437923625569
87 10.5895016282615 5.04298817808312
88 10.132092423709 5.04120873018714
89 9.86452853318112 5.04438564129647
90 9.61775313420016 5.0392870186852
91 10.1456671153433 5.04437941015555
92 10.1425305783415 5.04391187529848
93 10.1325195465645 5.04088918502309
94 10.0844936360658 5.04437942185088
95 10.3683824923473 5.0438086429858
96 10.1583645456258 5.0484821520213
97 10.1568632813602 5.04801430205894
98 9.7766499274592 5.04437900768593
99 9.30251769975219 5.04437906100977
