0 24.1072012061054 3.31725252694723
1 24.1067726393942 3.30971430641456
2 24.2556132506849 3.41507810008527
3 24.1072012061054 3.31725252694723
4 24.1093374553513 3.39038849236632
5 24.1070287990733 3.32257942725454
6 24.1067726393942 3.30971430641456
7 24.2747590505473 3.31725245861088
8 23.9643328562431 3.30116646413177
9 24.1072012061054 3.31725252694723
10 24.2513191516509 3.30116647402155
11 22.4557590929542 3.30971434450233
12 24.2513191516509 3.30116647402155
13 24.1067726393942 3.30971430641456
14 24.1062842924143 3.30116659255847
15 24.9145224619049 3.2777254521517
16 24.2518060408777 3.30971391943011
17 25.6359593164565 3.31725267464792
18 23.5984252532153 3.30971411483216
19 24.1067726393942 3.30971430641456
20 24.1067726393942 3.30971430641456
21 24.1062842924143 3.30116659255847
22 24.1053164083076 3.26817205912235
23 24.1072012061054 3.31725252694723
24 24.1062842924143 3.30116659255847
25 24.1067726393942 3.30971430641456
26 23.8881685971081 3.30116646689553
27 24.2513191516509 3.30116647402155
28 24.1062842924143 3.30116659255847
29 24.5874281536146 3.31725251946649
30 22.3093743024478 3.30971439817351
31 24.1067726393942 3.30971430641456
32 24.1067726393942 3.30971430641456
33 24.1062842924143 3.30116659255847
34 24.1062842924143 3.30116659255847
35 24.1046257093197 3.25389656166091
36 24.1339150303978 3.39125167605057
37 24.1067726393942 3.30971430641456
38 24.1074562701994 3.32164718526746
39 24.1067726393942 3.30971430641456
40 24.7872888732532 3.3011662774476
41 24.1072012061054 3.31725252694723
42 24.1073018362012 3.3189739611776
43 24.1072012061054 3.31725252694723
44 24.2513191516509 3.30116647402155
45 24.1062842924143 3.30116659255847
46 24.1072012061054 3.31725252694723
47 24.1081602286437 3.33402080516133
48 24.2518060408777 3.30971391943011
49 24.6056120048678 3.30116640644
50 23.823286820983 3.30971439477938
51 23.9614569581443 3.30116650219028
52 24.1069152584502 3.31927195854521
53 24.1062842924143 3.30116659255847
54 24.1062842394426 3.30112499927998
55 24.9907110425689 3.30971398496005
56 24.003016420282 3.31788487447187
57 24.1067726393942 3.30971430641456
58 24.1072012061054 3.31725252694723
59 24.1062842924143 3.30116659255847
60 24.1077432274163 3.32671720910053
61 24.7872888732532 3.3011662774476
62 24.1067726393942 3.30971430641456
63 24.4074443847084 3.30971434113344
64 24.1067726393942 3.30971430641456
65 24.1062842924143 3.30116659255847
66 24.1072012061054 3.31725252694723
67 24.1067726393942 3.30971430641456
68 24.1062842924143 3.30116659255847
69 24.1067726393942 3.30971430641456
70 26.1529727223505 3.33174640311352
71 24.386540890737 3.30116657344054
72 24.1052125363921 3.26524675780391
73 24.1061141918271 3.29811671771987
74 24.1077880560495 3.31542761956181
75 24.1098636934768 3.40020145848147
76 24.109613226291 3.38754048664554
77 24.2725019069278 3.30116668109579
78 24.1067726393942 3.30971430641456
79 24.1072012061054 3.31725252694723
80 24.1067726393942 3.30971430641456
81 24.1062842924143 3.30116659255847
82 25.3188667787318 3.37506950029767
83 24.1073506301942 3.31992311877928
84 24.1089493916926 3.37317934133901
85 24.1062842924143 3.30116659255847
86 24.4856393875805 3.30116647472702
87 25.1626380209737 3.33314194995277
88 24.3882057985557 3.30971393357069
89 24.3100245939534 3.30971416535542
90 24.1104690294869 3.41829102043019
91 24.1067726393942 3.30971430641456
92 24.0087233686989 3.30971425891352
93 24.1067726393942 3.30971430641456
94 24.1072012061054 3.31725252694723
95 24.8021246047055 3.27741165501783
96 24.1067726393942 3.30971430641456
97 24.1062842924143 3.30116659255847
98 24.2518060408777 3.30971391943011
99 24.2524189674886 3.32028865848187
100 24.1067726393942 3.30971430641456
101 24.4392820462243 3.30116652780552
102 24.1062842924143 3.30116659255847
103 24.0025573165586 3.30116673393491
104 23.9693072007382 3.30971424838506
105 24.2507495889575 3.28503092084514
106 24.0062361177253 3.31284021265019
107 24.1070793175237 3.31510530554234
108 24.2513191516509 3.30116647402155
109 24.4013432218361 3.3097142432211
110 24.1067726393942 3.30971430641456
111 23.978942006078 3.30646706005373
112 24.1067726393942 3.30971430641456
113 24.4861372877579 3.30971421785847
114 24.1072012061054 3.31725252694723
115 24.1067726393942 3.30971430641456
116 24.2518060408777 3.30971391943011
117 24.2518060408777 3.30971391943011
118 24.1072012061054 3.31725252694723
119 24.2515605966612 3.30796040297226
120 24.1067726393942 3.30971430641456
121 23.518882487469 3.2999917474755
122 24.1072012061054 3.31725252694723
123 24.7877892240768 3.30971416961152
124 24.1072012061054 3.31725252694723
125 24.1062842924143 3.30116659255847
126 24.1067726393942 3.30971430641456
127 24.1064143943568 3.30219605185933
128 24.1072012061054 3.31725252694723
129 24.1064346683152 3.29998898951525
130 24.1067726393942 3.30971430641456
131 24.8277406623857 3.30971429794299
132 24.1062842924143 3.30116659255847
133 22.6724756614481 3.29422753995595
134 24.1972440015655 3.31193146367938
135 21.1565243267196 3.30116660009226
136 24.1067726393942 3.30971430641456
137 24.7837744480381 3.24063644077886
138 24.1067726393942 3.30971430641456
139 24.1067726393942 3.30971430641456
140 24.1072012061054 3.31725252694723
141 24.1067726393942 3.30971430641456
142 22.7782922537259 3.3097144482555
143 24.1072012061054 3.31725252694723
144 24.1054321021756 3.28606974236557
145 24.1067726393942 3.30971430641456
146 24.5223251399521 3.30971424841124
147 24.1062842924143 3.30116659255847
148 24.1067726393942 3.30971430641456
149 24.1062842924143 3.30116659255847
150 24.2513191516509 3.30116647402155
151 24.2513191516509 3.30116647402155
152 24.2513191516509 3.30116647402155
153 24.1062842924143 3.30116659255847
154 24.1072012061054 3.31725252694723
155 24.1062842924143 3.30116659255847
156 24.1062842924143 3.30116659255847
157 24.250745539835 3.29104470851584
158 24.2478522524774 3.30971436312467
159 24.1062842924143 3.30116659255847
160 24.1067726393942 3.30971430641456
161 24.1056969339215 3.27894285120158
162 23.0273967521493 3.31725270999853
163 24.3342211922951 3.30116675404349
164 24.1076909025044 3.33624047640155
165 24.1067726393942 3.30971430641456
166 24.4550471603562 3.30116634827331
167 24.4883062540452 3.30116644912013
168 23.718769038331 3.31278553464742
169 23.9561083673521 3.30971433452726
170 24.1067726393942 3.30971430641456
171 24.2513191516509 3.30116647402155
172 24.1055431993537 3.27461351410217
173 24.1087340566367 3.36686420113085
174 24.1067726393942 3.30971430641456
175 24.1072775280213 3.31855243778074
176 24.1071039647784 3.31552594553982
177 24.3338196797978 3.29415110834664
178 24.1067726393942 3.30971430641456
179 24.1057903276159 3.28696884610893
180 24.1067726393942 3.30971430641456
181 24.1072012061054 3.31725252694723
182 24.1048948172043 3.27662232436636
183 24.1067726393942 3.30971430641456
184 24.106737861028 3.30914824269154
185 24.1055367607658 3.26979469309406
186 24.1067726393942 3.30971430641456
187 24.1067726393942 3.30971430641456
188 24.1067726393942 3.30971430641456
189 24.1067726393942 3.30971430641456
190 24.1067726393942 3.30971430641456
191 24.1067726393942 3.30971430641456
192 24.1062842924143 3.30116659255847
193 24.2518060408777 3.30971391943011
194 24.2518060408777 3.30971391943011
195 24.7869831727526 3.29595920800496
196 25.6321225122755 3.30971428486532
197 24.2495651671296 3.27039973867779
198 23.3546882041555 3.30971427694895
199 24.3342211922951 3.30116675404349
200 24.1078113400885 3.32793203721702
201 24.1062842924143 3.30116659255847
202 24.1067726393942 3.30971430641456
203 24.1067726393942 3.30971430641456
204 24.1067726393942 3.30971430641456
205 24.1072012061054 3.31725252694723
206 24.17606780701 3.30971431522131
207 24.1067726393942 3.30971430641456
208 24.1062842924143 3.30116659255847
209 24.1062842924143 3.30116659255847
210 24.1072012061054 3.31725252694723
211 24.1067726393942 3.30971430641456
212 24.1062842924143 3.30116659255847
213 23.9551487256169 3.31725275836655
214 24.4575808917963 3.30116646998586
215 24.1072012061054 3.31725252694723
216 24.1067726393942 3.30971430641456
217 24.1067726393942 3.30971430641456
218 24.1067726393942 3.30971430641456
219 24.1064178460577 3.29479381811765
220 25.8635795596593 3.30971430892915
221 24.9905795606885 3.31725280988107
222 24.1067726393942 3.30971430641456
223 24.1062842924143 3.30116659255847
224 24.2471012166287 3.22675738734449
225 24.1067726393942 3.30971430641456
226 24.1067726393942 3.30971430641456
227 24.2513191516509 3.30116647402155
228 24.2518060408777 3.30971391943011
229 24.1072012061054 3.31725252694723
230 24.7872888732532 3.3011662774476
231 24.1031236857691 3.24516638100346
232 24.5304078084091 3.3172524513062
233 23.9737182924007 3.30971424180531
234 25.9123946484584 3.33123594422687
235 24.244379206942 3.30116670592926
236 24.4858380080359 3.3012770123169
237 24.1061722486996 3.29915125349923
238 24.119958414962 3.30971424448575
239 24.1067726393942 3.30971430641456
240 24.1067211543179 3.31358458202036
241 24.1062842924143 3.30116659255847
242 24.1076009328495 3.32421894731682
243 24.1038881850996 3.33537623890554
244 22.9816271328672 3.30971437346079
245 24.1067726393942 3.30971430641456
246 24.1066027004805 3.30672520523746
247 24.1072012061054 3.31725252694723
248 24.4870430204609 3.30971423702805
249 24.1072012061054 3.31725252694723
250 24.1062842924143 3.30116659255847
251 24.1072012061054 3.31725252694723
252 24.1062842924143 3.30116659255847
253 24.1072938574212 3.30092072914477
254 24.1067726393942 3.30971430641456
255 24.1072012061054 3.31725252694723
256 24.1067726393942 3.30971430641456
257 24.1041708517811 3.24108906947526
258 24.1067726393942 3.30971430641456
259 24.108314740096 3.36014926116286
260 24.1067726393942 3.30971430641456
261 24.1072830022409 3.3186367567054
262 24.2518060408777 3.30971391943011
263 24.2516467053741 3.30682989844976
264 24.178267238739 3.34436107986962
265 24.1067726393942 3.30971430641456
266 24.1062403916814 3.30007105284557
267 21.3955698716933 3.3097142451022
268 24.108558207586 3.34093682974022
269 24.5325812645843 3.31725252346391
270 24.1067726393942 3.30971430641456
271 24.7872888732532 3.3011662774476
272 24.1067726393942 3.30971430641456
273 23.8874598922688 3.30971435592845
274 24.1072012061054 3.31725252694723
275 24.2513191516509 3.30116647402155
276 24.1067726393942 3.30971430641456
277 24.1067726393942 3.30971430641456
278 24.2513191516509 3.30116647402155
279 24.1051413659849 3.26143463570773
280 24.1067726393942 3.30971430641456
281 24.3342211922951 3.30116675404349
282 23.2809541032358 3.33217783443952
283 24.1072012061054 3.31725252694723
284 24.2513191516509 3.30116647402155
285 24.4732841235616 3.31725234372187
286 24.1062913626262 3.29590232144555
287 24.1062842924143 3.30116659255847
288 24.1072012061054 3.31725252694723
289 24.1067726393942 3.30971430641456
290 23.9231663616913 3.31725271492054
291 24.1072012061054 3.31725252694723
292 24.1067726393942 3.30971430641456
293 23.6823633145178 3.31725266139602
294 24.1067726393942 3.30971430641456
295 24.1072012061054 3.31725252694723
296 20.5735198227698 3.26680017247754
297 25.9686521945681 3.30116647883251
298 24.1675795142812 3.30971407883863
299 24.4104692012123 3.34001054544514
300 24.1072012061054 3.31725252694723
301 24.1062842924143 3.30116659255847
302 24.2513191516509 3.30116647402155
303 24.1067726393942 3.30971430641456
304 24.5823782769014 3.31725258561002
305 24.1067726393942 3.30971430641456
306 24.1067726393942 3.30971430641456
307 24.1067726393942 3.30971430641456
308 24.1072012061054 3.31725252694723
309 24.2513191516509 3.30116647402155
310 24.1072012061054 3.31725252694723
311 24.2513191516509 3.30116647402155
312 24.1076654936469 3.3354490317717
313 24.1078707153179 3.32897117846438
314 24.2488216916816 3.23064081799502
315 24.1067726393942 3.30971430641456
316 23.9581195716235 3.30971411100626
317 24.1049999806113 3.25929082628568
318 24.1067726393942 3.30971430641456
319 24.5792736160577 3.30971417703082
320 24.1062842924143 3.30116659255847
321 24.1081602286437 3.33402080516133
322 24.7872888732532 3.3011662774476
323 24.098140916982 3.30971419804973
324 24.1067726393942 3.30971430641456
325 24.1067726393942 3.30971430641456
326 24.6797732815809 3.29746502013404
327 24.1067726393942 3.30971430641456
328 24.1072012061054 3.31725252694723
329 22.3456134669047 3.28831062428761
330 24.1062842924143 3.30116659255847
331 24.1067726393942 3.30971430641456
332 24.254732646303 3.40049938392934
333 24.1072012061054 3.31725252694723
334 24.1062842924143 3.30116659255847
335 24.1067726393942 3.30971430641456
336 24.1067726393942 3.30971430641456
337 24.3347131098293 3.30971412657396
338 24.2505347637231 3.27871139087567
339 24.1067726393942 3.30971430641456
340 24.1072012061054 3.31725252694723
341 24.7877892240768 3.30971416961152
342 24.1084251128417 3.35272980627763
343 24.2523026153091 3.31824303974954
344 24.1067726393942 3.30971430641456
345 24.1067726393942 3.30971430641456
346 24.1067726393942 3.30971430641456
347 24.2518060408777 3.30971391943011
348 24.1067726393942 3.30971430641456
349 24.1067726393942 3.30971430641456
350 25.3304838460296 3.3011666430575
351 24.1062842924143 3.30116659255847
352 24.1062842924143 3.30116659255847
353 25.4569975359231 3.30116661665101
354 24.1062842924143 3.30116659255847
355 24.1066978075296 3.307560447948
356 24.3347131098293 3.30971412657396
357 24.1062842924143 3.30116659255847
358 24.1067726393942 3.30971430641456
359 24.1067726393942 3.30971430641456
360 26.0031173672757 3.26922804769787
361 24.1067726393942 3.30971430641456
362 24.1062842924143 3.30116659255847
363 24.107243860363 3.32889912535415
364 22.8112450284534 3.3011667772971
365 24.1201973093463 3.30116640509624
366 24.1072012061054 3.31725252694723
367 24.7867086768588 3.27968223888095
368 24.7872888732532 3.3011662774476
369 24.1067726393942 3.30971430641456
370 24.1067726393942 3.30971430641456
371 24.1075051362281 3.32250644453907
372 24.1067726393942 3.30971430641456
373 24.2518060408777 3.30971391943011
374 24.1074977508538 3.33622969564099
375 24.1081602286437 3.33402080516133
376 24.7872888732532 3.3011662774476
377 24.1067726393942 3.30971430641456
378 24.1072565129543 3.31822890414471
379 24.2518060408777 3.30971391943011
380 24.4861372877579 3.30971421785847
381 24.1072012061054 3.31725252694723
382 24.5186939346345 3.32607128556208
383 24.1072012061054 3.31725252694723
384 24.1067726393942 3.30971430641456
385 24.1067726393942 3.30971430641456
386 24.0296308170721 3.31725277374015
387 24.1067726393942 3.30971430641456
388 24.1062842924143 3.30116659255847
389 24.1067726393942 3.30971430641456
390 24.1067726393942 3.30971430641456
391 24.1072012061054 3.31725252694723
392 24.106990242356 3.31352113618955
393 24.8783184100456 3.32067264777037
394 24.3342211922951 3.30116675404349
395 24.1067726393942 3.30971430641456
396 24.1072012061054 3.31725252694723
397 24.2513191516509 3.30116647402155
398 24.1091017160302 3.38351019090215
399 24.1067726393942 3.30971430641456
400 24.1062842924143 3.30116659255847
401 24.866283326145 3.30116645458391
402 24.1067726393942 3.30971430641456
403 24.1067726393942 3.30971430641456
404 23.9828192159929 3.33030138291085
405 24.4861372877579 3.30971421785847
406 24.1238946480074 3.31725265085546
407 24.099412109566 3.30116660669076
408 24.2513191516509 3.30116647402155
409 24.2513191516509 3.30116647402155
410 24.1560778365665 3.30116664917435
411 24.1062842924143 3.30116659255847
412 24.1062842924143 3.30116659255847
413 24.1060522871228 3.28434725824528
414 24.1067726393942 3.30971430641456
415 24.2513191516509 3.30116647402155
416 24.1072012061054 3.31725252694723
417 24.1067726393942 3.30971430641456
418 22.7904274352791 3.30971447045703
419 24.1067726393942 3.30971430641456
420 24.1067726393942 3.30971430641456
421 24.2504017317777 3.26966082901455
422 24.1091514277322 3.37392968963661
423 24.1072012061054 3.31725252694723
424 24.0141210235716 3.30971433274354
425 24.1072012061054 3.31725252694723
426 24.4540964482301 3.31725250293686
427 24.2518060408777 3.30971391943011
428 24.1067726393942 3.30971430641456
429 24.1067726393942 3.30971430641456
430 24.1062842924143 3.30116659255847
431 24.1062842924143 3.30116659255847
432 22.0995623292411 3.30971409622155
433 21.1721696510837 3.30971409713347
434 24.1071042416027 3.32471769706708
435 24.1067726393942 3.30971430641456
436 24.1072012061054 3.31725252694723
437 24.1062842924143 3.30116659255847
438 26.2289931696135 3.30116658517194
439 24.1062842924143 3.30116659255847
440 24.1014639705435 3.2155615416872
441 24.1067726393942 3.30971430641456
442 24.1070640662367 3.31482478060849
443 24.0049394105982 3.3011665677885
444 24.1067726393942 3.30971430641456
445 24.1072012061054 3.31725252694723
446 24.653448454933 3.31725274702372
447 24.1072012061054 3.31725252694723
448 24.2513191516509 3.30116647402155
449 24.1072012061054 3.31725252694723
450 23.9729596370686 3.30116667131827
451 24.1073552667665 3.31990203713107
452 22.8407801073879 3.30971434337836
453 24.1062842924143 3.30116659255847
454 24.1270909742429 3.3011665486136
455 24.1067726393942 3.30971430641456
456 23.8854253308014 3.27638917749515
457 24.2513191516509 3.30116647402155
458 24.1079816367489 3.33093115084207
459 24.1067726393942 3.30971430641456
460 24.1067726393942 3.30971430641456
461 23.6259751063374 3.31725235923152
462 24.1067726393942 3.30971430641456
463 24.7877892240768 3.30971416961152
464 24.2513191516509 3.30116647402155
465 24.1062842924143 3.30116659255847
466 24.1067726393942 3.30971430641456
467 24.1062842924143 3.30116659255847
468 24.1082656192098 3.35297816661067
469 24.2518060408777 3.30971391943011
470 25.7177437289346 3.30116651726281
471 24.7877892240768 3.30971416961152
472 26.0989112995757 3.30971433260748
473 24.1899511532538 3.30971424362097
474 24.1062842924143 3.30116659255847
475 24.2518060408777 3.30971391943011
476 24.2504640978656 3.27664688246161
477 23.321345911397 3.31725247783033
478 24.4861372877579 3.30971421785847
479 24.1067726393942 3.30971430641456
480 25.0597736482048 3.30971423662852
481 24.448956250804 3.30116651972436
482 24.1062842924143 3.30116659255847
483 24.1083746662193 3.3512163571902
484 24.1067726393942 3.30971430641456
485 24.0012176473658 3.30971430027687
486 24.1062842924143 3.30116659255847
487 24.3274889497734 3.30971415955211
488 24.1067726393942 3.30971430641456
489 25.213422634267 3.30116675839462
490 24.1067726393942 3.30971430641456
491 24.1039887743806 3.26056740468606
492 25.127174976678 3.31725265276411
493 24.1072012061054 3.31725252694723
494 23.9391564554835 3.30116641376854
495 24.1072012061054 3.31725252694723
496 24.1067726393942 3.30971430641456
497 24.2513191516509 3.30116647402155
498 24.0156668709041 3.30971422470982
499 25.8167900871326 3.25973168289814
500 24.2518060408777 3.30971391943011
501 23.9319975194994 3.30971422133869
502 24.1062842924143 3.30116659255847
503 24.1062842924143 3.30116659255847
504 24.7877892240768 3.30971416961152
505 24.2513191516509 3.30116647402155
506 24.1072012061054 3.31725252694723
507 24.2518060408777 3.30971391943011
508 23.310435334653 3.30116657894084
509 24.1067726393942 3.30971430641456
510 24.1073318243926 3.31950128153511
511 24.1067726393942 3.30971430641456
512 24.1072012061054 3.31725252694723
513 24.1119660684332 3.46355056179806
514 24.7121514031 3.34758120793251
515 24.1072012061054 3.31725252694723
516 24.1062842924143 3.30116659255847
517 24.1062842924143 3.30116659255847
518 24.1067726393942 3.30971430641456
519 24.1062842924143 3.30116659255847
520 24.1062842924143 3.30116659255847
521 24.3090533847194 3.31725267881894
522 24.1072012061054 3.31725252694723
523 24.1072012061054 3.31725252694723
524 24.1067726393942 3.30971430641456
525 24.0902202021691 3.3097142930478
526 24.1067726393942 3.30971430641456
527 27.122827651061 3.30116647202464
528 24.2513191516509 3.30116647402155
529 24.4363392418508 3.30971416585251
530 24.2513191516509 3.30116647402155
531 24.2536470622952 3.34163514266621
532 24.1062842924143 3.30116659255847
533 24.1067726393942 3.30971430641456
534 24.1275793842481 3.3117705383228
535 24.1144214862853 3.29374265266776
536 21.6290771653032 3.30116692684502
537 24.2513191516509 3.30116647402155
538 24.1046127162083 3.27163500032773
539 24.1067823621888 3.30525077051532
540 24.1041420342938 3.24029883024906
541 24.1072012061054 3.31725252694723
542 24.1067726393942 3.30971430641456
543 24.1072012061054 3.31725252694723
544 24.2969919201222 3.31725273861109
545 24.3351460649967 3.31725263300223
546 24.00343339905 3.31725256054079
547 24.3347131098293 3.30971412657396
548 24.2518060408777 3.30971391943011
549 24.1076426264422 3.34045336358146
550 25.5323796835311 3.30971393757144
551 24.1067726393942 3.30971430641456
552 24.1062842924143 3.30116659255847
553 24.7872888732532 3.3011662774476
554 24.2518060408777 3.30971391943011
555 24.1067726393942 3.30971430641456
556 24.1062842924143 3.30116659255847
557 23.0548012047303 3.30971443129578
558 24.1062842924143 3.30116659255847
559 24.1072012061054 3.31725252694723
560 24.3342211922951 3.30116675404349
561 24.1073916353295 3.32056350089074
562 22.4489513673489 3.3097146656231
563 24.1067726393942 3.30971430641456
564 24.1062842924143 3.30116659255847
565 24.4856393875805 3.30116647472702
566 23.6658848876839 3.30971412408481
567 24.1067726393942 3.30971430641456
568 24.2499845697166 3.26349141901342
569 24.2521629448302 3.31583470918756
570 24.1084579685682 3.33921398126334
571 24.1067726393942 3.30971430641456
572 24.1067726393942 3.30971430641456
573 24.1072012061054 3.31725252694723
574 24.1067726393942 3.30971430641456
575 24.1072057130686 3.3173859157259
576 24.1072012061054 3.31725252694723
577 24.1067726393942 3.30971430641456
578 24.2518060408777 3.30971391943011
579 24.1067726393942 3.30971430641456
580 25.5273255305539 3.43777375833405
581 24.3342211922951 3.30116675404349
582 25.5124569248112 3.31725256857042
583 24.1072012061054 3.31725252694723
584 24.0559993914659 3.30116650602138
585 24.1500557132761 3.31725265880185
586 24.1083656263882 3.33758556227921
587 24.1062842924143 3.30116659255847
588 22.5335193976145 3.30116669767021
589 24.1067726393942 3.30971430641456
590 24.1072012061054 3.31725252694723
591 24.1062842924143 3.30116659255847
592 24.0836319454577 3.30116661794393
593 24.1072012061054 3.31725252694723
594 24.3140942863238 3.30116654234426
595 24.1067726393942 3.30971430641456
596 24.0660452223935 3.31163605761087
597 24.1067726393942 3.30971430641456
598 19.5690879021843 3.3097145459417
599 24.1067726393942 3.30971430641456
600 24.1054886315377 3.28710989465833
601 24.1067726393942 3.30971430641456
602 24.2505105906302 3.19751884130946
603 24.1067726393942 3.30971430641456
604 24.9776393957651 3.31725259797824
605 24.1070065971155 3.31387837986055
606 24.1067726393942 3.30971430641456
607 19.5628364223472 3.31725277228061
608 24.1072012061054 3.31725252694723
609 24.1067726393942 3.30971430641456
610 23.8759203788645 3.30116623714246
611 26.4444868664544 3.30971414086472
612 24.1067726393942 3.30971430641456
613 24.1067619576782 3.30963021590307
614 23.5047998600302 3.39448532858619
615 24.1062842924143 3.30116659255847
616 24.1067726393942 3.30971430641456
617 24.2522214445207 3.31688049008103
618 24.1087419495789 3.3669485217737
619 24.1062842924143 3.30116659255847
620 24.1067726393942 3.30971430641456
621 24.1067726393942 3.30971430641456
622 24.1062842924143 3.30116659255847
623 24.3342211922951 3.30116675404349
624 24.7877892240768 3.30971416961152
625 24.1067726393942 3.30971430641456
626 24.1072012061054 3.31725252694723
627 24.569895763486 3.31725248542091
628 24.1062842924143 3.30116659255847
629 24.1072012061054 3.31725252694723
630 24.1062842924143 3.30116659255847
631 24.1062842924143 3.30116659255847
632 24.1062842924143 3.30116659255847
633 24.1067726393942 3.30971430641456
634 24.106434910802 3.30378319070535
635 24.1067726393942 3.30971430641456
636 24.1067726393942 3.30971430641456
637 24.1062842924143 3.30116659255847
638 24.1062842924143 3.30116659255847
639 24.1062842924143 3.30116659255847
640 24.1070809901936 3.31521750905433
641 21.0515944593896 3.30116678590684
642 24.1062842924143 3.30116659255847
643 24.0561818628901 3.27886887530845
644 24.1067726393942 3.30971430641456
645 24.1067726393942 3.30971430641456
646 24.1068883225828 3.31175650613437
647 24.1069804062003 3.31338086140854
648 24.3342211922951 3.30116675404349
649 24.1059008362223 3.29436560391115
650 23.2887338167077 3.31725255254792
651 24.1067726393942 3.30971430641456
652 24.1062842924143 3.30116659255847
653 24.456253465016 3.30116661338845
654 24.1067726393942 3.30971430641456
655 24.1067726393942 3.30971430641456
656 24.1072012061054 3.31725252694723
657 24.1072012061054 3.31725252694723
658 25.1336978288427 3.31725258578387
659 24.1067726393942 3.30971430641456
660 23.9410484912387 3.30116661442636
661 24.1072012061054 3.31725252694723
662 24.1072012061054 3.31725252694723
663 22.3203318785441 3.31395077280506
664 23.6447296583651 3.30971403311041
665 24.1067726393942 3.30971430641456
666 24.1067726393942 3.30971430641456
667 24.1067726393942 3.30971430641456
668 24.1072012061054 3.31725252694723
669 24.1067726393942 3.30971430641456
670 24.1062842924143 3.30116659255847
671 24.1072012061054 3.31725252694723
672 24.1067992893774 3.31017560504581
673 24.1067726393942 3.30971430641456
674 24.1062842924143 3.30116659255847
675 24.1062842924143 3.30116659255847
676 24.1045043993898 3.26986712573068
677 24.1067726393942 3.30971430641456
678 24.1062842924143 3.30116659255847
679 24.7609484003619 3.30971425972082
680 24.6287832225181 3.30971413471606
681 24.6255068146644 3.30971425226018
682 24.1067726393942 3.30971430641456
683 24.1067726393942 3.30971430641456
684 24.1062842924143 3.30116659255847
685 24.2518060408777 3.30971391943011
686 24.1072012061054 3.31725252694723
687 24.1067726393942 3.30971430641456
688 22.5568379066484 3.30971478693701
689 24.7658558918235 3.33394321594317
690 24.1067726393942 3.30971430641456
691 24.1067726393942 3.30971430641456
692 23.9411145255299 3.30971435364542
693 24.1062842924143 3.30116659255847
694 26.3129658761222 3.30116670309932
695 25.3579758220763 3.30971434897709
696 24.1062842924143 3.30116659255847
697 24.1082234283556 3.33516315254215
698 23.9535539545068 3.32256962268082
699 24.1062842924143 3.30116659255847
700 24.1089655198631 3.37932943688985
701 25.6492831851664 3.30971438058124
702 24.7877892240768 3.30971416961152
703 24.3342211922951 3.30116675404349
704 24.1062842924143 3.30116659255847
705 24.1067726393942 3.30971430641456
706 24.2496240026591 3.25311698966178
707 24.2518060408777 3.30971391943011
708 24.1044664511535 3.26903493738877
709 24.1072012061054 3.31725252694723
710 24.1067726393942 3.30971430641456
711 24.106692150178 3.31274208654003
712 24.1062842924143 3.30116659255847
713 24.1067726393942 3.30971430641456
714 24.1062842924143 3.30116659255847
715 21.6204580434436 3.30971435823062
716 24.2518060408777 3.30971391943011
717 23.9963785865419 3.30971418701871
718 24.1058900995271 3.2941924953699
719 24.2518060408777 3.30971391943011
720 24.1062842924143 3.30116659255847
721 24.1072012061054 3.31725252694723
722 24.102429510674 3.23284143952099
723 24.1067726393942 3.30971430641456
724 24.2614214338811 3.30971418251209
725 24.1072012061054 3.31725252694723
726 24.1051007275518 3.2575067751616
727 21.7397260957211 3.31725249871842
728 24.1062842924143 3.30116659255847
729 24.7877892240768 3.30971416961152
730 24.9676874775624 3.3097141727945
731 23.1422800588712 3.31725267498955
732 24.2518060408777 3.30971391943011
733 24.077090003176 3.35609327321912
734 24.7879095969219 3.31311449579433
735 24.1072012061054 3.31725252694723
736 24.1067726393942 3.30971430641456
737 24.1053838435605 3.270051408867
738 23.9685305255144 3.3097140294812
739 23.9060526239373 3.31725284840122
740 24.1067726393942 3.30971430641456
741 24.1072012061054 3.31725252694723
742 24.1067726393942 3.30971430641456
743 24.1072012061054 3.31725252694723
744 24.1072012061054 3.31725252694723
745 24.2748862654833 3.30971401102103
746 24.1094096282536 3.38157090718032
747 24.1062842924143 3.30116659255847
748 24.1067726393942 3.30971430641456
749 22.0790720716552 3.30971463904989
750 24.1067726393942 3.30971430641456
751 24.1062842924143 3.30116659255847
752 24.7856526084865 3.25095933578236
753 24.1106209280111 3.4228525439196
754 24.7877892240768 3.30971416961152
755 24.2513191516509 3.30116647402155
756 24.1046440101033 3.25435986130475
757 24.1278871242023 3.30116651205816
758 24.1080220754032 3.3459028530784
759 24.1045365911304 3.24626003957084
760 24.1044347236468 3.24854592989588
761 23.9679520737634 3.28819970870994
762 24.1051437664988 3.263335237383
763 24.1067726393942 3.30971430641456
764 24.1062842924143 3.30116659255847
765 24.1072012061054 3.31725252694723
766 23.9609054514364 3.36253066784416
767 24.1056323365573 3.28964257698297
768 24.1067726393942 3.30971430641456
769 24.1053839299379 3.28521533328686
770 24.1067726393942 3.30971430641456
771 24.1059744166886 3.2869048089109
772 24.1067726393942 3.30971430641456
773 24.1062842924143 3.30116659255847
774 24.1067726393942 3.30971430641456
775 24.1072012061054 3.31725252694723
776 24.1072012061054 3.31725252694723
777 24.1072012061054 3.31725252694723
778 24.1062842924143 3.30116659255847
779 24.1072012061054 3.31725252694723
780 24.1067726393942 3.30971430641456
781 24.1067726393942 3.30971430641456
782 24.1062842924143 3.30116659255847
783 24.1062842924143 3.30116659255847
784 24.2518060408777 3.30971391943011
785 24.1067726393942 3.30971430641456
786 24.468400664558 3.27838323638882
787 24.1053164083076 3.26817205912235
788 24.3332878636279 3.26972409817464
789 24.1072012061054 3.31725252694723
790 24.1067726393942 3.30971430641456
791 24.1062842924143 3.30116659255847
792 24.1062842924143 3.30116659255847
793 24.1067726393942 3.30971430641456
794 23.2069929618533 3.31685959294043
795 24.2336202818551 3.33402082617034
796 24.1071883872213 3.31700695398567
797 23.0969524006982 3.30971410639888
798 24.7877892240768 3.30971416961152
799 24.144648838951 3.30116657037438
800 24.1062842924143 3.30116659255847
801 24.0571104529171 3.32685826646624
802 22.0991265892114 3.30116685189144
803 24.1067726393942 3.30971430641456
804 24.1067726393942 3.30971430641456
805 24.1067726393942 3.30971430641456
806 22.3431734620264 3.31725260155452
807 24.2500523730993 3.26507152652051
808 24.2518060408777 3.30971391943011
809 24.1067726393942 3.30971430641456
810 24.1067726393942 3.30971430641456
811 24.1072012061054 3.31725252694723
812 23.9176257771549 3.30116653473619
813 26.4128761731112 3.30116686724002
814 24.2513191516509 3.30116647402155
815 24.1056089127775 3.27652496342294
816 24.1075759109883 3.33285120809453
817 24.1067726393942 3.30971430641456
818 24.106231480865 3.30021414600229
819 24.1078888866222 3.34197459348725
820 24.0475169333275 3.31725262001723
821 24.1062842924143 3.30116659255847
822 24.1067726393942 3.30971430641456
823 24.0303236221815 3.30971429643095
824 24.1067726393942 3.30971430641456
825 24.2341382992655 3.3097142041185
826 24.1062842924143 3.30116659255847
827 24.7872888732532 3.3011662774476
828 24.1064948478817 3.3071809162864
829 24.1067726393942 3.30971430641456
830 24.1067726393942 3.30971430641456
831 25.1798975479143 3.31725243625312
832 24.1055094274045 3.28748223127326
833 24.1062842924143 3.30116659255847
834 23.9398530486887 3.33696723917312
835 24.1062842924143 3.30116659255847
836 24.1062842924143 3.30116659255847
837 24.3342211922951 3.30116675404349
838 24.1067726393942 3.30971430641456
839 24.2047235678557 3.3011663483088
840 24.3347131098293 3.30971412657396
841 25.8339784161772 3.30971406728488
842 24.7927383844556 3.2636391026546
843 24.1072012061054 3.31725252694723
844 24.0762141316399 3.32043231271128
845 24.1067726393942 3.30971430641456
846 24.1062842924143 3.30116659255847
847 24.2513191516509 3.30116647402155
848 24.1089375013851 3.37294660210739
849 22.6792387893642 3.30116687037427
850 24.0780244726363 3.31725302866183
851 24.1090179080757 3.37510110188259
852 24.1067726393942 3.30971430641456
853 24.1048711979106 3.27621095759222
854 24.1062842924143 3.30116659255847
855 24.1902339369037 3.3097140840667
856 24.1067726393942 3.30971430641456
857 24.1079719563366 3.33078256413017
858 24.1081408325525 3.3336803825029
859 24.1062842924143 3.30116659255847
860 24.1072012061054 3.31725252694723
861 24.2513896161929 3.2976551472152
862 24.1084934543876 3.33981889990099
863 24.2296503642438 3.30971421747069
864 24.1048309850688 3.27549891992024
865 24.1067726393942 3.30971430641456
866 22.425700815225 3.30971431295949
867 24.1067726393942 3.30971430641456
868 24.2847636319675 3.33496460029058
869 25.213422634267 3.30116675839462
870 24.1076595644996 3.32522762028943
871 24.2642869206776 3.3097141730435
872 24.0614736055679 3.31725267512013
873 24.7872888732532 3.3011662774476
874 24.1074587804722 3.32168943789708
875 24.1067726393942 3.30971430641456
876 24.6306963648494 3.30116665196109
877 24.1062842924143 3.30116659255847
878 24.1072012061054 3.31725252694723
879 24.1067726393942 3.30971430641456
880 24.2518060408777 3.30971391943011
881 24.1067726393942 3.30971430641456
882 24.1058089713548 3.28227991660028
883 24.1092282969255 3.37619439877434
884 24.1060089910073 3.28784468129495
885 24.1067726393942 3.30971430641456
886 24.1067726393942 3.30971430641456
887 24.1082855054699 3.33619270869064
888 24.1050966176477 3.26196285113016
889 24.1072905643886 3.32467761614413
890 24.1067726393942 3.30971430641456
891 24.1062842924143 3.30116659255847
892 24.1067726393942 3.30971430641456
893 24.1067726393942 3.30971430641456
894 24.1072012061054 3.31725252694723
895 24.1072012061054 3.31725252694723
896 24.2518060408777 3.30971391943011
897 24.1067726393942 3.30971430641456
898 24.1067726393942 3.30971430641456
899 24.1062842924143 3.30116659255847
900 24.2514321825608 3.30306595894001
901 24.3347131098293 3.30971412657396
902 24.7619103216044 3.30971426507601
903 24.1067726393942 3.30971430641456
904 24.1067726393942 3.30971430641456
905 23.5409348802519 3.30116638740905
906 24.1067726393942 3.30971430641456
907 26.0034815839982 3.31630518109082
908 24.1062842924143 3.30116659255847
909 24.1067726393942 3.30971430641456
910 24.1057335462501 3.27561557063694
911 24.1067726393942 3.30971430641456
912 24.1062842924143 3.30116659255847
913 24.1062842924143 3.30116659255847
914 24.1062842924143 3.30116659255847
915 24.1072012061054 3.31725252694723
916 21.7485529446852 3.35986338114817
917 24.1067726393942 3.30971430641456
918 24.1067726393942 3.30971430641456
919 24.1063909487839 3.30298947686077
920 24.1067726393942 3.30971430641456
921 24.1072012061054 3.31725252694723
922 24.1067726393942 3.30971430641456
923 24.1067726393942 3.30971430641456
924 24.1081348300248 3.33360267027744
925 24.1082888947829 3.33626399270639
926 24.1067726393942 3.30971430641456
927 24.1067726393942 3.30971430641456
928 24.1072012061054 3.31725252694723
929 24.3534641059937 3.30116651751114
930 24.1067726393942 3.30971430641456
931 24.1893927374587 3.30971423548392
932 24.1067726393942 3.30971430641456
933 24.1091254000248 3.37821595445471
934 24.1062842924143 3.30116659255847
935 24.1072012061054 3.31725252694723
936 24.1067726393942 3.30971430641456
937 24.1079320732701 3.33004639903333
938 24.1053164083076 3.26817205912235
939 24.1072012061054 3.31725252694723
940 24.7862059414384 3.27106440341287
941 24.1067726393942 3.30971430641456
942 24.1062842924143 3.30116659255847
943 24.2523609395307 3.32541673184151
944 24.1049746734496 3.27803416129828
945 24.7872888732532 3.3011662774476
946 24.7872888732532 3.3011662774476
947 24.4856393875805 3.30116647472702
948 25.0765916145086 3.30116676805042
949 23.1638525062505 3.30971397336541
950 24.24943553921 3.26801267872124
951 24.4391442670608 3.30971417772648
952 24.1072012061054 3.31725252694723
953 24.1062842924143 3.30116659255847
954 24.1072012061054 3.31725252694723
955 25.8418050517694 3.30971423488975
956 24.1067726393942 3.30971430641456
957 24.1072012061054 3.31725252694723
958 24.20846849727 3.30971415202009
959 24.1067726393942 3.30971430641456
960 24.1067726393942 3.30971430641456
961 24.1067726393942 3.30971430641456
962 24.1067726393942 3.30971430641456
963 23.4136539015995 3.30960927291182
964 24.1267918730375 3.31244932576137
965 24.1062842924143 3.30116659255847
966 24.1072012061054 3.31725252694723
967 24.0999891318162 3.18903382996541
968 26.2315488768943 3.30116673048125
969 24.4439283477961 3.31725256760572
970 24.1072012061054 3.31725252694723
971 24.7872888732532 3.3011662774476
972 24.5188094096943 3.32927101335436
973 24.1080173209205 3.3315118619473
974 24.1075623203509 3.33243924087692
975 24.1083001446305 3.33646986252295
976 24.1062842924143 3.30116659255847
977 24.1058797421786 3.30264978860384
978 24.2518060408777 3.30971391943011
979 23.7142988049073 3.30116658344262
980 24.1062842924143 3.30116659255847
981 23.0077180675097 3.30116675487827
982 22.9488577616415 3.31725296284883
983 22.747985592867 3.30116666148141
984 24.1072012061054 3.31725252694723
985 24.1067726393942 3.30971430641456
986 24.2518060408777 3.30971391943011
987 24.1067726393942 3.30971430641456
988 24.5181169042338 3.30971409701995
989 24.1067726393942 3.30971430641456
990 24.2524515066716 3.32801444809302
991 24.1068271703358 3.30652082841975
992 24.1067726393942 3.30971430641456
993 24.1072012061054 3.31725252694723
994 25.4797284616591 3.30116668988154
995 24.1057423546782 3.29159765959246
996 24.1067726393942 3.30971430641456
997 24.1067726393942 3.30971430641456
998 24.1072012061054 3.31725252694723
999 24.1067726393942 3.30971430641456
