0 8.29380947305198 5.33046142831399
1 8.30231613133999 5.36613486434201
2 8.47776471648198 5.36882427197306
3 8.2148701754306 5.36542170514291
4 8.30231613133999 5.36613486434201
5 7.39412696462668 5.37032785453107
6 8.49543484615973 5.45907103082233
7 8.2985169835686 5.29840243900882
8 8.30240569480022 5.36698685345529
9 8.12730399963739 5.34708720106836
10 8.14494279212016 5.36613553176732
11 8.12205719169614 5.31718883732014
12 7.71909304697454 5.29855781643093
13 7.92468658291204 5.35488921469386
14 8.33149943963731 5.36931738921646
15 8.335090161148 5.36494656432117
16 8.35244429033608 5.36835275984475
17 8.22421536142415 5.33487357598517
18 8.3344137835876 5.27095871341703
19 8.30230992266049 5.36607635117319
20 8.76577342291042 5.36542703904551
21 8.30231613133999 5.36613486434201
22 8.10247261856254 5.36800411093601
23 8.24890713756382 5.34500370195803
24 8.17174686861813 5.29019643421984
25 8.43110158501085 5.36613562189596
26 7.94561337952939 5.27195709994969
27 8.30241033090011 5.36703297669259
28 8.23496642544823 5.3654223163973
29 8.12557536934887 5.2714335593353
30 8.19278657231799 5.36457088971099
31 8.30250886490743 5.36800459508447
32 8.02944910233222 5.27348827379619
33 8.3293424432404 5.32038949424269
34 8.64465757315882 5.4244774959173
35 8.23628281146689 5.27528777218281
36 7.85146191581677 5.23437714943292
37 8.2324928131122 5.40987892365743
38 8.17670438545985 5.31329593207858
39 8.21051229430637 5.28011304992125
40 8.2501811124915 5.36613575597446
41 8.31389371161128 5.36654588279555
42 8.30252704615066 5.36818467005134
43 8.09039200618968 5.36613524217539
44 8.09173246024449 5.31238146679445
45 8.29578600744371 5.36613532777738
46 8.26263933635412 5.33441185529504
47 8.22387015911298 5.33359948584579
48 8.58679592278553 5.36613478834059
49 8.50248983947844 5.36613534821555
50 8.44629099260743 5.36551646708128
51 8.19057853912493 5.36613518812215
52 8.26779574847665 5.36613471574012
53 8.29116187130389 5.36447790946684
54 8.30231613133999 5.36613486434201
55 8.510463498092 5.36613553380213
56 8.18699633465862 5.368010726646
57 8.20463507875853 5.41210098771223
58 8.30247034810406 5.36762543015413
59 7.99506057633793 5.38510577504514
60 7.88583051295102 5.25266891220869
61 8.30231613133999 5.36613486434201
62 8.19713546252298 5.32558741362383
63 7.85717504593894 5.36613540977735
64 8.1233196177981 5.27095902053832
65 8.30248471978574 5.36777103967084
66 8.17671326113727 5.31334724033774
67 8.16561364878501 5.366135792974
68 8.35756169164989 5.40430653064504
69 8.30442684530081 5.36613523769617
70 8.37544697574195 5.4045177242853
71 8.18407971407749 5.36732721905164
72 8.3021521872676 5.37714301136491
73 8.11539472792109 5.3661528973111
74 8.24779263382443 5.36712203733912
75 7.97698253783922 5.36613514147953
76 8.47142349606262 5.36655268552679
77 8.00896660335309 5.36822760877153
78 8.08997777753788 5.36613505646396
79 8.18606798440587 5.31860939015118
80 8.14717683911118 5.39052558516042
81 8.15669422203869 5.37954148297101
82 8.24887536160988 5.36616264018471
83 8.27528125290681 5.34699556349259
84 8.30285904785152 5.37152849344165
85 8.14752914687234 5.28507268510585
86 8.57626763958066 5.36692850689645
87 8.09587055321623 5.26316105140923
88 7.75274094677829 5.34385362231268
89 8.01371512296081 5.33369762537742
90 7.7875855145044 5.32415913091054
91 8.30231613133999 5.36613486434201
92 8.49902902117011 5.36613514818124
93 8.32395326817001 5.39712299353475
94 8.26543051414759 5.3714313360813
95 8.30233707807381 5.3663220141845
96 8.04244747097821 5.36613386086887
97 7.43179966278084 5.39055642182722
98 8.36154712855778 5.31799087394363
99 8.55437940485318 5.36609294370011
100 8.45160487745431 5.43651554627193
101 8.30231613133999 5.36613486434201
102 8.17953593740774 5.29727764242356
103 8.40884423325879 5.36480193310314
104 5.02355952314338 5.24010929747965
105 8.30568628677787 5.36613566998458
106 8.26028700775957 5.33359966600707
107 8.18583820645086 5.28924946160588
108 8.36225328897546 5.36613612839614
109 8.26330426990912 5.3661351986927
110 8.25494365659068 5.34594867431395
111 8.54368221046006 5.36801066750668
112 7.92468658291204 5.35488921469386
113 8.0379090370672 5.36613564207236
114 8.64095309226713 5.36485610739371
115 8.44665139869559 5.36898432961233
116 8.30251023064749 5.36801984211983
117 8.64906714689895 5.36545122798151
118 8.28104660165661 5.36613565860259
119 7.91271512291659 5.28077414239255
120 8.42994511106542 5.42218452779046
121 7.63598812210495 5.26255975877545
122 8.28888463346032 5.35159009118759
123 8.25115732133873 5.33796429911218
124 8.18738204676002 5.3140885599234
125 7.80033880109261 5.36615277052339
126 7.8060712821495 5.26445786303575
127 8.45222383077896 5.38995692134991
128 8.10247261856254 5.36800411093601
129 8.32601987624047 5.36613557600256
130 8.30250886490743 5.36800459508447
131 8.41152319654852 5.41536707303736
132 8.00914842982118 5.33649455922185
133 8.28812662016488 5.36613566090663
134 8.27300645141332 5.36504884548798
135 8.33361471321647 5.31943280685212
136 8.17298614078237 5.36651371267161
137 8.2992740330885 5.40753985107042
138 7.8868026865108 5.36651453541073
139 8.57567186387289 5.36613552687573
140 8.20873938347279 5.36763903306481
141 8.17298614078237 5.36651371267161
142 8.30231613133999 5.36613486434201
143 8.21753950050437 5.33155920243229
144 8.3099547746354 5.37425371907421
145 8.4786844756887 5.36613515954457
146 8.2795079015903 5.34502776485774
147 7.24874670634242 5.16225708852406
148 8.15093426404236 5.27728470121379
149 8.30231613133999 5.36613486434201
150 8.35716588423838 5.40018733790057
151 7.8751435481113 5.20332803680343
152 8.23117527138185 5.366998613557
153 7.71086142875382 5.34373233954484
154 8.30231613133999 5.36613486434201
155 8.31437430574002 5.366134841756
156 8.09044606248761 5.36668220941427
157 8.26779574847665 5.36613471574012
158 8.15606498848138 5.424493837314
159 8.29297281761036 5.35433538794991
160 7.50867340227136 5.35480965445372
161 8.30231613133999 5.36613486434201
162 7.89415187827507 5.36601703910426
163 8.24389427918994 5.33966379181854
164 8.58141895253305 5.23386948240163
165 8.51789550309434 5.36613554018825
166 8.24241177781754 5.36717623008574
167 8.05239219274222 5.25903616550446
168 8.30944991176208 5.37728145214253
169 8.24558879599626 5.36613120708878
170 8.22899857971442 5.41665680162676
171 8.55959567897892 5.33997739578833
172 8.30231613133999 5.36613486434201
173 8.12468598195817 5.36601689420434
174 8.28641995900912 5.3661347199736
175 8.17264943159529 5.36771167211546
176 8.22100958375095 5.28133135995656
177 8.55693367797391 5.42669448418689
178 8.43955881088774 5.3968980500487
179 8.37137065121084 5.3661348024417
180 8.02716945582193 5.38138991201917
181 8.34717247969512 5.39901998158884
182 7.97200706194383 5.36791921421401
183 8.25452074916586 5.36613529110175
184 8.11368537404713 5.30696708151441
185 8.30231613133999 5.36613486434201
186 8.05065649490179 5.34764126701178
187 8.17769320639615 5.36613535493234
188 8.27245827773148 5.38826454806806
189 8.04789844409088 5.27541229927898
190 8.16016822573714 5.36613539842524
191 8.21494442538122 5.36613504855562
192 8.23247490315964 5.36613548267392
193 7.84220990584624 5.35325087893381
194 8.34917822834367 5.39792723595647
195 8.30231613133999 5.36613486434201
196 8.30248126876437 5.36773044573008
197 7.66958201351003 5.32579820576804
198 7.90454535802572 5.36225420173111
199 8.30231613133999 5.36613486434201
200 8.26301046148676 5.34398593980209
201 8.16754328008184 5.30700311951807
202 8.2762116044819 5.39487049620905
203 7.93417261541017 5.36961031407203
204 8.36241376471963 5.36800988993642
205 8.13032765071526 5.36698666879477
206 6.82279408133401 5.36681867648481
207 7.99717385067023 5.36613548567392
208 8.3128733270473 5.37684592248851
209 8.27463783060674 5.29627972405962
210 8.27771860587504 5.36858014225863
211 8.17298614078237 5.36651371267161
212 7.46270683816823 5.28830079770007
213 7.64925666528004 5.36613577595033
214 8.13050242696969 5.31943300605292
215 8.10559011335158 5.36613451068576
216 8.30231613133999 5.36613486434201
217 8.44260485707135 5.39412417014154
218 8.14099354868615 5.32543993172638
219 8.0216308230685 5.37459988943371
220 8.05876061064759 5.36613485264344
221 8.30568628677787 5.36613566998458
222 8.58431392628895 5.42612878198713
223 7.87377254216113 5.36698656188028
224 8.33559575524691 5.34024976408854
225 8.09275557163655 5.30525482420577
226 8.30236716454371 5.36661586989008
227 8.13700351595379 5.36638282955384
228 8.1233196177981 5.27095902053832
229 8.30436395806989 5.3655304351405
230 8.23516843507778 5.37103947575331
231 8.28695234415638 5.35521450924364
232 7.52103777630655 5.31350600913124
233 8.30247648337538 5.36769355379797
234 8.3056264051972 5.33701643870088
235 7.87412865310144 5.29603336262896
236 7.53761881023294 5.36613494176371
237 8.27655816250742 5.36613527485499
238 7.69649954466862 5.28824794416682
239 8.35488823491363 5.36944573909185
240 8.39038524253873 5.3705493080994
241 8.3580657007103 5.25302470753668
242 8.22856571908202 5.27894096235813
243 8.61974610791285 5.44612818890271
244 8.30231613133999 5.36613486434201
245 8.21987718389959 5.33421643969034
246 8.16346675816005 5.26293982758866
247 8.58850281973689 5.36548382763357
248 8.15084239069449 5.29321526086033
249 8.16716996661515 5.30720451564501
250 7.91778580241174 5.30906008516915
251 8.25870675576339 5.36613448635394
252 8.15537961064031 5.29596423617116
253 8.07361304020297 5.26231612763282
254 8.38994892793783 5.36949261507028
255 8.41130042387647 5.42481147120018
256 8.42196708222156 5.32142590376033
257 8.26348799427112 5.34695164609921
258 8.1563545049065 5.30115390314695
259 7.92715173513938 5.27871282150898
260 7.69450245269054 5.33809918264868
261 8.30241198018789 5.36705647626184
262 7.84908131610449 5.33101046318965
263 8.40189790991077 5.27203092151393
264 8.15562797320328 5.2968612546231
265 7.93217291944724 5.36613573559661
266 8.41273641310723 5.36630465528534
267 8.14083381215977 5.27728537233758
268 8.30226814791468 5.36565534818236
269 7.99492096698425 5.36857438353984
270 8.16250105201946 5.36613579576953
271 8.09787779939774 5.2962797888787
272 7.8286336610663 5.36613504119283
273 7.86871367096354 5.26404933478333
274 8.25044243766942 5.34094163049979
275 8.30171815357699 5.36613561819155
276 8.49724708137298 5.36613539623799
277 8.26519837283838 5.36749592604639
278 8.66669903875846 5.38903965463322
279 8.26682734747562 5.36736745473064
280 8.30223379415901 5.3653257913387
281 8.2082831281041 5.36613494497027
282 8.30236642989117 5.36660309311128
283 8.47856279946687 5.36613458730716
284 8.24018572022474 5.29551948243932
285 8.10200052169246 5.30951823168025
286 7.96042007489123 5.08922877589917
287 8.33102594173215 5.36613580489266
288 8.20789682989558 5.29977359545787
289 6.9942724301461 5.35151513476744
290 8.30231613133999 5.36613486434201
291 8.49702799664086 5.3661345211683
292 8.02299735614244 5.23919661132505
293 8.18682242999143 5.3662459777495
294 8.00190393264664 5.28930062474012
295 8.30118498403494 5.36646803376572
296 8.30224016639043 5.36539285623594
297 8.43027837123086 5.42138987092613
298 8.30231613133999 5.36613486434201
299 8.32784770361953 5.38740438058458
300 8.35893043967926 5.41399657899667
301 8.2537956790563 5.29121832272999
302 8.41428672147272 5.41719560678364
303 7.9836381187766 5.26145865835684
304 8.11932483116338 5.31657856107537
305 8.40181430069736 5.36613548542754
306 8.21735620916714 5.33124467953434
307 8.34920479977128 5.27553796624479
308 8.12985018400278 5.42467374087811
309 8.30276213273115 5.37054155984151
310 7.93386840247709 5.36626136310295
311 8.30231613133999 5.36613486434201
312 8.14088172362354 5.27770538688664
313 8.30643524445574 5.37380205245475
314 8.18828894271172 5.2985580996297
315 8.25786724045372 5.34454155575599
316 7.76948945097794 5.24082160984795
317 8.42435165047768 5.36613528354189
318 8.48519208546892 5.36593741890663
319 8.34071607498693 5.39339123160647
320 8.63797249399176 5.42366874005647
321 8.47275133733874 5.36613439675164
322 8.30231613133999 5.36613486434201
323 8.30231613133999 5.36613486434201
324 7.43429539632409 5.34385330452124
325 8.39578519677779 5.36613547963649
326 8.12713888156139 5.36613579904028
327 8.5378477061111 5.36469284151883
328 8.18951268976102 5.31963248224296
329 8.30221940214368 5.36520635754474
330 8.21715500765416 5.26761645339293
331 7.69811549887441 5.35426630905164
332 8.09870005700005 5.31219243672985
333 8.49723397734459 5.4237232138422
334 8.13740060637034 5.26605752799252
335 8.30340124757396 5.4154296469314
336 8.1309436918256 5.23485037875405
337 8.16795669000108 5.30740687360423
338 8.15654695725071 5.29732420130755
339 8.65777277141712 5.37918045934232
340 8.1214043090685 5.27095867298646
341 7.82805971697316 5.34548559784077
342 8.73930825983585 5.32543961593149
343 8.38049345712387 5.35433581609721
344 8.21427589162868 5.33045049823155
345 7.92413972518784 5.29520030119619
346 8.23850382470074 5.3378476470994
347 8.44353117741297 5.3646245622609
348 7.78634004728189 5.16767867881067
349 8.38036468838274 5.36613547896448
350 8.16833148756313 5.35772037285194
351 8.35700663705412 5.3661356321159
352 8.46235747100991 5.4477832319771
353 7.94733959222151 5.40354715218343
354 8.30239497958588 5.36688422903545
355 8.02241866759762 5.23387018973326
356 8.00144410895449 5.21405714992518
357 8.46761487922975 5.36705680389795
358 8.25308581492395 5.36543773192791
359 7.66690594895995 5.22906429688209
360 8.2591622241813 5.38403376419289
361 8.67296973288526 5.36613489122179
362 7.87357509492339 5.26641471579289
363 8.28234619302551 5.3490103972352
364 8.30231613133999 5.36613486434201
365 8.71771550952788 5.42003135826743
366 8.25227900357259 5.36849331014881
367 8.30231613133999 5.36613486434201
368 7.90888941143263 5.36613577181722
369 8.30231903759863 5.36615222039356
370 8.23752574456974 5.36613482757756
371 8.30221861422788 5.36519779804663
372 8.03658301804362 5.29095831428243
373 7.90496643706166 5.3661352626828
374 8.38993476898621 5.36613486850392
375 7.93217291944724 5.36613573559661
376 8.21635536902146 5.366158101195
377 7.77250114147139 5.36593244709284
378 8.39689322081159 5.41759423336042
379 8.20782652623915 5.36688109655791
380 8.39788368053777 5.42678992333099
381 8.37703988910457 5.3661357437037
382 7.93697632540823 5.27648709942514
383 7.98384518814902 5.2917803304296
384 8.19852257284789 5.27548254965147
385 8.13837514161636 5.27660621503634
386 8.10084911186994 5.23560357953109
387 8.4168268787859 5.36497187290619
388 8.32641189486355 5.36637590589987
389 8.05562819900886 5.36613579317265
390 8.29995420339568 5.36270574724388
391 7.61221458391024 5.36800441843146
392 8.26339881501725 5.29938335342649
393 7.60477864239316 5.3677122106007
394 8.41576891013629 5.4187599630181
395 8.30236642989117 5.36660309311128
396 8.26746528324597 5.36762185733501
397 8.2276922013642 5.39687491560861
398 8.03264425060826 5.36613555446839
399 7.94385848855966 5.31877102923062
400 8.30232547313122 5.36622295477556
401 8.3097430918847 5.36547840417572
402 8.73836199444779 5.36613523566736
403 8.33233839765091 5.38990688206214
404 8.43027837123086 5.42138987092613
405 7.7658308557284 5.36643979905589
406 8.85253022151372 5.33925379266367
407 8.18749257236852 5.36613557489418
408 8.03658301804362 5.29095831428243
409 7.81624248902429 5.36613540071832
410 8.43080271108081 5.42372191902559
411 8.45313260906415 5.44017648470527
412 8.40622847583458 5.35717191057646
413 8.15355234285977 5.36698608718144
414 8.22380259577671 5.33325665322705
415 8.42468504354743 5.36938981672713
416 8.66582510131333 5.36847999615332
417 8.06634143690188 5.36626373350072
418 7.73563968599944 5.36613528943734
419 8.41704204212987 5.4398323022416
420 8.2931321146606 5.36514547838862
421 8.4031281050629 5.32757586041698
422 8.4631278772059 5.43667100899295
423 8.16420209963405 5.36801697275366
424 8.39024628400329 5.36916335180291
425 8.23055487639811 5.27095917093345
426 8.11989676376949 5.36517570921572
427 8.40464263861856 5.36618152820305
428 7.79322692791937 5.12213817440385
429 8.26169732740023 5.36363583833927
430 8.27625121546406 5.36593267341685
431 8.01647565186122 5.36613548260586
432 8.30392548066531 5.36841052465543
433 8.07074658313592 5.33132978452359
434 8.07563362954422 5.36613553641758
435 7.94961186873654 5.25939366869683
436 8.12329842220232 5.27085957806431
437 8.19736691957183 5.30047604127272
438 8.47948219632398 5.46073011148397
439 8.01816965446447 5.27322555629343
440 8.48800881611989 5.36613462210059
441 8.30250886490743 5.36800459508447
442 8.36893880355878 5.42642233398665
443 8.34386709509052 5.36627828908221
444 8.34168677938909 5.37275643628949
445 8.23403265256293 5.26518017268456
446 8.10151783768803 5.36613534301563
447 8.30265573154397 5.36946996443221
448 8.36717969509477 5.36613565707616
449 8.3890323768784 5.36857401734007
450 8.17250207957621 5.36955813557867
451 8.40514916657729 5.36740081510615
452 8.17793930549376 5.36607992373946
453 8.0147309251289 5.33911941769655
454 8.4826637458185 5.36692930818252
455 8.14762802796506 5.28614231890535
456 8.17632711734692 5.30974119361439
457 8.01918223086119 5.33312941617464
458 8.03547942939671 5.24188950276855
459 7.90713582638164 5.37599200973098
460 7.84856841176485 5.36613530971075
461 8.48635344436826 5.36812862674695
462 8.13027766309022 5.36613482904153
463 8.30231613133999 5.36613486434201
464 8.42632828984209 5.34910181893455
465 8.64592703536593 5.36613582761142
466 8.30287316308467 5.36613533529695
467 7.85984565210423 5.36482344209926
468 8.32958628505945 5.39191355319247
469 8.04021810615986 5.36617154936962
470 8.37367359777136 5.40653483610405
471 8.24127818292612 5.36613506155646
472 8.26063852670062 5.20350029908391
473 8.43659159365686 5.36827559513777
474 8.30231613133999 5.36613486434201
475 8.65091169267934 5.42449466614003
476 7.95203224700408 5.25545575177691
477 8.17578067428852 5.20642539043688
478 8.02290836730188 5.20203972366932
479 8.33999578571238 5.28370378848408
480 8.07495098223198 5.37085061666972
481 8.44635461968232 5.3661350712306
482 8.28705992666375 5.35073818453297
483 8.22524964462668 5.36660319526408
484 8.26996316161325 5.27728459254504
485 7.99192272519223 5.17335062131681
486 8.10852546109454 5.36613476649703
487 8.25018008653632 5.36613574095014
488 8.26894406479447 5.36694637853486
489 8.43110158501085 5.36613562189596
490 8.62682437224605 5.40215891923029
491 8.04381990390311 5.36868090097753
492 8.23814829261484 5.36613530376248
493 8.33877731314239 5.36613534536989
494 8.03648336594371 5.3661351423319
495 8.02930128078474 5.36604000865788
496 8.43395952721395 5.36596760369985
497 8.39299381359291 5.36544917770021
498 8.30250886490743 5.36800459508447
499 8.27118511643084 5.43390357332765
500 8.35405671980922 5.37152847646012
501 7.99562622434489 5.36613571106072
502 8.436679851753 5.36661375817988
503 8.28850645600371 5.3661350253125
504 8.12732414963338 5.3670558545389
505 8.27112305350188 5.36613563363883
506 7.76069800232823 5.11465251353161
507 8.17671326113727 5.31334724033774
508 7.96604122142467 5.36613483864809
509 8.2672526006025 5.3484191709131
510 8.18768645565941 5.31943261681211
511 8.35837299126731 5.36613565329474
512 8.30250734525353 5.36798532580859
513 7.92708385876215 5.35513240312619
514 8.3838761595584 5.39753151833013
515 8.13428451080888 5.26674892143304
516 8.04457170675084 5.36763910209254
517 8.26036818743794 5.3966016514964
518 8.30231613133999 5.36613486434201
519 7.93107444384812 5.24784803821394
520 7.87267711706231 5.20304391348696
521 7.12356409312274 5.28657492676772
522 8.30228564038794 5.36583667836466
523 7.83932613234935 5.36488175357481
524 8.35175138384642 5.39904755618664
525 8.26048253590438 5.34227554099073
526 8.17822115151652 5.34341243700417
527 8.48217059458696 5.36870434530167
528 8.22471753649235 5.36661081719734
529 8.39705552391619 5.28011292776146
530 8.06973181351309 5.22366633232208
531 8.31830302153158 5.36741605677492
532 7.64680340207067 5.28614273456091
533 8.18755032072615 5.4274572246974
534 8.35960161964045 5.36613566839987
535 8.02251777018423 5.2347687627468
536 7.56877612224935 5.27894111161079
537 8.24037278486663 5.24629983404228
538 7.51500926080554 5.3344126428396
539 8.2796757210264 5.25615643435557
540 8.30231613133999 5.36613486434201
541 8.31095486272084 5.37479024044913
542 8.39123573278886 5.36882473011569
543 8.01819422223248 5.23995763937171
544 8.15602433116884 5.29677083760907
545 8.30086099478492 5.36354863487972
546 7.73076784374584 5.29429461966538
547 8.56180635648782 5.34815069767122
548 8.1898116555564 5.36613559698786
549 7.94136316670674 5.18337179490422
550 8.22876880027991 5.27916606531747
551 8.12723505981823 5.36613572639588
552 8.08264268231111 5.28356194886019
553 8.09039200618968 5.36613524217539
554 8.47179046161965 5.37464773100196
555 8.33706007913652 5.38267224375162
556 8.30231613133999 5.36613486434201
557 8.30689284633066 5.37126167006958
558 8.30231613133999 5.36613486434201
559 8.30239363247873 5.36636747438176
560 7.92085215241131 5.36613591288418
561 8.3448954644346 5.33793203429935
562 8.12726670443141 5.26508408293666
563 8.0149001840218 5.26488100019371
564 8.21346069891942 5.3670612364675
565 8.30231613133999 5.36613486434201
566 8.1802703448574 5.36613538533429
567 8.29206135415057 5.35759065988796
568 8.23794664086341 5.36613521951314
569 8.26290711288362 5.35817674113291
570 8.07244464908955 5.29855780690173
571 8.22673851138846 5.36806123598076
572 8.23038785709333 5.36613589649949
573 8.29798972771563 5.36043532707669
574 8.34281382136531 5.39408619507301
575 8.30231613133999 5.36613486434201
576 8.30230790681411 5.36606263312405
577 8.49334214212848 5.36613515157741
578 8.22377576824925 5.33312124976049
579 8.49975296811177 5.40095220064154
580 8.30232547313122 5.36622295477556
581 7.92603332297017 5.1776907617666
582 8.14165925875072 5.27796941347609
583 8.06727638530915 5.40992582970413
584 8.3884102095544 5.3653935101819
585 8.3584367867643 5.40011364837024
586 8.04244747097821 5.36613386086887
587 8.38427521762845 5.36551526834918
588 8.30231613133999 5.36613486434201
589 8.22538929832359 5.32171032078207
590 7.94408242804667 5.36698672431188
591 7.80696959239791 5.24188917722586
592 8.30231613133999 5.36613486434201
593 8.15240221243139 5.36613547440874
594 8.19212942740424 5.36613496356078
595 8.30231613133999 5.36613486434201
596 7.87053201451169 5.25885504981533
597 8.05044470285109 5.2213671669196
598 8.45599644862337 5.36704285220894
599 8.44844234700508 5.42898721243365
600 7.97435755924278 5.34322615309578
601 8.15847074241579 5.36613569000042
602 8.32811460169761 5.40216386678328
603 7.43112969652389 5.29624017643388
604 7.80711065400358 5.36613570935492
605 8.29179085940807 5.2918567666208
606 8.09139382626005 5.27526299768674
607 7.95242112668595 5.3910870254855
608 7.82797780086519 5.25014071582362
609 8.37035308569626 5.3694926079636
610 8.29284710189685 5.31658597471259
611 8.28688522038053 5.37598336844956
612 8.27842842567861 5.36613518050916
613 8.14981820716565 5.28928146246832
614 8.32142232664694 5.38333299554504
615 8.27258717646166 5.36613502045354
616 8.23773333437318 5.36857315639833
617 8.59353022044485 5.37333002615954
618 8.09039200618968 5.36613524217539
619 8.24044790559303 5.31116793234239
620 8.29303680355355 5.35439177495334
621 8.44419834402278 5.36613547009337
622 8.40378707829328 5.29305509758155
623 8.14306404236266 5.28113632037101
624 8.47182526501893 5.3988873349099
625 8.40253502796579 5.36800416209042
626 7.91060142599133 5.23421564829994
627 8.06525493913098 5.25570452168266
628 8.16100491266002 5.36613517983267
629 8.51713493635615 5.3008400810509
630 8.09039200618968 5.36613524217539
631 8.21574772879594 5.33013773246823
632 8.84818874279228 5.36613513555454
633 8.19536144371035 5.3661347421872
634 8.30269507566188 5.36986762975085
635 7.83653092803823 5.17638164561831
636 8.34199490877441 5.42181543609295
637 8.21629249494994 5.36553425896858
638 8.1497348438259 5.32659646428058
639 8.39795486400632 5.37005370216879
640 8.30231613133999 5.36613486434201
641 8.41282882607909 5.36553806670312
642 7.75927532955131 5.36745345695145
643 8.23364496446782 5.33826622795714
644 8.30240605680091 5.36699415551884
645 8.02661313339107 5.33681866623976
646 8.25745060802032 5.25094097366339
647 8.3108739172248 5.37411169720777
648 8.30229801137462 5.36593771836813
649 8.20116189845467 5.37066673600278
650 8.23108470354595 5.36613431869478
651 8.03838468696146 5.21992973805457
652 8.46871571798168 5.36613550222156
653 8.30231613133999 5.36613486434201
654 8.19671664032748 5.36920892793687
655 8.44397362100215 5.31573612926739
656 8.16021574369752 5.36661576320451
657 8.08733397457747 5.39796988113407
658 8.33218939026561 5.27639076286809
659 7.88252387490471 5.36661542792967
660 8.27967616309107 5.36556657229882
661 8.08197405020944 5.3661355578791
662 7.85735391979398 5.36812867067936
663 8.24014735459778 5.33312945982429
664 8.24191951876997 5.27348821391212
665 8.30231613133999 5.36613486434201
666 8.30231613133999 5.36613486434201
667 8.28365716297684 5.36497588712652
668 7.99342013095876 5.36613480549986
669 8.18188379720882 5.36189632489311
670 8.30231613133999 5.36613486434201
671 8.30231613133999 5.36613486434201
672 8.12723505981823 5.36613572639588
673 7.62378241760833 5.37678374868858
674 8.269074328531 5.3472988395241
675 7.81280987891707 5.23585827641949
676 8.30251400793946 5.36806140023172
677 8.14981820716565 5.28928146246832
678 8.40897387103599 5.41591149745287
679 8.1913628789055 5.3661355646733
680 8.32177146072427 5.36613512308269
681 8.28693968326629 5.35512082616962
682 8.21098529406271 5.32928877611562
683 7.93214155829194 5.36613443567442
684 8.30247540310314 5.36767238329814
685 8.30231613133999 5.36613486434201
686 7.9712127309921 5.32473909416322
687 8.2262238273551 5.36613553922678
688 8.30231613133999 5.36613486434201
689 8.15779024074508 5.29898073173462
690 7.94183305880152 5.28928214984659
691 8.35641519763107 5.38333428170209
692 8.30255706116385 5.36847738739765
693 8.21635451709614 5.36613436932062
694 8.20927930099914 5.3364227731083
695 8.24327362070742 5.35303348594822
696 8.30280315983332 5.37098335667605
697 7.70280439434059 5.34651381197206
698 8.59509485328279 5.4294944244345
699 8.22411116026215 5.34668371831236
700 8.18244669727797 5.36613550423873
701 8.05156241088555 5.27212825318439
702 8.09039200618968 5.36613524217539
703 8.29746521284826 5.36819867190685
704 8.73072394682449 5.36613550078896
705 7.99053052623986 5.38032688517686
706 8.44395838292707 5.36613550133082
707 7.68007266658613 5.2477887557855
708 8.32142232664694 5.38333299554504
709 8.30231613133999 5.36613486434201
710 8.22396051566614 5.42138987186117
711 8.29590799437206 5.35758893082708
712 7.79399788635031 5.12213831241545
713 8.30231613133999 5.36613486434201
714 8.41871150358286 5.36613533002366
715 8.25700423495688 5.37558106495607
716 8.27106472095785 5.35317047320537
717 8.3473784568419 5.39712326089422
718 8.3414485813006 5.26740865009164
719 8.2997464770919 5.40462255499934
720 8.30491356186091 5.3661349767976
721 8.48826076615323 5.36957272835568
722 8.42966267871883 5.41585917615041
723 8.46691180061795 5.40593462735809
724 8.0194615633934 5.36613554796146
725 8.09400620397014 5.38817590293294
726 8.30231613133999 5.36613486434201
727 8.48089271232627 5.37055541587308
728 8.20174613812904 5.33560525219292
729 8.08417000121714 5.33646519387923
730 8.14126257813165 5.27843828725294
731 8.40683705573938 5.41539540476363
732 8.38503721077282 5.35754085306999
733 8.27801532546719 5.35348183401857
734 8.23769040832632 5.33762617712715
735 8.34470600767929 5.3661350300087
736 8.30774910569392 5.36822574954927
737 8.11157863001085 5.28866380212491
738 8.30213338980421 5.36438525233531
739 8.53398065081763 5.36613514223037
740 8.20302415825861 5.36613451366641
741 8.24696245635477 5.34006724804402
742 8.09575558308475 5.36613448396075
743 8.30224911252574 5.36547835170645
744 8.11182244518411 5.26359606464601
745 8.77471161721274 5.36613529536771
746 8.30231613133999 5.36613486434201
747 8.16673056597982 5.29686217389568
748 8.35925380281011 5.36318153603069
749 8.30231613133999 5.36613486434201
750 8.05304289347581 5.36857405417503
751 8.29254714252718 5.36613585567552
752 8.10669876299355 5.30052155567612
753 8.57084133235277 5.36705728923661
754 8.10945582124304 5.26761632725621
755 8.1930101033612 5.36613519224597
756 8.39829944429547 5.41329830742318
757 8.30231613133999 5.36613486434201
758 8.38993476898621 5.36613486850392
759 8.20763863735533 5.36613603356911
760 8.1657048021406 5.26468556571635
761 8.3986017048493 5.44163928641899
762 8.38036468838274 5.36613547896448
763 8.00373968665678 5.31813087340859
764 8.28679671615303 5.36613539374658
765 8.52663852583301 5.36609293341645
766 8.2496070214587 5.36539301732172
767 8.4065930389547 5.39025489089275
768 8.00147930236779 5.36518560213358
769 8.17211849746221 5.36613558887369
770 7.865534482542 5.35680210857491
771 8.12547526359013 5.27091931668766
772 8.54748405264759 5.34617276397404
773 6.80076902877452 5.36613476096506
774 7.71999965378247 5.272196881677
775 8.36085138241131 5.42178378342225
776 8.21703235539059 5.36613574389629
777 8.23814829261484 5.36613530376248
778 8.27982313510542 5.40470821343878
779 8.30231613133999 5.36613486434201
780 8.59431970403338 5.36547900852838
781 7.70701924407036 5.36884303262823
782 7.89942516343267 5.34840512678136
783 8.43460912486139 5.36613552567091
784 8.16868591880166 5.36613548954584
785 8.30753579165077 5.36613542142522
786 8.30232285642762 5.36619194067003
787 8.42867268337359 5.36584056496714
788 8.1274160848672 5.36800428531149
789 7.87369563902361 5.36613565076584
790 8.22857292607037 5.32407131598298
791 8.40044063177114 5.41383233171592
792 8.14852261892818 5.29661319569217
793 8.06956541083038 5.39684658324346
794 8.60661627875118 5.44650531191789
795 8.12665022903913 5.27673252470881
796 7.74382359737823 5.33251271771456
797 8.15296152193629 5.37714696703824
798 8.30231613133999 5.36613486434201
799 8.32070853529381 5.3868372143797
800 8.19702469366666 5.3661354911021
801 7.85644587420806 5.4083596732982
802 8.08741731456231 5.26188406983986
803 8.15541783299579 5.29611569708228
804 8.13951321544926 5.27639049797016
805 8.31135693131926 5.37552856060751
806 7.98670905356227 5.31329618161763
807 8.1233196177981 5.27095902053832
808 8.30251792080067 5.36809728248028
809 8.30227633526211 5.36573207312686
810 8.3466629562856 5.28928174451878
811 8.17395494752454 5.35715305256097
812 8.15590846542354 5.29664638471421
813 8.52595728643102 5.42521370620378
814 8.15099241581567 5.38559520732828
815 8.57587206944506 5.36613592359475
816 8.48292549852417 5.36613455127851
817 8.30231613133999 5.36613486434201
818 8.46591557448235 5.40863983898959
819 8.21601512369224 5.33104635393744
820 8.30226394085818 5.36562300017243
821 8.46820566366765 5.36957211811411
822 8.07232563537362 5.26719337343997
823 8.06324337806578 5.35986358048257
824 8.29108429367004 5.35287384930521
825 8.37522961087493 5.31151632609454
826 8.30231613133999 5.36613486434201
827 8.29903310979403 5.36613513587048
828 8.19926568801347 5.32473873259712
829 8.30235494394343 5.36649861826803
830 8.22762148952947 5.30282848294981
831 8.02842261552745 5.27220925194839
832 8.33861785950014 5.39664502331717
833 8.40694460934756 5.39965955818082
834 8.12472015148838 5.36638048051892
835 8.27321117408526 5.35512079834945
836 7.80570970188447 5.3247388254427
837 8.23108470354595 5.36613431869478
838 8.21601512369224 5.33104635393744
839 8.37654126250282 5.36857317184211
840 8.55699479677688 5.48128058750809
841 8.27840037818477 5.34094141227763
842 8.19946629824169 5.36763924084917
843 8.06954140718605 5.32882923302435
844 8.14878995575606 5.28653083609366
845 8.58679592278553 5.36613478834059
846 8.16907000358031 5.35523822849029
847 8.14794612168788 5.28971748820785
848 8.36839141405292 5.36464625306891
849 8.30231613133999 5.36613486434201
850 8.17618056466171 5.31301752667894
851 8.08733397457747 5.39796988113407
852 8.06963086037459 5.23459091647434
853 8.34749186090697 5.43115654292815
854 8.57875756136884 5.36613564728376
855 7.91070918732105 5.23523276386564
856 8.30242659470508 5.36719328915673
857 8.17800078935078 5.26607139354528
858 8.21896597080092 5.35744141231313
859 8.30312400188472 5.4210604886897
860 8.3534833963761 5.46865916227679
861 7.66970267531199 5.23386948687889
862 8.22173956256804 5.36613511786297
863 8.24427342312335 5.34478854869344
864 8.33898604079331 5.36613515722603
865 8.05265176843259 5.45198499326658
866 8.16494611469329 5.36553400522252
867 8.01225833311855 5.36619203937149
868 8.05304354879081 5.25013227910465
869 8.3022956783879 5.36592808851429
870 8.3023655663551 5.36660164732093
871 8.30231613133999 5.36613486434201
872 8.30231613133999 5.36613486434201
873 8.06980907391356 5.24708119818626
874 8.18661114234864 5.28928141272682
875 8.4698462998588 5.45755649239246
876 8.21241837536738 5.41364790618584
877 8.59431970403338 5.36547900852838
878 8.26179769160185 5.36613545890406
879 8.14323332413162 5.36613597253705
880 8.15593392511242 5.29838691718321
881 7.81577214323962 5.37087525203137
882 8.57966793410181 5.36799736635777
883 8.68153589835156 5.36613575334803
884 8.17960500017169 5.31507478056969
885 8.0692361634389 5.32861410438439
886 8.54927999173067 5.39947650835729
887 8.16235002232098 5.27595717586663
888 8.05965692181932 5.24637917576472
889 8.19177058045761 5.3661350204093
890 8.41738911071503 5.36773059469954
891 8.31424117021727 5.36613480382397
892 8.16875851979743 5.36689474448802
893 7.99261766748 5.2589774811778
894 7.76866871484797 5.36607946077968
895 7.86633313139473 5.36654209043498
896 8.35960161964045 5.36613566839987
897 8.07496347520197 5.35042239902826
898 8.54424793860608 5.36812818608369
899 8.20290617355909 5.2708592889365
900 8.16178696895639 5.3661359480242
901 8.1456614173191 5.40109284329947
902 7.75855058392751 5.3490779905141
903 7.5435832629351 5.34385359721259
904 8.43283367728771 5.41062508347636
905 7.87093838239652 5.33629758977603
906 8.35215159572152 5.39907379146339
907 8.15356301400132 5.29940282035685
908 8.30231613133999 5.36613486434201
909 8.23434671769689 5.17561375187507
910 8.28552778892844 5.34831522930066
911 8.27987997958283 5.4098784224578
912 8.24555110180319 5.40393907562218
913 8.38036468838274 5.36613547896448
914 8.27440385495213 5.40127363524678
915 8.28695234415638 5.35521450924364
916 8.11990934877958 5.35490022242026
917 8.28390085330008 5.27894098040143
918 8.27731744047059 5.35140819275529
919 8.52225435666712 5.30781187367998
920 7.91682251880188 5.33507153574875
921 8.23285097719847 5.37424754372519
922 9.01435399756275 5.3792859319859
923 8.20082171476331 5.31647216111365
924 7.79419476070786 5.30175081827777
925 7.97058308378393 5.31943215528742
926 8.46028111776272 5.44818173078801
927 8.36290733754447 5.40285319390203
928 8.30231613133999 5.36613486434201
929 8.41014652421349 5.3661356114905
930 8.59600643534291 5.45440796875018
931 8.65671796386788 5.36613541365158
932 8.37959916806116 5.36613571220196
933 8.15774698055005 5.29855861520789
934 7.79116377223173 5.36613547349421
935 8.12357740318726 5.27219537897243
936 8.31554686476109 5.42408715410475
937 8.3497912451998 5.36613549025863
938 8.09155652457987 5.28148886840557
939 7.93820568687952 5.36613509022635
940 8.03081415157447 5.36613575410192
941 7.9989241090794 5.37640167040033
942 7.95706220786052 5.18717639306022
943 8.01400024356768 5.22733704780032
944 8.36865227012808 5.36613544508554
945 8.02964666963034 5.24320264580585
946 8.30231613133999 5.36613486434201
947 8.23082682639247 5.36613485440003
948 7.49109787737283 5.38333369547603
949 7.1772720328232 5.34385263246627
950 8.54650506816049 5.40593338761847
951 8.30648988096583 5.36981218352747
952 8.09039200618968 5.36613524217539
953 8.35138396466551 5.36613539831425
954 8.18827049937925 5.31972364794566
955 8.30231613133999 5.36613486434201
956 7.58490028856439 5.34618087636335
957 8.4790526988677 5.36613567653158
958 8.2741250269646 5.34559429503645
959 8.3022553416807 5.36554003989572
960 7.53848777813346 5.34385317552458
961 8.07897324434487 5.25939310410774
962 8.32401124481098 5.36613551620762
963 8.42907198982834 5.36523104564855
964 8.54085508333192 5.36613576612334
965 8.3028139576689 5.36836775030254
966 8.25609772628311 5.35553905286987
967 8.79034485446192 5.38274468611346
968 7.71677642826421 5.26519908661008
969 8.09039200618968 5.36613524217539
970 8.48367093502715 5.3661355295022
971 8.17585377606692 5.34676545678586
972 8.3230178422724 5.31943272308124
973 8.18536853365177 5.36613531371857
974 8.23644607769895 5.36978955251219
975 8.11110380314443 5.27095893522422
976 7.82835217891503 5.32732256407324
977 8.88148585778551 5.3677083670083
978 8.28189536374272 5.28995688363322
979 7.75055038994942 5.36790512169123
980 8.19350052089764 5.36613587777526
981 8.18106902777514 5.36895710594678
982 8.2874066866433 5.35088949196227
983 8.09585099843288 5.26018298889871
984 8.12746947908037 5.36857327867953
985 8.2129033163607 5.36613491347834
986 8.37072303126171 5.36802016234705
987 8.48061715764451 5.36613563223359
988 7.98652842120338 5.40923704421718
989 7.7988989734014 5.23421618848539
990 8.18818802294104 5.31607894131281
991 8.04220316438234 5.17812557978845
992 8.49474642160454 5.40009202742026
993 8.30256586293476 5.36857326466942
994 7.81950119073788 5.36613574450221
995 7.85768886275403 5.44174716523697
996 7.95375729862573 5.36613546459042
997 8.15580534465068 5.29908265306013
998 7.05107515041042 5.36613470090926
999 8.26148600069906 5.33997759805733
