0 6.06526447689932 1.91761601223358
1 5.96022085206111 1.89138763096816
2 5.87217924138485 1.85915483200149
3 6.14301935882283 1.84569224123832
4 6.07350079341516 1.76697515094682
5 6.02717620425627 1.82065502536357
6 5.99884548477641 1.86565535298789
7 5.97427988430075 1.8456924340712
8 6.09116305499582 1.8456924451079
9 6.11419199444526 1.83696401793215
10 6.00902019891832 1.81167691114358
11 5.95495631695118 1.82938163899994
12 6.05221124037065 1.84569242630833
13 6.00910864509616 1.83179443393538
14 6.0090143556225 1.80396115475057
15 6.01020818693034 2.07757053110428
16 6.17557591295083 1.94467572998324
17 6.08676003957258 1.88305825845183
18 6.00941250151381 1.91260470825907
19 5.95975166973792 1.94436552411992
20 6.00928430236759 1.88081435358944
21 5.98095810394691 1.84569237997264
22 6.07475902375443 1.94496793690737
23 6.00901294613081 1.80380247192759
24 5.94760042726941 1.83270979738994
25 6.00364230581575 1.84569234824926
26 6.01729612804141 1.92325603611896
27 5.98182647021952 1.80592709811436
28 6.0091105491587 1.83232411752394
29 5.97403164968376 1.87071556819117
30 6.15897310212523 1.84569245626564
31 6.07089664257633 1.86272882178831
32 5.94755238710559 1.84569241217794
33 6.06262629023748 1.84569221998325
34 5.89715113364266 1.84569245168339
35 6.00913819405349 1.84036107487904
36 6.00953323812129 1.94465115191797
37 6.04799687299697 1.90694169210065
38 6.00915657519802 1.84569240723141
39 5.99907527612926 1.85887984695403
40 6.13704241212242 1.86473294073556
41 5.79364672333911 1.86777756539148
42 5.9065925206925 1.82150952580062
43 5.95126333799432 1.94109605989287
44 5.85657213839949 1.8074386244428
45 6.00915657519802 1.84569240723141
46 6.0092707684631 1.87504824997036
47 6.00923937099058 1.86686733117329
48 6.02119030807862 1.80704423627105
49 6.10770609427917 1.81317198772202
50 6.09336158266634 1.82867708416075
51 6.00896694235364 1.79024551440697
52 5.92605694237554 1.84569230966225
53 5.89398225162545 1.84569242601221
54 6.00915657519802 1.84569240723141
55 5.9648436431019 1.84569242300728
56 6.10750595544334 1.84889849435857
57 5.98779460666353 1.84569244211852
58 5.97684870810929 1.84275684437215
59 6.00915657519802 1.84569240723141
60 6.00968450195865 1.99131147688764
61 6.00099813841831 1.84569232399726
62 6.00902602054193 1.80764188747578
63 6.0043374993664 1.84569244282489
64 6.00917517013753 1.84636992331651
65 5.97187521366289 1.81430984206389
66 6.05468268163069 1.84569225723729
67 5.95195068585843 1.82180938900332
68 5.88774454094902 1.84569245070144
69 6.0873806699565 1.81446624554911
70 5.96782274435468 2.09392077859137
71 6.00915657519802 1.84569240723141
72 5.96865475931189 1.80622088470732
73 6.11324371063946 1.8782913231634
74 5.97526778302047 1.82876286253497
75 5.98245708945076 1.84569244755906
76 6.02624147510139 1.84569246054943
77 6.08345024242389 2.14291534251436
78 6.21455718525372 1.84569242225223
79 5.96934761963038 1.80252881017202
80 6.20573721180059 1.83539677306548
81 5.97779649775578 1.91481673175064
82 6.01927123235089 1.98621400937233
83 6.00910470085997 1.82771739070708
84 6.17491505529101 1.84569245513937
85 5.78821322864089 1.92407885855077
86 5.96237607817242 1.88164776490822
87 6.01726739508017 1.80935862753556
88 5.96924404526957 1.83403135032034
89 6.06259642133866 1.89990552380855
90 5.7240882307097 1.80415943803525
91 5.86513088408122 1.91950326012735
92 5.93892883510825 1.9395516936978
93 6.01295892763234 1.90658895068853
94 5.83072432815691 1.97188874806472
95 6.13900634697494 1.89811218126966
96 6.00926118928042 1.86957124237028
97 6.00967047581949 1.98721736135419
98 6.0091367854529 1.83997280789743
99 5.97267382580759 1.81009860819584
100 5.96247295442006 1.8456924546588
101 5.86257538599551 1.84144737386056
102 6.00924132516505 1.87003438525953
103 6.00915657519802 1.84569240723141
104 6.2045243047443 1.87878051058585
105 6.00907175075097 1.82103114666024
106 5.9073617133613 1.9881257035188
107 5.92025845404962 1.84569233169561
108 6.00937537588168 1.9015236663274
109 6.13531944028016 1.97039026497436
110 6.00952094000187 1.94467031659457
111 6.00928568019663 1.87898519444225
112 6.0426294555341 1.86541932910773
113 5.83959908022219 1.87970859572526
114 5.97517098226229 1.84569238316007
115 6.20556575472472 1.78673932495884
116 5.81753028630881 1.7616772868612
117 6.0092126784493 1.86184364677988
118 5.99684490837721 1.86068603794091
119 5.8143692485441 1.87127781139924
120 6.11094977955476 1.95216211599707
121 6.00592342041426 1.79071656948032
122 5.41520479898912 1.8372509004361
123 6.06412031177932 1.76566177759654
124 6.06616090406154 1.84569239395587
125 6.10034721295371 1.81837357287235
126 6.07129766710921 1.84569234413223
127 6.00909915794786 1.82901858075911
128 6.05584081092585 2.13341473834363
129 6.00931590958519 1.88697275047684
130 5.93892531472342 1.78793682921764
131 6.06720287883936 1.94833605509162
132 5.9551080614561 1.8456924602922
133 6.09781696754365 1.88102186205621
134 6.11468414543739 1.76221123265162
135 6.00910528528827 1.81892689693366
136 6.00903476770618 1.81559714301654
137 6.12278052013229 1.84569243848887
138 6.00915657519802 1.84569240723141
139 6.00953291247048 1.94661964935065
140 6.00920015764901 1.85822202939651
141 5.98089024676072 1.85144488422361
142 5.99151799880353 1.84569244384274
143 6.00915657519802 1.84569240723141
144 6.00915657519802 1.84569240723141
145 6.17511121212457 1.89546092349893
146 5.98195049378397 1.84569241545309
147 6.00915657519802 1.84569240723141
148 6.00911805708922 1.83450419629825
149 5.91332179510508 1.81883831942921
150 6.05798392703705 1.84569243024774
151 5.58578045046657 1.85186185008199
152 6.00913067449201 1.83888227579869
153 6.00950428324829 1.93798961943939
154 6.1635642421493 1.84569243384117
155 6.00906501673582 1.8226608778669
156 6.00892644754734 1.77829715337454
157 6.00915657519802 1.84569240723141
158 6.05340845114382 1.90658895749153
159 6.00915657519802 1.84569240723141
160 5.99865829985271 1.84569246076529
161 5.92122061626444 1.84569228028237
162 6.07950360145268 1.89228634494857
163 6.0197033070454 1.84569232329854
164 5.60438152973416 2.01919990903045
165 5.9187222614757 1.85484355734935
166 5.97803576086183 1.80091892949562
167 6.00908873299581 1.82597969364048
168 5.96258526286117 1.78619829387347
169 6.00904296511389 1.81260277839827
170 6.01218910813104 1.7877542070796
171 5.79049647742662 1.8447935272863
172 6.10650679968002 1.81246107144211
173 5.7994551102399 1.84226310232289
174 6.09411200437008 1.84569246143207
175 6.06781239768872 1.72904817339565
176 6.20577382485289 1.84569242694994
177 6.00364230581575 1.84569234824926
178 6.02684191756498 1.84569239958127
179 6.00301784833697 1.84569245376474
180 6.07915586392192 1.84569245368708
181 6.48782476075436 1.79721406510563
182 6.21254757299456 1.84569233027019
183 6.00977627757436 2.01919999351772
184 5.88738660055719 1.87878046162064
185 5.96662418182342 1.91841493339116
186 5.98311607135585 2.13257053513184
187 6.07484050324329 1.93182651494215
188 6.03609175472942 1.8456923291328
189 6.02756547967927 1.97729368663403
190 5.99529634151076 1.77944810494831
191 5.96607086072477 1.94529177218606
192 5.9883484379948 1.84569237866334
193 5.78639214009181 1.84744601273174
194 6.00934062677785 1.89134645524972
195 5.98475070269608 1.80743861452251
196 6.0077269278787 1.84569243331897
197 6.0097909383275 2.02370544812378
198 5.98321508016795 1.84569242801151
199 6.02892762547192 1.81716689916529
200 6.00894418785123 1.78351374225314
201 6.08124310155721 1.84569238356699
202 6.00910444239306 1.83053766011478
203 5.98495114744668 1.80040689092822
204 6.08108975542574 1.84569240497881
205 6.00456375173279 1.9065888827542
206 6.0070925851592 1.92139213125137
207 6.00915657519802 1.84569240723141
208 6.06366262350056 1.98812560861753
209 6.02095853635106 1.8376256975533
210 5.87130638411503 1.85049402867359
211 6.00629283804558 1.97188884763554
212 6.053902926396 1.84569241770228
213 5.8571482291472 1.84210233423793
214 6.12260167035932 1.74487979836663
215 6.09885984576545 1.79885366431007
216 5.95852854890269 1.81158662002437
217 6.00907415307792 1.82173471209092
218 6.00913380240071 1.83910488406273
219 5.91878847937515 1.87178272927212
220 5.96240340741041 1.84569242341118
221 5.80124749962354 1.82568547275712
222 6.00920760435717 1.86040849847129
223 6.11200694557031 1.84041905251626
224 5.748013994968 1.81423780701714
225 5.99151799880353 1.84569244384274
226 6.0019899196213 1.91385953021951
227 6.00906570685765 1.82312911173777
228 5.96948683837867 1.8464025445493
229 6.06253556980242 2.03181752208624
230 5.78435745521105 1.83659305283694
231 6.02153592923663 1.85480953998835
232 6.01913650354065 1.84569232146309
233 6.02090312114048 1.86536469679239
234 6.02738750266427 1.82312926984234
235 5.97577278148579 1.84480482724153
236 6.00397026545653 1.84569238197351
237 5.90694708145321 1.92407887362879
238 5.9186922080675 1.84569241860938
239 5.96251221701448 1.91546400005871
240 6.08186051547656 2.01050662027073
241 5.89657852215862 1.84569245464317
242 6.03869444743882 1.845692392542
243 5.96261691277761 1.79678627130192
244 6.06975462913711 1.96959043803497
245 6.00915657519802 1.84569240723141
246 6.00922015899714 1.86188375939414
247 5.96066956333035 1.84397618146618
248 6.00915122681867 1.84433837120992
249 6.02266869734168 1.94496785805928
250 6.01887093450823 1.84569227978709
251 6.06656114411335 1.90364194183435
252 6.00889751989474 1.78322550479914
253 6.04819258002925 1.84569243768293
254 5.97188506949943 1.82761312587785
255 6.25842535287799 1.88541384657079
256 6.00915657519802 1.84569240723141
257 5.85671394765351 1.84569241411282
258 6.08277901030089 1.8599949195852
259 5.95365011576539 2.01734973251578
260 6.08656356648162 1.91546394699295
261 6.10817189191643 1.85399123906871
262 6.24658009797023 1.84569243091284
263 6.17104366778461 1.90243471732451
264 5.99895182151777 1.87892843704591
265 6.00915657519802 1.84569240723141
266 6.00915657519802 1.84569240723141
267 6.06351277506557 1.81358300893726
268 5.97479782188764 1.85784439973667
269 5.98978437845568 1.89752217766929
270 6.1007270638464 1.9213921891843
271 6.00208302330145 1.82020159176372
272 6.00395320946668 1.80091074738155
273 6.36566454812128 1.84569233865331
274 5.9260779082912 1.85837101695625
275 5.95296105578951 1.8354091813045
276 6.08597135931074 1.8399727962365
277 5.95287737777906 1.81013911665388
278 6.22547445366382 1.84569224731135
279 6.01975332907497 1.84655382427284
280 6.00915657519802 1.84569240723141
281 6.01621658183619 1.95267089452595
282 6.00904875111854 1.8143098207676
283 6.00880699444608 1.74273842279281
284 6.00628158051211 1.8456923091358
285 5.98264171751722 1.84569244674272
286 5.90547555117314 1.90576148015257
287 6.00350564339229 1.79797182644908
288 6.06557673850945 1.84569246178839
289 6.00904862756568 1.81893066726782
290 6.12878615171402 1.87409250970187
291 5.97379309364768 2.0097603624054
292 6.00932689214027 1.89099173924867
293 6.05895224268505 1.8456923513587
294 5.87681320392134 2.02447014616757
295 5.98411326515392 1.82962630150108
296 5.99204898530372 1.87071548193634
297 5.91243784295068 1.85371415915577
298 6.04905640823774 1.80680027654688
299 5.92779089813142 1.92057280927574
300 6.00915657519802 1.84569240723141
301 6.09183845183458 1.95671026731098
302 6.02593114682449 1.81207634950357
303 6.00902016534699 1.80592722218406
304 6.04754451088957 1.86607591166377
305 5.95179858455219 1.84569236346924
306 5.96176592908913 1.84569244380732
307 6.1328789683255 1.8456923832954
308 6.00915657519802 1.84569240723141
309 6.00897333074253 1.80091892249783
310 5.97676866071965 1.81161986326278
311 6.00918042381741 1.85180629608861
312 6.00950832624215 1.93987038416571
313 5.93868110248327 1.86394924736221
314 6.17491505529101 1.84569245513937
315 5.94973207392819 1.9221182600852
316 6.0094394796385 1.92057267766115
317 5.91076267765052 1.90169625620585
318 6.56402564463239 1.84569242421748
319 5.96337651015748 1.83403134212516
320 5.86054748197461 1.86646604820247
321 5.96067535586667 1.84569234379825
322 5.78125242514373 1.84569240966062
323 6.00917111230416 1.84989779911039
324 6.04837087139751 1.89175180377123
325 6.00915657519802 1.84569240723141
326 6.00922015899714 1.86188375939414
327 6.00909502557063 1.82782737983094
328 5.9963788122553 1.84569243425043
329 5.95939390904247 1.84569228824872
330 5.82587625803036 1.84569244392786
331 6.06439203816119 1.93241767239423
332 5.99046934520877 1.8456924371259
333 6.00639869454283 1.76760439333247
334 5.95775431837993 1.81852835399721
335 6.00896694235364 1.79024551440697
336 6.00273465077585 1.84569240695605
337 6.00915657519802 1.84569240723141
338 5.97879389196612 1.73561906980216
339 6.26224376221428 2.15933494044941
340 6.05554649227289 1.84569241843966
341 6.00959607181814 1.96541372858181
342 6.00915657519802 1.84569240723141
343 6.03869444743882 1.845692392542
344 6.19906918274126 1.8488985204097
345 6.02080966606669 1.84569246203725
346 5.980736360478 1.76368616021747
347 6.0636446964718 2.00976052600091
348 6.00639305857038 1.85872473142245
349 6.0094646969417 1.92651096772985
350 6.15517695448707 1.81158648921752
351 6.06144231314209 1.84569228247686
352 6.00911657326246 1.83750221647142
353 5.83268155236852 1.8716050816638
354 6.00938866014959 1.90658895010035
355 5.91818241700688 1.83675179859457
356 6.00909324162828 1.82989936602591
357 5.95172211329244 1.81171535204494
358 6.14688292019219 1.81852834524977
359 6.03968800497546 1.81167136343262
360 6.01992593275176 1.84569237712078
361 6.12280212638293 1.80091889417257
362 6.00907175075097 1.82103114666024
363 6.00915657519802 1.84569240723141
364 6.00996166405517 2.07790051009694
365 6.15343648783734 1.82312932039027
366 6.01033678778093 2.20610201443081
367 6.00933727487987 1.88810818543109
368 6.15726673134837 1.90658885292234
369 5.98313040527316 1.78880101709919
370 6.07493696826375 1.80792794608712
371 6.00910444239306 1.83053766011478
372 6.00970990160133 1.99893495503911
373 6.00915657519802 1.84569240723141
374 5.72423653768006 1.84569242152974
375 6.00856564134306 1.68380355497925
376 5.82706012659884 1.73699801309807
377 5.84494931799242 1.84267838474425
378 6.04100020358061 1.75875103370485
379 6.00903387185304 1.81538085657204
380 6.00942102484848 1.9154639941733
381 6.07106578934771 2.04736089096141
382 6.00915657519802 1.84569240723141
383 5.45266680618032 1.84569245732472
384 6.00926295415746 1.876233411818
385 6.0091134421065 1.83315249661
386 6.00930611760728 1.88287313234695
387 6.04932491047577 1.87407886424156
388 6.00907801921953 1.82285663909175
389 5.96251811274747 1.78013322882696
390 6.00750104517729 1.82571660413733
391 6.0161914431425 1.83043858598713
392 5.81405262007862 1.78164092573296
393 6.00915657519802 1.84569240723141
394 6.00897632886976 1.79298805714815
395 6.08538992852464 1.78771223629436
396 6.01267729484078 1.83134787621774
397 6.17520570075891 1.92057285275497
398 5.99456964000192 1.84569245169175
399 6.0646157493933 1.82876284976517
400 6.00919034551456 1.85541209789536
401 6.09899401851673 1.84569238909895
402 6.00920937952407 1.86091216866222
403 6.00911243838115 1.83286671019533
404 5.94486012855227 1.84569239228761
405 6.00915657519802 1.84569240723141
406 6.00894594748672 1.79524208159927
407 6.00922964635181 1.86667297115106
408 6.0091587971202 1.84624998779301
409 6.0193323071118 1.80799047478573
410 6.01235473419996 1.8529290535312
411 5.9866257276586 1.9846994109158
412 6.03057680970848 1.81085451594442
413 5.98226075477817 2.17211236442944
414 5.8490973469688 1.84569234017444
415 5.9962029561425 1.85849451446849
416 6.04383941624465 1.9483361369133
417 6.00899186311855 1.80532224776294
418 5.83772707064205 2.01920000347897
419 6.07365395949132 1.87053113674112
420 5.48887140785283 1.93987041435762
421 5.90702629511534 1.84569240239705
422 5.9547343124376 1.77714966513734
423 5.96287980137827 1.90658888802996
424 6.04755497941924 1.82066002485928
425 6.07267491151707 1.84569241652924
426 5.92191777454903 1.84569243324422
427 5.92924600423289 1.84569244479123
428 6.00958830379316 1.96285450214923
429 6.00628158051211 1.8456923091358
430 5.91865852482073 1.82716914004635
431 6.00915657519802 1.84569240723141
432 6.0040853983136 1.78585416151073
433 5.78791516442765 1.83174076848707
434 6.05539875186549 1.99244379832167
435 6.00977857722493 2.01989407791296
436 6.33270392844064 1.91074083429423
437 6.00914977020182 1.84370788475715
438 6.00952538530154 1.94503669200692
439 6.00305578949551 1.85532993921159
440 6.08297512901129 1.93319588013683
441 6.0033889053321 1.78448858433936
442 5.93307319630446 1.86422309626453
443 6.00938419325988 1.90539416785318
444 5.89150507435716 1.81158654580806
445 6.00934750637143 1.89546093582873
446 5.91860260914204 1.84569238959483
447 6.08112918010431 1.84569244292368
448 5.92860830272283 1.85762616960188
449 6.03039415649805 1.86982557591325
450 6.04391450358472 1.90539419266081
451 6.06352318814512 1.94864299921466
452 5.90755656305863 1.84480478574399
453 6.15531027618723 1.86373270317142
454 6.00921261357896 1.85994942942949
455 6.00938866014959 1.90658895010035
456 5.90751358243485 1.83134787870399
457 6.1757831492833 1.93665030884355
458 6.00917517284472 1.84506897892718
459 6.00915657519802 1.84569240723141
460 6.02914067057677 1.79169123226685
461 6.00915657519802 1.84569240723141
462 6.04465446384847 2.04046550022382
463 6.15548419818226 1.88406010549334
464 5.91888564138766 1.89924378193932
465 6.01987973988251 1.86758321065815
466 6.02293913733189 1.91950319388186
467 5.9835528908144 1.84569246125296
468 6.00915657519802 1.84569240723141
469 6.00955334115145 1.95275060492356
470 5.97515244947881 1.84022319691716
471 6.04084228616117 1.81558100871173
472 6.00915305633043 1.84480474046233
473 6.00901294613081 1.80380247192759
474 6.51664755349929 1.84569230505778
475 5.97617965223199 1.93425392553871
476 6.00915657519802 1.84569240723141
477 5.97470638464894 1.44752412242612
478 6.00915657519802 1.84569240723141
479 6.0093305586636 1.89088687832368
480 6.0089379681961 1.78278203063186
481 6.06911089355992 1.87647516365521
482 6.00903440604164 1.81009877784065
483 5.9029738848041 1.84569241232283
484 5.92329406608253 2.21692718674649
485 6.01413663679383 1.83104853049724
486 5.94814253730662 1.98621408831531
487 6.04986642587862 1.91950326403218
488 6.00904132040956 1.81716703448873
489 6.00149573046283 1.79273060435115
490 5.99830182780193 1.85994944380517
491 6.00937782492114 1.90364194058294
492 6.04373007133708 1.8683812718063
493 6.04665491662778 1.87826847217533
494 5.96946483014535 1.84569228472882
495 5.99899886960841 1.79711198558213
496 6.00951900797541 1.94296525941147
497 6.0732325492018 1.84311293681754
498 6.00903440604164 1.81009877784065
499 6.00943563476655 1.91950328644752
500 6.00917965758714 1.85236111353374
501 5.94365107426934 1.85915048239275
502 6.11024529766138 1.84994779969364
503 5.65002441194394 1.86982564790685
504 6.0695060557604 1.84569237801855
505 6.01998790455612 1.84486271499927
506 6.09017590004515 1.85622740542052
507 6.11246786072596 1.87878044512119
508 6.01703913924592 1.8456924500697
509 6.00915657519802 1.84569240723141
510 6.01236353651335 1.77829914554478
511 6.07176157858525 1.87500721094938
512 6.00912146513085 1.83686276640042
513 6.20520757568096 1.84877208467816
514 6.04699392703338 1.84569239915421
515 5.94563017798754 1.96681164443629
516 6.16852521535033 2.00133575589886
517 5.84494931799242 1.84267838474425
518 5.9850657316114 1.9003081074346
519 6.00915657519802 1.84569240723141
520 6.04401402109023 1.85442163999983
521 6.0094394796385 1.92057267766115
522 6.00908662656883 1.81874547548541
523 5.94866640672152 1.83265962215911
524 6.23441612797571 1.81558104687034
525 6.00905322584219 1.8155810469055
526 6.31049167633072 1.98594079557052
527 6.00915657519802 1.84569240723141
528 6.09299639531865 1.8456922933558
529 6.00927716329087 1.87673216772756
530 5.9552807190442 1.91950329769274
531 6.00915657519802 1.84569240723141
532 5.84482605873157 1.8080690275906
533 6.05539552563315 1.86659405716102
534 6.05917051422153 1.8717827597542
535 5.9038875310817 2.23717109153477
536 5.97977810945886 2.37174394437362
537 5.99079925427823 1.84569237394873
538 6.01272673358535 1.84569225879328
539 6.06491349443515 2.12105810117085
540 5.97475106756943 1.84569245488336
541 6.00281203057388 1.82072871863491
542 6.06430353892268 1.81029453003664
543 5.91248913417986 1.86943761204173
544 5.94606720947107 1.78673948460069
545 6.01491232355051 1.84569234165368
546 6.01495015240718 1.91950326254564
547 6.00915657519802 1.84569240723141
548 5.92440372342685 1.80091084167027
549 6.00913914685997 1.84065341817659
550 5.90652326458326 1.99131154075775
551 5.98714327657852 1.84970919945984
552 6.00952048862808 1.94335210034869
553 5.90750394270148 1.82701237104754
554 6.10043686737444 1.84569241352635
555 5.93780497501791 1.84569246349683
556 5.94541875958461 1.84174428341527
557 5.78209665239512 1.84311293086084
558 6.03032867814828 2.00684094939627
559 5.95445120986724 1.84480488013484
560 5.88410092085265 1.87735677313699
561 6.12335800055263 1.84956133919776
562 5.96079348105921 1.9734901832042
563 6.14339165040681 1.9434318026833
564 6.08726385425401 1.84569244675919
565 6.24658009797023 1.84569243091284
566 6.00904132040956 1.81716703448873
567 6.04420649381101 1.90945627514669
568 5.96067535586667 1.84569234379825
569 6.06518543078857 1.78726703430095
570 5.90853250096179 1.87920445028854
571 6.09221206381111 1.84569231137135
572 6.15517566171255 1.85453862553512
573 6.05317011304733 1.84569242622963
574 6.00906326382461 1.81852836099179
575 5.98383057227099 1.8476390535013
576 5.9186922080675 1.84569241860938
577 6.0089583680003 1.78771211046336
578 6.04430316653854 2.41250461713551
579 6.00439480782434 1.77260722288653
580 6.00339994751673 1.7676044718861
581 6.33330744546697 1.86354760391316
582 5.98939793909896 1.79961041379911
583 5.88831348995064 1.83897923954619
584 6.00927083630356 1.87467366371518
585 5.94737400910395 1.81744012447513
586 5.97517098226229 1.84569238316007
587 5.86587662875133 1.86982553857725
588 6.10688086021338 1.79090608050998
589 5.99913445045551 1.83802342951186
590 6.08698857177637 1.76220185390039
591 6.00938866014959 1.90658895010035
592 6.0590679637477 1.84569245612078
593 6.0339950754192 1.94016628383911
594 6.01981877783791 1.79379311661198
595 6.004340274946 1.94695923049847
596 6.00898080444897 1.8054222007989
597 5.97655639607305 1.84638990836832
598 6.16962965633992 1.87057346859272
599 5.96088754166864 1.83930926853465
600 6.00904287358034 1.81754254225017
601 6.02935953858375 1.94851818346833
602 5.89700630039984 1.84528273683998
603 5.91220245215275 1.90284542656423
604 6.00917183864662 1.85009202351202
605 6.00888068546292 1.76946366170949
606 5.93010311950802 1.85732098535846
607 6.11554387169498 1.84724360502317
608 5.97584931364998 1.81888317000813
609 5.78791516442765 1.83174076848707
610 5.96882175656897 1.9213921313068
611 6.27141858056525 1.83927516104222
612 6.00915657519802 1.84569240723141
613 6.00666406027347 1.78378315550875
614 5.97532492471731 1.84569239715496
615 5.90030579445886 1.77486553833161
616 6.06342762722768 1.85872482429747
617 6.13348954840632 1.87071562419462
618 5.94224590264799 1.84569245551119
619 6.02664283411744 1.89882899585458
620 6.01340435615568 1.86729180485514
621 6.00930773225816 1.88543521275513
622 5.9854995729974 1.85009201034631
623 5.96346162864906 1.8566991277157
624 6.08019892934365 1.79293940883187
625 5.99813247835605 1.81260284796467
626 6.13837449519326 1.73940948991877
627 5.95726579972465 1.84569244113547
628 6.01783826663043 1.82800027589937
629 6.09268649746452 1.84569235260914
630 6.00920716171467 1.85684018683511
631 6.11737196339477 1.84569240935425
632 6.00912879840819 1.83762568494253
633 6.00902254492958 1.80244638911141
634 6.15899038398202 1.85054796021924
635 6.00915657519802 1.84569240723141
636 6.05922781870869 1.8880279037084
637 5.94054027550786 1.8448617740959
638 5.92427558473169 1.85866909878597
639 6.14590613222425 1.84569234755975
640 6.0098229726096 2.03369559754334
641 6.06640206108849 1.84569243099322
642 6.00915657519802 1.84569240723141
643 6.00977627757436 2.01919999351772
644 6.00901475684332 1.80460227978338
645 5.78326485548589 1.88602201569445
646 6.05835057036294 1.80863737872353
647 6.00959180422083 1.96274055234546
648 6.00433231817042 1.84569244487517
649 6.02884953144777 1.7972906101481
650 6.00915657519802 1.84569240723141
651 5.98974779829038 1.85209022385401
652 6.00931000856705 1.88541389529577
653 6.06029191577826 2.01503526219716
654 6.01375559841709 1.84141368039074
655 5.87906636058768 1.8188380931176
656 6.00971773168525 2.00133559123476
657 6.01354566719473 1.86838128310302
658 6.0416126243994 1.84569243585913
659 5.9479184668266 1.92019060887647
660 6.03269621618674 1.8456924349088
661 5.98253112032058 1.81738319341303
662 6.00943999852664 1.91338310533007
663 5.79357120301583 1.8456924266558
664 5.86411188936414 1.83870474763306
665 6.01052497669403 1.79035225093659
666 5.96279182699949 1.84569245560324
667 5.85715158890299 1.97737050033933
668 5.93302467312474 1.84960689341355
669 6.00956620343173 1.95708561579569
670 5.76142709719181 1.84569245271337
671 5.8258773654641 1.84605372590873
672 6.04823321027453 1.85731988029433
673 6.62658804066081 1.81561497383362
674 6.00888946082147 1.77900363409345
675 5.91614120040594 1.81009862352075
676 5.96239542723601 1.82623861027359
677 6.0091838565231 1.85259904724656
678 5.76816737988459 1.84569245474204
679 6.07946141070283 1.82960748148203
680 5.97876897192273 2.10512599937801
681 6.05342029145613 1.76388488522352
682 5.98584690392393 2.00993816920151
683 5.95056806196045 1.86480270903288
684 6.03230405043513 1.8456924273768
685 5.9105122631001 1.84569246121902
686 6.00259365174627 1.84569242370481
687 6.00915657519802 1.84569240723141
688 5.93787688257897 1.86729186257995
689 5.9730545049091 1.84569230885888
690 6.02454476066442 1.84569236103041
691 6.13538197206558 1.84618387630815
692 6.00940132748894 1.91107946884804
693 6.00915657519802 1.84569240723141
694 6.20019801189648 1.84569241363572
695 6.16610771969735 2.09339473546581
696 7.57936137681333 1.84569244892055
697 5.95523517886473 1.86692218102531
698 6.00128110826792 1.9031866701545
699 6.0901388049661 1.84569228414757
700 6.17436129804457 1.84569242213149
701 5.80535711102514 1.86692222353529
702 6.00286632403918 1.84267328666681
703 5.78902389279335 1.90016155254701
704 6.13371866108171 1.93719640965088
705 6.24152078756585 1.84569239834084
706 6.00012448366289 1.82491553618507
707 6.14340928168157 1.94833608596368
708 6.01866402943781 1.85801504954801
709 6.04818043816377 1.84221283899842
710 6.00911364521579 1.83322709506401
711 6.00903627922152 1.81526395852097
712 6.00064846229657 1.79273040226282
713 6.03354306164584 1.84254860610258
714 6.00903559754376 1.81045026245988
715 5.90820313801365 1.84569222236468
716 5.97592684539358 1.92930033640355
717 6.12171844031485 1.84917254277489
718 6.0089231594701 1.78915369579734
719 6.00480038680147 1.88281729743852
720 5.91907947119882 1.89169479234461
721 6.00957768573168 1.95898646500363
722 5.99622332969585 1.86225909697412
723 6.06017897713581 1.78592226480001
724 6.03819915087368 1.83491786455955
725 6.02214132293152 1.80087885623819
726 6.1446119958541 1.84569246724077
727 6.00995153162874 2.07461189553847
728 5.96650070148463 1.81856659508754
729 6.03332127826526 1.95261387883962
730 5.92835021029919 1.84569241784889
731 6.13970061099883 1.84569231604499
732 5.96595902554784 1.84569239550282
733 6.04765827416891 1.84569242973906
734 6.00905566092602 1.82068287860259
735 6.00916393592407 1.84564993887323
736 6.0098426278397 2.04026300608193
737 6.00921148147685 1.86150171934224
738 5.82175157895646 1.89169490629516
739 5.62964289506324 1.85642222680171
740 6.03188461287649 1.84569243861477
741 6.00915657519802 1.84569240723141
742 6.00946736277282 1.93015419452418
743 5.98926411627515 1.81820616684382
744 5.66847573410339 1.86242250271194
745 6.21195342043449 1.8073760448988
746 6.0277002958813 1.85553597465922
747 6.01659112489286 1.89149006745309
748 6.01227074319926 1.96503911532069
749 5.98381317139029 1.78734007449233
750 6.08606717668845 1.97287681959247
751 5.90124723894241 1.84486162203975
752 5.96151429370383 1.8456924154531
753 6.00897876811301 1.79936523820345
754 6.00915657519802 1.84569240723141
755 5.9593676876257 1.83784225006337
756 5.94706240495289 1.84581000450476
757 6.15897310212523 1.84569245626564
758 5.94421751992539 1.89333130073771
759 6.0039458629527 1.85846896021441
760 6.01978639396638 1.79463835065632
761 6.00498438312692 1.93628597746927
762 6.00915657519802 1.84569240723141
763 5.99551230839136 1.84569245738772
764 6.00915657519802 1.84569240723141
765 6.00896082987926 1.7979718644277
766 5.97764972299071 1.8456923627438
767 6.07466106725217 1.91859996570685
768 6.0090221752891 1.81257030413381
769 6.02766947654461 1.82736181708876
770 6.00915657519802 1.84569240723141
771 5.9851102285968 1.85616260686149
772 6.09582211490488 1.83622374232068
773 5.98858397311092 1.84569237395022
774 6.01036000698724 1.90885316025549
775 6.0091707169532 1.84977140461052
776 5.73753068599209 1.7776022658147
777 6.00915657519802 1.84569240723141
778 6.00886321212039 1.77569285575488
779 6.00923826980342 1.86659426644565
780 6.0795226625167 1.84569246084177
781 6.00924979870481 1.8695867423739
782 6.13105496566867 1.79119836310176
783 6.03011794764357 1.84569237883321
784 6.2515129092807 1.84097512118176
785 6.00915657519802 1.84569240723141
786 6.07509240973764 1.84569240234559
787 6.00588699461161 1.85992650085218
788 5.99200314592894 1.84287424647412
789 5.86464205164764 2.41076004782606
790 6.0616440495323 1.84569242160896
791 6.00942797604954 1.91759213709152
792 6.0798012795205 1.91604113687504
793 6.00915657519802 1.84569240723141
794 6.00938866014959 1.90658895010035
795 6.00915657519802 1.84569240723141
796 6.02450356293984 1.9863624899639
797 6.05754235862167 1.87849612765617
798 6.00938866014959 1.90658895010035
799 6.13824744273038 1.84569237999194
800 6.07845494328278 1.89645185714169
801 5.95075786711688 1.79914905560909
802 5.8748273518513 1.84569241359761
803 6.09713771465684 1.84569240668949
804 6.08750767103387 1.95649391092719
805 6.00911776374748 1.83442116262446
806 5.80638777797023 1.91987889580853
807 6.00932652418337 1.88813440540124
808 6.00923389775214 1.86542236505602
809 5.96984938416822 1.82840424252771
810 6.06411120694174 1.8559994364655
811 6.00915657519802 1.84569240723141
812 6.03098986795339 1.84569242281404
813 6.00915867492209 1.84629744867812
814 6.01983363442533 1.93764024358357
815 5.96091213533608 1.84569240636275
816 6.08063678612237 1.84569243975822
817 6.00915657519802 1.84569240723141
818 5.9529455022502 1.83072775207006
819 6.00915657519802 1.84569240723141
820 5.97672593971781 1.83760488781675
821 5.96983729977072 1.81628326888404
822 6.13342794805202 1.8621984463805
823 5.99442535529587 1.84569239528459
824 6.00905474762081 1.82043265744068
825 6.00892766919256 1.78438127262463
826 6.00887673288829 1.76350352064015
827 6.25299907948538 1.87216958968642
828 5.97509541817648 1.9398704287463
829 6.00881242709906 1.75122803286364
830 5.91554042692568 2.2252943486696
831 6.00911817209082 1.83831451088087
832 6.02966170280677 1.81586153727432
833 6.08261394802393 1.81322194615178
834 6.00619889511723 1.8456924105552
835 6.00260227133226 1.83792133713286
836 5.88524595394632 1.90230996052059
837 6.0091980386604 1.85762616557273
838 6.05438470072634 1.85923494478774
839 5.98995831192264 1.91634009688805
840 6.00895681667809 1.78726696583451
841 5.8277068538084 1.83053771059566
842 6.00944682802435 1.92283745823712
843 6.11433397599281 1.81804351254725
844 5.86810663763704 1.84967500824705
845 6.00931947173027 1.88791718086923
846 6.00480038680147 1.88281729743852
847 6.00931961847506 1.88665867341445
848 5.83265800438156 1.84569243721476
849 5.95224998068918 1.83882560323137
850 6.00953160145 1.94660242300309
851 5.93862043641074 1.92482891355875
852 5.83954056313538 1.84629731427923
853 6.00911285320633 1.8329909087673
854 6.00932136284137 1.88774129428845
855 5.98159846305937 1.83053764160793
856 5.9186922080675 1.84569241860938
857 6.03039415649805 1.86982557591325
858 5.93244372196385 1.85751980548599
859 5.94798057563792 1.78685531026159
860 6.05677979331242 1.82933209566535
861 5.82687874224999 1.84189059697263
862 6.13851286548707 1.83072769982892
863 5.96279182699949 1.84569245560324
864 6.04916461225193 1.84629749209053
865 6.00941950804992 1.91595026383115
866 6.00915657519802 1.84569240723141
867 6.01410151965736 1.90743947794784
868 5.84482826984521 1.81449331926613
869 6.20404636027944 1.85469508362025
870 5.97286311213883 1.81009876778094
871 5.9700682942544 1.80265185481851
872 6.09317705648605 1.77459139835349
873 6.00899351268024 1.80570912368737
874 6.11166725951427 1.82933204834494
875 6.00915657519802 1.84569240723141
876 5.95495631695118 1.82938163899994
877 5.98266469188416 1.83360860683848
878 5.94748392611562 1.84569242480807
879 6.0471523021327 1.79098695759058
880 6.00915203114094 1.84454317420257
881 6.00889768884764 1.7832484259982
882 5.93301171074469 1.84569224384919
883 6.00915657519802 1.84569240723141
884 5.72302832699676 1.85541924472414
885 5.73554726112089 1.75182187569464
886 6.02043382813958 1.84569243560581
887 6.06535988266387 1.84569242586754
888 5.98485840072338 2.01743244189266
889 6.00897717320677 1.79604966098174
890 5.97773388323513 1.84569242255209
891 6.04877901622136 2.00787480320336
892 5.94748392611562 1.84569242480807
893 6.08454221289857 1.88844979594715
894 6.00139696757961 1.85826882165175
895 6.04138424269596 1.81558099094734
896 5.99507710208907 1.85553534411485
897 6.00879217938789 1.75079676784132
898 6.00953567057049 1.94765335548495
899 6.00975579136083 2.01290745550364
900 5.94801384594117 1.85371419291543
901 6.00916926005432 1.84936225290379
902 6.00915657519802 1.84569240723141
903 6.0100463197621 2.10577693987691
904 6.09510423838909 1.9036724563853
905 6.00916861562187 1.84916827689582
906 5.93464698031259 1.81558109130031
907 5.99075599695427 1.83134783286381
908 5.92629908272783 1.84970926577797
909 5.96554451216913 1.76479295914497
910 6.00915657519802 1.84569240723141
911 6.00952428886699 1.9444330395125
912 7.0010680994179 1.84569247155772
913 6.00944993618925 1.91657902347213
914 5.72819648278193 1.84569244492467
915 6.04235031907927 1.91155900668932
916 5.84553818565145 2.03266771169181
917 6.04470891757353 1.84934765885166
918 6.00915657519802 1.84569240723141
919 6.00892065704316 1.78856201626977
920 6.03464161809218 1.88619397122431
921 5.90186690690115 1.81678020707856
922 6.07699734321496 1.83927512940416
923 5.98320222168765 1.81998890388177
924 6.22914379210458 1.81820628838098
925 6.21042538616028 2.21979855779751
926 6.00952092369967 1.94109605120569
927 6.01767548769423 1.8456923807482
928 5.74053964931026 1.80288841132701
929 5.92136397909492 1.84569237360173
930 5.96151429370383 1.8456924154531
931 6.015010993342 1.85541190220093
932 6.16772330571621 1.81893073773777
933 6.00915657519802 1.84569240723141
934 6.02267849597801 1.85115619058314
935 6.00896026842352 1.79422918323579
936 5.96845957577469 1.84569242578942
937 6.00915657519802 1.84569240723141
938 5.998089006965 1.8582220089699
939 6.00915657519802 1.84569240723141
940 6.00915657519802 1.84569240723141
941 5.98692022427121 1.84840131983293
942 5.85514492738167 2.00739896719724
943 6.1603988066496 1.84569242576244
944 5.93476513201389 1.84569242822419
945 5.82149219350982 1.85683168100314
946 5.92448208413259 1.821571882249
947 6.0090440562558 1.81055859045046
948 6.01904531353364 1.9616711178334
949 6.00983594050468 2.03764158579513
950 6.14305892119897 1.85215771811224
951 6.03576523032214 1.78967715857018
952 6.04296107141219 1.79684920615342
953 6.19065520133053 1.8607836606651
954 6.01272673358535 1.84569225879328
955 6.10376613334163 1.84989790350252
956 6.15221161154411 1.9003079564736
957 6.04218167516918 1.9527506133691
958 6.00915657519802 1.84569240723141
959 6.0677075156443 1.92057287111635
960 5.98572866193341 1.90030809996498
961 6.009064215406 1.81883830728719
962 6.03069808545912 1.84569240902178
963 6.04575353861753 1.84569233873452
964 6.00934750637143 1.89546093582873
965 5.9669746732474 1.84569239800576
966 6.00895733201354 1.79124033967599
967 6.00915657519802 1.84569240723141
968 6.06719817016632 1.90694164968261
969 6.00895630744759 1.78714587095739
970 6.01735737992231 1.84569232297006
971 5.95634400011578 1.85754109097008
972 6.12277328787176 1.84569244216413
973 6.01228866804919 2.04567688314188
974 6.08949119813063 1.93702713762287
975 6.16360712586976 1.84569242355328
976 5.9168407388786 1.84638985882198
977 6.07548444569797 1.94833597628734
978 6.00927958494641 1.93850499630156
979 6.4912761433606 1.80743840206419
980 6.17438664666875 1.84036728056847
981 5.89074013108677 1.78686939083238
982 6.0091532710347 1.84486157350851
983 6.00900553963619 1.80996805866673
984 5.96345521490914 2.21875196452481
985 6.00891064757333 1.78625236902508
986 6.00915657519802 1.84569240723141
987 6.06312834934864 1.8456924503421
988 6.00915657519802 1.84569240723141
989 6.15561847474226 1.84569244879015
990 6.02292163620026 1.91251699589648
991 6.10330557026361 1.67216105823965
992 6.06711327299921 1.82685990301387
993 5.95018239550262 1.8766972823603
994 6.00915184205556 1.84431998433814
995 6.6291413855486 1.81232327500188
996 6.00915734591788 1.84590664121146
997 5.84341583789148 1.9161834479666
998 6.00951416463334 1.93846618169928
999 6.00989840768035 2.0601964467538
