0 1.21253242709305 4.90961245528611
1 1.21743344075423 4.91749037187782
2 1.21743344075423 4.91749037187782
3 1.17458590867732 4.9160338533812
4 1.24181704700866 4.93381295017669
5 1.21575405134091 4.9199349730945
6 1.277554090606 4.92170577652007
7 1.3231101025437 4.91238273534544
8 1.21743418717497 4.91919981771676
9 1.20554865358202 4.91749033751748
10 1.18261704662414 4.92259043031825
11 1.18747679051423 4.91566222457416
12 1.21740120407697 4.91956273279696
13 1.20822797930116 4.91749034669534
14 1.21746298790086 4.92378828372061
15 1.23413714200232 4.91845576430298
16 1.24137906404134 4.91912897334
17 1.20005291723755 4.91546077267874
18 1.25020063579508 4.91020358775694
19 1.21743326302149 4.91737128145309
20 1.32132014432031 4.91475052380146
21 1.21743344075423 4.91749037187782
22 1.19936800749733 4.92120794215895
23 1.2270584007481 4.91621420516503
24 1.21910430188008 4.91205170028129
25 1.28058732005352 4.91749023477965
26 1.20279943491335 4.91212856071516
27 1.20174465485636 4.9174903485048
28 1.18444009563907 4.91603400122083
29 1.27687412577282 4.91729578486219
30 1.17165704204519 4.91426699734596
31 1.20824879378103 4.9200545079591
32 1.18808871721465 4.9174903849264
33 1.21995522769136 4.91749037950908
34 1.3434789298596 4.92032279770196
35 1.26548884594858 4.91947747970655
36 1.18782025121416 4.92202512049237
37 1.20420431435496 4.92022284617045
38 1.21741004829558 4.91446821948447
39 1.20278930547252 4.90179590760788
40 1.21329488389581 4.9212384286257
41 1.26837301853993 4.91749033664825
42 1.21743566839182 4.92155896225304
43 1.20045262057691 4.91749034516767
44 1.21743450046824 4.91968660434165
45 1.21688585858407 4.91354778007338
46 1.23531241594734 4.91749040486684
47 1.21741745456813 4.9154593285665
48 1.35437766805396 4.91749032526983
49 1.24451741553282 4.91749034684172
50 1.28806707890728 4.91622800800273
51 1.19789305509753 4.91749026167916
52 1.21469453366164 4.91749032871683
53 1.22604336215288 4.91177527214438
54 1.21419974344697 4.92235929437931
55 1.2337281225831 4.91749037793745
56 1.20203612536327 4.92122065165332
57 1.15501050960068 4.91981518887996
58 1.19321403662834 4.91554728361338
59 1.19092651343437 4.91675873036851
60 1.25844144265601 4.91865573988569
61 1.21735176572843 4.9058262165813
62 1.22437312446601 4.92402961717211
63 1.21743344075423 4.91749037187782
64 1.21737981160221 4.91020355431026
65 1.21743535708627 4.92075143355207
66 1.21740646809961 4.91398387913218
67 1.20652561920793 4.9174904003446
68 1.21745177219773 4.92585722534849
69 1.21158290305913 4.92001355057603
70 1.30837231443465 4.91946833132514
71 1.26625399999931 4.91987592306741
72 1.21656275635753 4.91809158029391
73 1.19348433343409 4.91024223002606
74 1.21311234012402 4.92003024911951
75 1.25205101709553 4.91099991710971
76 1.28557488910628 4.91833368243535
77 1.21534463383205 4.92164274453775
78 1.20800579092121 4.91749032750637
79 1.21743344075423 4.91749037187782
80 1.21081691976705 4.93005432379697
81 1.20343243545809 4.91555160930327
82 1.19122457448654 4.91754497026765
83 1.24824352700224 4.91634091590867
84 1.21277032386264 4.92122062864469
85 1.21743227940644 4.91536366875092
86 1.34906583871299 4.91749037187185
87 1.19474099651799 4.92163855532216
88 1.21743632442507 4.92310399647512
89 1.20045262057691 4.91749034516767
90 1.18376654022369 4.91401353586107
91 1.24105062144241 4.91749034168642
92 1.2328448562983 4.92123848906982
93 1.2268282433225 4.91709573596744
94 1.21739942564323 4.91103790232688
95 1.21743715141928 4.92434214238801
96 1.17421488627375 4.92104035860593
97 1.37037839238597 4.91885709726265
98 1.21740902358303 4.91433866318285
99 1.37715202570235 4.91740414138631
100 1.21746112156062 4.9205511234134
101 1.21739493048091 4.91238267784442
102 1.21739723624682 4.91331772368617
103 1.26974075403487 4.91475039509924
104 1.21714624239764 4.91364499514343
105 1.21739968211654 4.91302329168766
106 1.22028455968921 4.9112459191372
107 1.25408684610612 4.9179810506009
108 1.21742812966868 4.9174903949409
109 1.21294835423458 4.91749040394274
110 1.21303107265498 4.91804519626709
111 1.34107427029633 4.92121884961673
112 1.1875097145317 4.91162725084291
113 1.17422004764797 4.91842569065379
114 1.3142773737948 4.91486238102679
115 1.28807100290192 4.92310409694544
116 1.21508402698422 4.9223595034242
117 1.3620141073722 4.91609383715385
118 1.20700207416356 4.91749025025173
119 1.19854526904156 4.914898857457
120 1.21715867875073 4.91956113046834
121 1.21737459393797 4.91358623570076
122 1.19858417757207 4.91749024480902
123 1.1711084388827 4.91999146089687
124 1.21740469373098 4.91372219416312
125 1.19568543195809 4.9175248135111
126 1.19325262161607 4.92642241124421
127 1.27752869747376 4.92232250810473
128 1.19939168087753 4.92401563577494
129 1.21930782976848 4.91749039517682
130 1.2269392355778 4.91749026109379
131 1.22001257778499 4.92020062794454
132 1.1993095798611 4.91618927647379
133 1.21630886635072 4.91749035618401
134 1.21511651121933 4.91526455008187
135 1.22900039150294 4.91444630646758
136 1.21743344075423 4.91749037187782
137 1.27408728699633 4.91589994586763
138 1.18582934811425 4.91825582889909
139 1.35148314199151 4.9174903151918
140 1.20014380035166 4.92045585257722
141 1.21743344075423 4.91749037187782
142 1.24274947550779 4.91749027115389
143 1.35695113875289 4.92183570051038
144 1.21743696627529 4.91794289060562
145 1.30392171063001 4.91749038779444
146 1.19146187918224 4.91288703549291
147 1.18353176264857 4.90695582968572
148 1.22243619796525 4.91083877177172
149 1.1826675734316 4.91749028118056
150 1.21744736850251 4.91757176439238
151 1.37485044709515 4.91837278265868
152 1.18250356762099 4.91922442530069
153 1.27635097739419 4.90519614568701
154 1.21743344075423 4.91749037187782
155 1.24950245400719 4.91752480155251
156 1.21743461941423 4.91969501439184
157 1.21467772836039 4.91531537062444
158 1.30119632620567 4.92035506365719
159 1.30027533623795 4.90924494102172
160 1.36330673319336 4.9152142124072
161 1.21743344075423 4.91749037187782
162 1.20478006243752 4.90959844923794
163 1.21741504881284 4.91591522502124
164 1.27908765532729 4.92279756698888
165 1.22028455968921 4.9112459191372
166 1.22413428632122 4.91755661125155
167 1.21857788004138 4.77381770394022
168 1.20438029737586 4.91868767384419
169 1.20754057509448 4.91748252785634
170 1.20324922157412 4.92149754898566
171 1.21743344075423 4.91749037187782
172 1.21743500112856 4.92043732644891
173 1.21743344075423 4.91749037187782
174 1.20963713336952 4.91749038514777
175 1.21743344075423 4.91749037187782
176 1.25689059690736 4.91794848604849
177 1.2174330114575 4.91688361238784
178 1.21582333030628 4.92513816835784
179 1.15032196533048 4.91748252620551
180 1.21739016918885 4.91169084756353
181 1.21744753475511 4.92313694984617
182 1.22242215724981 4.91749041597464
183 1.21743344075423 4.91749037187782
184 1.21299356197835 4.91174542317987
185 1.21743344075423 4.91749037187782
186 1.21743344075423 4.91749037187782
187 1.21655003566497 4.91749010955512
188 1.2064319855749 4.91867878169009
189 1.17249121209797 4.9138661871634
190 1.21743245679545 4.91554724705829
191 1.17458684631231 4.91749028697031
192 1.2498511693217 4.92158359773116
193 1.29953007393655 4.91662858340908
194 1.21744700554148 4.91926730940019
195 1.21743344075423 4.91749037187782
196 1.21743517667488 4.92067081061146
197 1.17396798175599 4.91179091847412
198 1.26267560328236 4.91726696648051
199 1.21743344075423 4.91749037187782
200 1.16346576594897 4.9148899620591
201 1.14034877073241 4.91532871519691
202 1.20721882146324 4.93851142580776
203 1.2212975823114 4.91749033594329
204 1.22216587315713 4.92121896231747
205 1.20491136473056 4.9191997264178
206 1.15476721305526 4.92002150762655
207 1.15613932532311 4.91749038553812
208 1.21744211722234 4.92549237299439
209 1.27685778371642 4.91545937696436
210 1.19401947591078 4.92232465576192
211 1.2173583764495 4.90687932769488
212 1.05897181006729 4.91935146861409
213 1.22325900790738 4.91749037198158
214 1.28678600235884 4.91749037049809
215 1.15059332158513 4.91749016544857
216 1.22325900790738 4.91749037198158
217 1.31185866588517 4.91353025139879
218 1.2184709653081 4.91848293146661
219 1.19480121117741 4.93335797941089
220 1.23726150545921 4.91749041345254
221 1.17611958849452 4.91080732444436
222 1.18120224776208 4.91969624592764
223 1.18262348004483 4.91752352158209
224 1.26038677196647 4.91544362012991
225 1.16646223163691 4.9133410631528
226 1.21742213783029 4.91698862535914
227 1.20041717034916 4.9131138952239
228 1.21743649822429 4.92317012490993
229 1.2082314557372 4.91062306042632
230 1.21206502794203 4.92697047353786
231 1.2395580679498 4.91749028881263
232 1.28055913266261 4.91399654133452
233 1.19890003382173 4.91616097239505
234 1.16178438469813 4.912907033982
235 1.19436379397989 4.91749022878058
236 1.22435823301281 4.91749033615617
237 1.25413419701338 4.91749039522926
238 1.20646381875316 4.91759107457849
239 1.2095845617623 4.92123846621178
240 1.26040473105076 4.92606209521247
241 1.21738885617301 4.91511779822063
242 1.26035017075402 4.91099998353041
243 1.29410066066245 4.92122521503963
244 1.21743344075423 4.91749037187782
245 1.2173966990371 4.91263072976911
246 1.2207212740724 4.91620785546979
247 1.37484911426571 4.9161609856924
248 1.2658549911164 4.91749007646102
249 1.21740312062746 4.91437532310089
250 1.21441708776027 4.91364767529033
251 1.21495071575007 4.91749028494848
252 1.18263335083333 4.9123109813623
253 1.18261278586923 4.90774448386422
254 1.25823343933627 4.91411466174472
255 1.20824707868062 4.91706935032809
256 1.28645974801749 4.92126567623856
257 1.21273223404779 4.9046388572945
258 1.21743344075423 4.91749037187782
259 1.21735334914833 4.91019545553283
260 1.17272383121974 4.91613757241666
261 1.21737757523251 4.90985639794772
262 1.11288988881778 4.91528065187263
263 1.21740566748761 4.91679184000589
264 1.21739709850459 4.91382315229096
265 1.21743344075423 4.91749037187782
266 1.22612269136919 4.91749036907393
267 1.217384175253 4.91083878879154
268 1.21743300857376 4.91651398581433
269 1.21743528860853 4.9207341118284
270 1.21738531851373 4.91100000800035
271 1.20277285460354 4.91258807500049
272 1.1077911295987 4.91749030828211
273 1.21743396082998 4.91836639892391
274 1.21742323740917 4.91994207181576
275 1.20698019555336 4.91749035373836
276 1.31302436642661 4.91749025295322
277 1.21647656597827 4.92020947936664
278 1.21998291562961 4.91629928618801
279 1.19996936200278 4.91995519355798
280 1.21743245864479 4.91583548558789
281 1.15545629432434 4.92298748689611
282 1.2086406081684 4.92119472085695
283 1.23125495315435 4.91749030716468
284 1.22418620348721 4.91094986023519
285 1.20298247235368 4.91749041185349
286 1.3149151298579 4.90543976220713
287 1.21735052286433 4.91749040497853
288 1.29706030314042 4.91847171023562
289 1.17421343041868 4.91790627392279
290 1.20711767109675 4.92233659520242
291 1.23268768994258 4.91749027525158
292 1.28815381186452 4.91370868707158
293 1.2174334955617 4.9177168064377
294 1.31563336342786 4.90245677857887
295 1.2173797703834 4.90998515160498
296 1.2173790448677 4.90850122576399
297 1.21745583485782 4.92022268872235
298 1.21743344075423 4.91749037187782
299 1.21742805887637 4.91683019323723
300 1.2137600643571 4.91737093628697
301 1.16108137456141 4.92123817064426
302 1.19296742382235 4.92361826111002
303 1.22274522789739 4.90919486638641
304 1.18608244147314 4.91423168647249
305 1.21742701900628 4.91499450500313
306 1.21505827080862 4.90578001531848
307 1.33582506216718 4.91658022847986
308 1.20679736797 4.9186047203268
309 1.21725647608084 4.88670085343135
310 1.19214255284974 4.91774558424958
311 1.21743344075423 4.91749037187782
312 1.2421141697225 4.91670179587861
313 1.2277383991762 4.91539545612736
314 1.21985282145441 4.91278310769566
315 1.28510509431443 4.91606218162182
316 1.27175716250264 4.91501654572402
317 1.27727709457927 4.91749027209186
318 1.30712909372495 4.92831956904068
319 1.22001274285492 4.91998189319317
320 1.23344344650826 4.92460222901191
321 1.31539400874009 4.91749035410236
322 1.21743344075423 4.91749037187782
323 1.20404118347229 4.92684454824771
324 1.18493031263804 4.91749040974076
325 1.22479666750673 4.91749028518423
326 1.20342558867868 4.91749017587501
327 1.31837310172813 4.91452185864143
328 1.21743261827854 4.91596613538383
329 1.21743252930215 4.91558846885848
330 1.21659510289822 4.91026211631257
331 1.19757244771791 4.91749027079229
332 1.17950113591979 4.91794290887835
333 1.30155551638962 4.9144462399974
334 1.16704324803958 4.91919974326326
335 1.20893248975387 4.91751725811028
336 1.21743561800212 4.92152191812178
337 1.21740305927541 4.91351535874482
338 1.22208980084857 4.90924482403243
339 1.33197057847504 4.92430724141963
340 1.27787896786161 4.90928223533462
341 1.15108170305469 4.91624495201397
342 1.46757203778198 4.91488618797529
343 1.26039979079166 4.9174902862717
344 1.21741583511919 4.91524146825349
345 1.21727202691909 4.89369454880677
346 1.2174197970388 4.91574625645869
347 1.21297745562936 4.91417525101612
348 1.20821267316762 4.91907286393951
349 1.25570695956204 4.91749036280789
350 1.21743491547185 4.91634327169478
351 1.24425210502826 4.9174904693821
352 1.21746526350199 4.92128802135534
353 1.16538825732681 4.9194226816894
354 1.21743344075423 4.91749037187782
355 1.210055771542 4.91749035807896
356 1.20000085605234 4.91910666159237
357 1.23280799793238 4.91749030522395
358 1.19332535295884 4.91606514616091
359 1.18837867800972 4.90161373155251
360 1.20708899304004 4.92421745526544
361 1.20065839701702 4.92120796763141
362 1.14585736972583 4.91571224833428
363 1.21744581148586 4.92837934290741
364 1.21743344075423 4.91749037187782
365 1.35696208618053 4.91818865291043
366 1.26181284895882 4.91444634272893
367 1.2212975823114 4.91749033594329
368 1.17811166270709 4.90890549480876
369 1.217433388533 4.91752483774528
370 1.18566045171282 4.91749035163237
371 1.21743252617618 4.91556998445612
372 1.160535170637 4.91415802231122
373 1.18847223010498 4.91764808819066
374 1.26039979079166 4.9174902862717
375 1.18750979136956 4.91749037665013
376 1.2105933093319 4.91679478229706
377 1.17421305034655 4.91707801698042
378 1.20965854689528 4.92150758527745
379 1.17105963301922 4.91899062563632
380 1.1964321790738 4.9220265288246
381 1.22332602747702 4.9174903789087
382 1.21731161987633 4.91815788766317
383 1.16055812252324 4.91548240580295
384 1.2477594696753 4.91196965550602
385 1.21738411240842 4.912649000243
386 1.19383979532356 4.90815431722792
387 1.35157960822494 4.91510335991569
388 1.22923707747827 4.91797824705699
389 1.21164228000026 4.91749038280139
390 1.21743164054565 4.91634932747871
391 1.19448876304463 4.92120793440979
392 1.3688155041855 4.91840482127308
393 1.21743381334281 4.9184342877131
394 1.21510286594529 4.92010911036732
395 1.21743381334281 4.9184342877131
396 1.20881075355564 4.91745155061848
397 1.19181753893785 4.91894899224901
398 1.28421325127853 4.91764172990464
399 1.2017724172895 4.91616106746017
400 1.21743344771734 4.91766833513307
401 1.32318910491917 4.91749019348453
402 1.43448916979989 4.91096420856628
403 1.21744362895578 4.91867897396344
404 1.21745583485782 4.92022268872235
405 1.22272619314916 4.91810465183229
406 1.28374004338833 4.91749024514075
407 1.21743632442507 4.92310399647512
408 1.16055862586077 4.91741825400899
409 1.12004867313647 4.91749031663269
410 1.21745583485782 4.92022268872235
411 1.21740615335398 4.91393841001973
412 1.27146859427507 4.91539334546887
413 1.21743463533823 4.91995521001621
414 1.21741716486972 4.91474613396813
415 1.26688442285552 4.92422587109734
416 1.32016868827874 4.90730685672985
417 1.29124751755113 4.92140469226734
418 1.17110738981761 4.91749032735551
419 1.29726040544943 4.91995712128126
420 1.21297880616125 4.9154630200471
421 1.20462455781791 4.90555520361297
422 1.22300389218455 4.92085550300183
423 1.27174475493136 4.92395260642028
424 1.26040312399995 4.92344553974017
425 1.27112379384107 4.91020353419089
426 1.1643414092611 4.91552487401922
427 1.22549038052748 4.9175842410824
428 1.18767339566146 4.91749017758411
429 1.1987703735604 4.91749042790966
430 1.1993660166643 4.91707811314557
431 1.25561568675995 4.91749033140027
432 1.23162418772088 4.92049633639886
433 1.20401520002714 4.9201255667129
434 1.1778811108076 4.91749033341399
435 1.19482864433071 4.9174904097202
436 1.2508216965491 4.91321513224205
437 1.22056683390232 4.91678798547435
438 1.21747024461703 4.92390012990009
439 1.20796594583025 4.90753884898272
440 1.30849487304818 4.91749024430452
441 1.18499241799893 4.91912473048793
442 1.21627757411997 4.92761289507822
443 1.2586618508093 4.91749030827885
444 1.22006483777175 4.91786070506142
445 1.26386780487949 4.88939863932
446 1.19039330675132 4.91749038923927
447 1.21743344075423 4.91749037187782
448 1.22215064012507 4.92301371577977
449 1.28936836567545 4.91264628117967
450 1.20827978030657 4.91734817094107
451 1.22552122454872 4.92002317705601
452 1.22403194530149 4.91749036018641
453 1.19894252480797 4.91584218528813
454 1.27703762942998 4.91749035691921
455 1.21738477856815 4.91090523803946
456 1.21996313572802 4.91370166991342
457 1.28974556186964 4.91542677015721
458 1.27422671155777 4.91749035536378
459 1.40077695652491 4.9210202486738
460 1.14565264778694 4.9174902895003
461 1.26115971705681 4.91749037470682
462 1.16840996880814 4.91760560507095
463 1.21743344075423 4.91749037187782
464 1.28805936069268 4.91647381536877
465 1.38593462419512 4.91749045693199
466 1.25337724519826 4.90713493942536
467 1.1815932106951 4.91741539374075
468 1.21744377631573 4.92035111555105
469 1.20033683861334 4.93330028864727
470 1.21745028755885 4.91956188893841
471 1.1875005644906 4.91749030842955
472 1.21743083842693 4.91193141466431
473 1.22797231407269 4.92173750726353
474 1.21743344075423 4.91749037187782
475 1.24233164298679 4.92035529088983
476 1.20817533205362 4.91015809131256
477 1.30842121443192 4.90549438432926
478 1.21996443613113 4.90801475790803
479 1.21191609314017 4.91749037640489
480 1.21743835122076 4.92662264738169
481 1.28806775744021 4.91749040405197
482 1.21736067911357 4.90723267483036
483 1.17961761956043 4.91843414439015
484 1.28196807395401 4.91168242116393
485 1.22144686858376 4.91749038508619
486 1.1838964032386 4.91749016794632
487 1.30758339288163 4.92310393570344
488 1.20475081601958 4.91911973990861
489 1.21743344075423 4.91749037187782
490 1.30099494916644 4.91836087116662
491 1.20483573361048 4.91398400732886
492 1.21233394345947 4.91749037809805
493 1.23531241594734 4.91749040486684
494 1.15672237405262 4.92101335296225
495 1.1799221010612 4.91729571978123
496 1.22778365732742 4.91714941458515
497 1.24820350236223 4.91608905888978
498 1.21743381334281 4.9184342877131
499 1.1595966488429 4.91912375785193
500 1.28389346854061 4.92122066036332
501 1.16835778175991 4.91503894874413
502 1.28329901685281 4.91845558838698
503 1.21066059086059 4.91749038602428
504 1.21743344075423 4.91749037187782
505 1.21496008246656 4.91968663002356
506 1.18351641948773 4.90652161465599
507 1.21743344075423 4.91749037187782
508 1.19029985183177 4.91749033013633
509 1.21746363489324 4.94435547248345
510 1.19936800749733 4.92120794215895
511 1.25110385487059 4.91749011940077
512 1.22033117004268 4.91749019591424
513 1.33105488018735 4.91749026791607
514 1.20244518240005 4.92488490933027
515 1.22021023777514 4.92049727065934
516 1.21342733629576 4.91749015334742
517 1.26357632868202 4.91909151095601
518 1.21741745456813 4.9154593285665
519 1.20780895982071 4.90762153076228
520 1.33412500973993 4.91749039499992
521 1.20769384322771 4.89871633313706
522 1.2174330114575 4.91688361238784
523 1.17980975801182 4.91419307742668
524 1.21744748493714 4.91948528411249
525 1.21742126943087 4.91366913729813
526 1.21084046300362 4.91611171247316
527 1.42857473111818 4.90184803753348
528 1.17935636934904 4.9184491962722
529 1.31218580997278 4.91593035870219
530 1.26286122539624 4.91196966085705
531 1.21868920917356 4.92005372192692
532 1.14006749239962 4.91749016309972
533 1.20067749896486 4.92013600296779
534 1.22195514191819 4.91749033820009
535 1.3319607554796 4.91918630632249
536 1.17507716384824 4.90591338892679
537 1.45528617229686 4.91554738006968
538 1.22586803667905 4.91614047487979
539 1.21823783278323 4.91732070141191
540 1.20147262874775 4.91749031684807
541 1.21743717407719 4.91713989117807
542 1.29528670133925 4.92119476087157
543 1.21483844925443 4.91352487499056
544 1.20341095572932 4.91263047619335
545 1.21743182252118 4.91560657136741
546 1.18263358766537 4.91835620157769
547 1.35687190120766 4.91017792503537
548 1.20970841587909 4.91749026019327
549 1.28814185699031 4.91169086957361
550 1.26040017427851 4.91825571001516
551 1.21741762467252 4.91764209843739
552 1.18550901417089 4.91287266764822
553 1.39012595088383 4.91615128368212
554 1.23008159089765 4.9179646272069
555 1.22556372357619 4.91839154083083
556 1.2174437287154 4.91875807273121
557 1.21743585115607 4.91777827061796
558 1.20827246090931 4.91749040798477
559 1.21743370786882 4.91781604233031
560 1.22971728426078 4.91749036823813
561 1.22581821043832 4.91575162318597
562 1.21940332634343 4.91679872624377
563 1.21104422012911 4.91292539280062
564 1.21035590085951 4.91935062167784
565 1.33195108311854 4.92120796831687
566 1.17125738064185 4.92316993320248
567 1.21742737402467 4.91672566189779
568 1.18586837850094 4.91945490589962
569 1.27776643127053 4.91621573100939
570 1.21814022408221 4.91278326139803
571 1.21140995069546 4.92131973535741
572 1.20964373020171 4.91749042924042
573 1.2174308556248 4.91716090570951
574 1.21743119696911 4.91502869915462
575 1.21743344075423 4.91749037187782
576 1.21743348567718 4.91734331144831
577 1.23071486243467 4.91749025835727
578 1.19405427070075 4.91652560912167
579 1.28942412433891 4.92319224248014
580 1.21477917752039 4.9176684618195
581 1.20554940531424 4.91919973646891
582 1.21743627456222 4.91785985247856
583 1.1921215486337 4.91971692703985
584 1.27955093821478 4.91597531108008
585 1.22404920847573 4.92742029970793
586 1.19655494321902 4.91749040212158
587 1.2576552191769 4.91622491614298
588 1.21743255725887 4.91564205189878
589 1.23259996694654 4.9122003988809
590 1.21737757523251 4.90985639794772
591 1.25924176173759 4.90687952429036
592 1.21743344075423 4.91749037187782
593 1.20546275775751 4.91749037935187
594 1.20865431555726 4.91749016485076
595 1.21743344075423 4.91749037187782
596 1.21743491635627 4.92054331809531
597 1.22070465846215 4.90230683212329
598 1.22949364194553 4.91931156343394
599 1.21873219950321 4.91923046720895
600 1.194353263905 4.91609954502968
601 1.22685074794542 4.91749026858565
602 1.2537018016173 4.9174595733337
603 1.03754194465178 4.91836081589722
604 1.17711472555593 4.91749037039585
605 1.28760571004615 4.92457809610733
606 1.21363953216994 4.91968663633797
607 1.19338296093643 4.92131888720165
608 1.18655789736466 4.91429726133025
609 1.24862968778754 4.91411460764546
610 1.21743423539215 4.91921536766995
611 1.21581557339825 4.92687367443392
612 1.19789110215334 4.91749038503564
613 1.21739217316245 4.91196967748636
614 1.21744084638999 4.91842564730573
615 1.19317927608471 4.91976368724986
616 1.20160595963671 4.91749036526985
617 1.21743876960561 4.92224895510766
618 1.21381968833127 4.91749033705983
619 1.27450608104375 4.91973413350402
620 1.21742799241603 4.91680023133227
621 1.25647491804371 4.91749029743409
622 1.32620139177858 4.91328795384401
623 1.20040849256086 4.91510746953338
624 1.28661693052315 4.91970244340012
625 1.22531223912211 4.92120810172552
626 1.2174349409682 4.92045591315433
627 1.21736936943996 4.91041391363384
628 1.27745130881262 4.91749014568824
629 1.21732395813504 4.90102510400666
630 1.20045262057691 4.91749034516767
631 1.21741519380573 4.91345036556825
632 1.23177559045763 4.91922418107275
633 1.20891339737224 4.9174904040826
634 1.21743726462856 4.92478313183869
635 1.26598936977877 4.91040220683155
636 1.21042700871792 4.92024125347479
637 1.27739307661328 4.91941487339624
638 1.21609476083785 4.91273106828484
639 1.21117049237418 4.94451088969855
640 1.21743344075423 4.91749037187782
641 1.22613557166322 4.91627303792282
642 1.32211083376816 4.92637958358367
643 1.21741913003687 4.91564852186763
644 1.21743499379254 4.92046541889271
645 1.21539958602733 4.9178375621801
646 1.22629688890423 4.89995875568843
647 1.36786254175507 4.91446908981106
648 1.21743632442507 4.92310399647512
649 1.16761165585085 4.92628078941962
650 1.18250272559932 4.91749035045058
651 1.23293715943517 4.91597003395652
652 1.23048976240213 4.91749040223292
653 1.21743344075423 4.91749037187782
654 1.20709979613892 4.92298748084773
655 1.34729456029495 4.911502150636
656 1.21739345409562 4.91315091104227
657 1.1742132497169 4.91749034929668
658 1.44219141765447 4.91075049520875
659 1.21038171802337 4.9153558193315
660 1.28001180201669 4.91633026961581
661 1.17209863244704 4.91531542872108
662 1.27640254940403 4.91688336172363
663 1.25053840789921 4.91749033780432
664 1.26893162234097 4.91749035249828
665 1.20291895987758 4.91749036187659
666 1.21235544929845 4.91819266278454
667 1.24785490164758 4.91511237002243
668 1.18757216768344 4.92123854701719
669 1.22053205589253 4.91724655341632
670 1.21743344075423 4.91749037187782
671 1.21743344075423 4.91749037187782
672 1.20343337082762 4.9174903791333
673 1.2149027959935 4.92676987118729
674 1.19895479902995 4.91749041359114
675 1.18383172158292 4.91858689571726
676 1.21743535635018 4.92131966437515
677 1.22124119187394 4.90985672246253
678 1.15596392149065 4.92042990628374
679 1.22924294542703 4.91749036216591
680 1.19072616411881 4.917490218979
681 1.19214524792029 4.92310404997709
682 1.21742195890069 4.91601344588039
683 1.18750729412612 4.91749015325621
684 1.21738240056529 4.91057882716928
685 1.21743344075423 4.91749037187782
686 1.15939954101028 4.9148361577502
687 1.10320888993118 4.91749036763077
688 1.21743344075423 4.91749037187782
689 1.21739836630081 4.91367926289456
690 1.21741870355976 4.91973847285141
691 1.18095222575573 4.91842579311301
692 1.26549568835004 4.91749041055251
693 1.21059359552139 4.91749021174173
694 1.20550706792655 4.91565071889045
695 1.21356203311337 4.92433966847392
696 1.21742823919899 4.92036121280895
697 1.21743550805417 4.92248294711035
698 1.22900453338824 4.92056395962106
699 1.35283435314745 4.92231330721387
700 1.20787773474829 4.91749022893753
701 1.21152994262741 4.91272933894927
702 1.18500997727109 4.92279751551244
703 1.21490659086024 4.91575066285423
704 1.30598968196249 4.91749038809059
705 1.15103278173197 4.92121437954911
706 1.21995522769136 4.91749037950908
707 1.1874453788994 4.91582211023126
708 1.20281815939801 4.9023144804104
709 1.20343337082762 4.9174903791333
710 1.20795468237059 4.92022273960614
711 1.21281451483783 4.91699292169661
712 1.25838545225133 4.90582637595528
713 1.21743344075423 4.91749037187782
714 1.27782731666662 4.91749030781069
715 1.27619769736266 4.91749037979899
716 1.22129400889198 4.92141490611991
717 1.21730414802648 4.89723227073388
718 1.25620109684059 4.91312928430446
719 1.18879263257086 4.92575766137744
720 1.21870729767355 4.9174903294545
721 1.25209288612663 4.92422572368019
722 1.26405933449151 4.92087041659951
723 1.22486747335965 4.91953381261425
724 1.19085588899095 4.91749041477898
725 1.20292809448968 4.91731081845589
726 1.21738240056529 4.91057882716928
727 1.30475459235332 4.92263518795521
728 1.21741854404106 4.91559509618121
729 1.20596486336996 4.92153260083141
730 1.21742362605701 4.91791106439697
731 1.21745370512828 4.9199619022715
732 1.26115783120634 4.91679947403712
733 1.21743344075423 4.91749037187782
734 1.39649129834857 4.91041534724868
735 1.22931968613196 4.91749042034317
736 1.21999449043546 4.92163955119556
737 1.21430424139051 4.91063122235074
738 1.19209696567609 4.90724623533725
739 1.35158742187551 4.91749020367911
740 1.25860426523897 4.91749037170403
741 1.21742092841164 4.91589321891271
742 1.2216145469923 4.91749024512106
743 1.21743265755053 4.91615131011857
744 1.21738064058942 4.91191291915721
745 1.27926997301531 4.91749045904919
746 1.21743344075423 4.91749037187782
747 1.27948301729443 4.9204654666065
748 1.22211173632637 4.91732083217831
749 1.21743344075423 4.91749037187782
750 1.19739757453763 4.91729380507526
751 1.17263503355572 4.91099989645343
752 1.2617237903264 4.9219050541953
753 1.34907784602145 4.91882939749164
754 1.21737939541099 4.9138146298722
755 1.20872499324962 4.91749031178178
756 1.21745305033555 4.91986865634173
757 1.22069137952734 4.91749028004663
758 1.26039979079166 4.9174902862717
759 1.17100443552235 4.91749033612242
760 1.1980045692417 4.92062944288604
761 1.21292347981785 4.91903926941487
762 1.21743344075423 4.91749037187782
763 1.20252492979574 4.91171936251432
764 1.20982229766486 4.9174904196238
765 1.36862962666786 4.91196956945321
766 1.21319962837662 4.90850111166205
767 1.23161672867003 4.9134176856639
768 1.21743344075423 4.91749037187782
769 1.1828453777421 4.91749040924153
770 1.18266263799868 4.91706932900771
771 1.217379612797 4.90890941478588
772 1.21742399606187 4.91628873790558
773 1.2144598591867 4.91749040702101
774 1.14119779398601 4.91749024378521
775 1.18457151116309 4.92020300301059
776 1.1756103965342 4.91749040194476
777 1.21228348715231 4.91057885301102
778 1.17460234484545 4.91947725152001
779 1.21743344075423 4.91749037187782
780 1.54441744619971 4.91615127622005
781 1.19857902984986 4.92283294543368
782 1.18650203758998 4.91739959663755
783 1.21655524905211 4.92043148067872
784 1.22722895307434 4.91749034642489
785 1.21999218184217 4.91749031178032
786 1.21743343522528 4.91760558891474
787 1.27941100465315 4.91689092045031
788 1.20343522856915 4.92120786688201
789 1.18019426932249 4.91749041419244
790 1.21993559330146 4.9175607464631
791 1.20047142567713 4.91989255926531
792 1.27154525358093 4.91749027271889
793 1.18744059650436 4.92415180151249
794 1.28935619361552 4.92845703762345
795 1.22432660987328 4.91903801861792
796 1.20596273137089 4.91749037185093
797 1.38485660090511 4.91809924105805
798 1.21743531457725 4.92119480227398
799 1.21744055872998 4.91837956560966
800 1.17159810349622 4.91749025893306
801 1.17996424152201 4.91553310305274
802 1.21737338073005 4.90924093825692
803 1.20400418385877 4.91504121761087
804 1.21743344075423 4.91749037187782
805 1.21743767310494 4.91801214162885
806 1.21743344075423 4.91749037187782
807 1.21737981160221 4.91020355431026
808 1.22822440778331 4.91749024215418
809 1.21743295050296 4.91666916181176
810 1.31572368262131 4.91196968792852
811 1.19867967665439 4.9185317674478
812 1.17139567378019 4.91168262563968
813 1.2174474413232 4.92094395402707
814 1.2036050651171 4.91854293488143
815 1.35158112989017 4.91749014354305
816 1.30600135300843 4.91749040195806
817 1.21059359552139 4.91749021174173
818 1.21745262438567 4.92321241100335
819 1.21743452262956 4.91933974552716
820 1.21743316385802 4.91724236732977
821 1.25050565003118 4.92422568338852
822 1.21737713310014 4.90981171432712
823 1.19857321109755 4.91572825057938
824 1.35644818304221 4.9174902533444
825 1.31903822815892 4.91761608137847
826 1.21743344075423 4.91749037187782
827 1.28031370947288 4.91749032870767
828 1.21741290145381 4.91483611006275
829 1.21743368495475 4.91822364245784
830 1.22275792234143 4.90948023850439
831 1.20000658431925 4.90677470927571
832 1.21811093620624 4.93513213385274
833 1.24775363340146 4.92658433040147
834 1.20322877631691 4.91798772097424
835 1.20834358672852 4.92140248904233
836 1.1884877734184 4.92192995322247
837 1.18250272559932 4.91749035045058
838 1.22216488476996 4.91933983223286
839 1.22326705763494 4.91749037854918
840 1.23152251545137 4.92399305664197
841 1.54783469397997 4.91494934674356
842 1.18747370521486 4.92119472156156
843 1.25516654708864 4.91545919814554
844 1.27074602162647 4.90854987075617
845 1.35693817494805 4.91749026027998
846 1.11380713959392 4.91931160386764
847 1.21743344075423 4.91749037187782
848 1.22265998203837 4.91442558816363
849 1.21743344075423 4.91749037187782
850 1.20888679831536 4.9164491400142
851 1.21743420662307 4.91899587006151
852 1.37468559514795 4.91684886493281
853 1.16998523065538 4.92360616930557
854 1.21743344075423 4.91749037187782
855 1.19998991624926 4.90582619166226
856 1.21743462494229 4.91961081863586
857 1.22293274263727 4.90640072922915
858 1.22607019708468 4.91698384233373
859 1.20560226315765 4.92471996880145
860 1.14821817964927 4.9220444994067
861 1.20825951135529 4.92605668876244
862 1.15419231242529 4.91749041057709
863 1.20522394696904 4.91705245404972
864 1.22033117004268 4.91749019591424
865 1.34910241465439 4.92144523458289
866 1.15009760808412 4.91626449580659
867 1.13511403031246 4.91760541922977
868 1.21740391271699 4.91362493064167
869 1.21743316210915 4.9170684864214
870 1.19391396128839 4.91749035214903
871 1.21743344075423 4.91749037187782
872 1.21743344075423 4.91749037187782
873 1.20646298706116 4.90877997560233
874 1.20805840009956 4.91749039412043
875 1.21747148596708 4.92962097673753
876 1.18400463599652 4.91988452233344
877 1.2147801547999 4.91922433556023
878 1.25320365883426 4.91749025769704
879 1.18654316063038 4.91749037985607
880 1.2247659850382 4.91354785455904
881 1.15399373024644 4.92019318934966
882 1.35867819622632 4.92119469414742
883 1.25529592336926 4.91188723602863
884 1.21740755063058 4.914117146334
885 1.25510314880704 4.91511228702743
886 1.21744748064436 4.91923005588275
887 1.19209524175107 4.91070767363312
888 1.19895865307624 4.91875712317892
889 1.20862555737112 4.91749033389609
890 1.27378366207183 4.92067084198516
891 1.22319867151986 4.90582634358348
892 1.22722962019081 4.91901664429942
893 1.17452688131156 4.90891964603854
894 1.18968903097132 4.91737732843556
895 1.35246486863615 4.91831019799153
896 1.22195514191819 4.91749033820009
897 1.200445440063 4.9165733381643
898 1.20407409312798 4.91922437552521
899 1.23800408835995 4.92119452201057
900 1.20621797783202 4.9174903853567
901 1.1644413767917 4.91926470092849
902 1.21074079683111 4.91647239498519
903 1.20202029487869 4.92299369989668
904 1.25857048747365 4.91749027349102
905 1.21743543239199 4.9212080125953
906 1.2174546122729 4.93220329497126
907 1.19854283400803 4.91409636413209
908 1.21743786739175 4.92605411114444
909 1.30712628034701 4.92411959899731
910 1.2078590230251 4.91642453840187
911 1.21745583485782 4.92022268872235
912 1.20802147200736 4.91979827291009
913 1.21744693722935 4.91915808193182
914 1.2176974260845 4.91634721539034
915 1.19214524792029 4.92310404997709
916 1.20343337082762 4.9174903791333
917 1.22721719723286 4.91430788896115
918 1.21205839896802 4.91690295532212
919 1.29983538911003 4.9103492546411
920 1.19212899802297 4.91718425913817
921 1.21131688771657 4.91794268756516
922 1.203612809859 4.9191361056723
923 1.21740982001181 4.92035140790918
924 1.21735176572843 4.9058262165813
925 1.17081924942295 4.91749041242774
926 1.21746712019348 4.92601128336593
927 1.17284287295791 4.91969604275701
928 1.26908670406852 4.91749037829741
929 1.2403489420517 4.91749016345233
930 1.28890169409236 4.9206786506062
931 1.24158342695946 4.91749015910553
932 1.24020656635933 4.9174903982651
933 1.18487610650071 4.91278320885052
934 1.17577853704394 4.91749039961725
935 1.21740787956025 4.9165014130798
936 1.20786158371365 4.92033805067009
937 1.21743531457725 4.92119480227398
938 1.28529113716959 4.91749027844906
939 1.19156517426555 4.91613255831745
940 1.18384020141682 4.91099997583397
941 1.16902693649801 4.91805926996731
942 1.19443600982979 4.90631405187517
943 1.21734620155593 4.904916056133
944 1.20524758177648 4.91143297855361
945 1.35484028583316 4.91749038308281
946 1.21743344075423 4.91749037187782
947 1.21740646809961 4.91398387913218
948 1.14881967309962 4.91842563115929
949 1.21743409036295 4.91900384992
950 1.26337474038799 4.91953386551943
951 1.21743437435314 4.91538109837693
952 1.21741638619434 4.91531543383749
953 1.22122582057369 4.9058260625478
954 1.21743344075423 4.91749037187782
955 1.21742795448301 4.91679673404931
956 1.22623389398806 4.91306401900069
957 1.23129298833477 4.91749036465702
958 1.21742277519877 4.91388943196815
959 1.24876025015385 4.91627685989711
960 1.20342558867868 4.91749017587501
961 1.21737170024727 4.90896579343255
962 1.22805710186982 4.91564846230391
963 1.22740766512414 4.91564028204273
964 1.33440961199453 4.91749022255791
965 1.21743558332145 4.92121471057451
966 1.21477913450086 4.91749028733713
967 1.38648721247828 4.9183950037949
968 1.20721550994642 4.91749044281339
969 1.21743344075423 4.91749037187782
970 1.23165151760606 4.91749037651037
971 1.16893958120062 4.92029523997822
972 1.21263453112167 4.91444635384751
973 1.16008298767351 4.91749035542267
974 1.19022066262499 4.92463571925261
975 1.18728170405165 4.92434214542666
976 1.21741512598934 4.91873397332989
977 1.31559603730007 4.92062822177652
978 1.22792784884088 4.91202997031507
979 1.14244408897696 4.92101339929249
980 1.21743344075423 4.91749037187782
981 1.21243892818736 4.91749021789499
982 1.21741836094339 4.92278999418366
983 1.21881826133045 4.91143311719521
984 1.21746495824011 4.92271224919409
985 1.21743344075423 4.91749037187782
986 1.25088520918273 4.92123846960406
987 1.30486902274968 4.91749034360058
988 1.1875531657858 4.92361372930895
989 1.21735211289956 4.90661512055957
990 1.22008223484957 4.91531836385872
991 1.2876582874477 4.93026292739943
992 1.28933596066418 4.92516913921776
993 1.21591189722761 4.92317016856445
994 1.20044245838481 4.91920151759924
995 1.21886920720845 4.90957744315134
996 1.25883181528107 4.91749037831587
997 1.21739638203897 4.91258355692607
998 1.21743344075423 4.91749037187782
999 1.2174487142567 4.92262020891025
