0 27.959874088567 3.37022886183863
1 24.2517218725128 3.30251479279464
2 24.9712313238748 3.3234435144534
3 25.2530493298078 3.30116652122866
4 26.1052246359428 3.25336572664215
5 24.8978577501367 3.25186661617295
6 24.4581649765729 3.33419112023399
7 24.2538246611205 3.45320481992312
8 26.8190381579102 3.30116690133083
9 24.6923854032825 3.28671701721915
10 22.6068673481075 3.32259099468711
11 23.0764221353617 3.301166718355
12 24.226474291471 3.28284724506896
13 24.5395823715935 3.30116641787252
14 24.4530853619394 3.24257131805811
15 24.4577279514792 3.30116668620826
16 25.639490937006 3.31241538224986
17 26.4575571878907 3.32537142349809
18 23.0912607936408 3.36949158368187
19 25.1041255128956 3.25420971253342
20 24.1854830134162 3.3131054190891
21 23.7913678294948 3.32807463207828
22 24.4615441037326 3.52745689072787
23 20.3705992559143 3.4285373555549
24 24.6762013383879 3.2959003277997
25 23.5206971845716 3.23102280681486
26 21.9856084269616 3.50642573100484
27 22.9655992105992 3.30116684960251
28 24.455739327729 3.30051036770084
29 24.4595180119261 3.38495035284567
30 25.3480106536484 3.30116679851581
31 26.3190873078807 3.47574219072043
32 23.2626045780314 3.30116682861687
33 24.4577465859741 3.33649340488538
34 24.4602861304773 3.41799422478633
35 19.929964269992 3.32029567717827
36 24.3474076513709 3.34338128824755
37 25.2531264458678 3.3355567350342
38 24.456253465016 3.30116661338845
39 24.2110504103524 3.4728060457371
40 24.6935630902696 3.30691367680096
41 24.4551163012674 3.28917708213585
42 23.7894350710112 3.26108955188826
43 22.1468102787546 3.323436783009
44 24.4526444329562 3.23814552262363
45 24.4596890355035 3.40026756775543
46 23.7394424944976 3.30116673726973
47 24.456253465016 3.30116661338845
48 25.6019340648063 3.22637920308318
49 24.456253465016 3.30116661338845
50 24.2292315956834 3.30116651204706
51 24.4581692400627 3.36500986173677
52 24.2431162820547 3.30116653792604
53 20.3733642595793 3.534484553538
54 24.4829408699795 3.45981879453838
55 23.4214474137929 3.28301975553273
56 24.4565588683154 3.30647407643995
57 25.5477256340108 3.57949035254866
58 24.4568792913894 3.31888275710837
59 24.456253465016 3.30116661338845
60 24.456253465016 3.30116661338845
61 24.456253465016 3.30116661338845
62 25.3014417163507 3.3011666640597
63 24.4302563677049 3.37865517656417
64 21.4067401127733 3.30116635450079
65 25.2530493298078 3.30116652122866
66 26.4909110948483 3.29169470757057
67 24.1156125611127 3.27905889083426
68 25.7422702938863 3.30116653755512
69 24.9193036395182 3.2262378239111
70 23.3890661897222 3.85837030426825
71 25.0978263620763 3.27080235878875
72 24.2159766385775 3.30116661358223
73 22.2887672003664 3.29951977737143
74 16.1581235543456 3.30116668039813
75 24.4199269781579 3.30116661496527
76 24.456253465016 3.30116661338845
77 24.1122493448275 3.35539478327763
78 24.456253465016 3.30116661338845
79 24.4581258047255 3.36416281697259
80 24.456079784034 3.29613217759367
81 22.5811215401824 3.35311313234685
82 24.690330988809 3.30116629287763
83 24.4568462212405 3.31801904589206
84 24.8871574600159 3.30116656536974
85 20.8833276799659 3.37692508515393
86 24.377667918744 3.33444962264941
87 24.7461321495195 3.2763938068897
88 26.6231102858173 3.3047658618306
89 24.4183027565639 3.38794710031883
90 23.8996140327365 3.27215744141906
91 23.2061174504259 3.30116685880677
92 24.3719703035513 3.36949151268538
93 24.4557090059773 3.29169460224432
94 24.455058995759 3.28038083238389
95 24.4553129076131 3.27456140952569
96 24.4579332240627 3.34912159388648
97 24.456253465016 3.30116661338845
98 24.456253465016 3.30116661338845
99 25.139210132779 3.2542095321566
100 24.4586925578524 3.37124007875037
101 21.4864290466038 3.29413713658273
102 24.4628830884017 3.46631166458741
103 24.4597051166176 3.40073126806469
104 25.6635748433229 3.30116655124997
105 24.4559679540627 3.29617416273109
106 24.456253465016 3.30116661338845
107 24.456253465016 3.30116661338845
108 20.1149276743895 3.27185419732028
109 22.0634560212508 3.32875925749056
110 25.3051277676444 3.39015842214639
111 25.3082764343778 3.34318227286246
112 24.6569901127743 3.33380105301315
113 25.9381039651604 3.27442680026272
114 22.835273118827 3.34376082139356
115 24.4621194542474 3.47280592681726
116 20.4556357379162 3.24651736917482
117 24.5817205802696 3.30116634947485
118 20.9889330819847 3.30116695861935
119 24.4563914356715 3.30353952354223
120 24.3926451986453 3.38969695449403
121 22.5409765728881 3.7478758851911
122 20.9574561154358 3.30116655511623
123 24.2811053384483 3.15232641330466
124 25.0239467475677 3.30116668719603
125 24.4582473616388 3.36033396900372
126 26.1109909175431 3.38505870025413
127 24.4546673458013 3.27354210813839
128 24.4606459490583 3.42873748416195
129 24.6957204438655 3.31888018510848
130 22.429257006201 3.30236326779202
131 23.9381179197776 3.30116694993091
132 20.6704517878478 3.34182592965031
133 26.1718617572869 3.30116650232564
134 25.050935440326 3.28247122383459
135 24.5336257793097 3.36370920370617
136 24.4586627133302 3.37027074862524
137 24.9773637566585 3.30116652261082
138 20.7169616620354 3.36648978373484
139 24.42347906643 3.26488505248836
140 24.2627838972868 3.31268077071085
141 25.3425420772134 3.27928836130525
142 23.3763190196824 3.27830135416385
143 24.4905823531615 3.46177787640723
144 23.656786052618 3.30116650216216
145 24.456253465016 3.30116661338845
146 24.2943159714804 3.30116676414305
147 22.4825148464062 3.30116658008876
148 24.4572892111363 3.35255300466998
149 22.2579678270448 3.33535521350111
150 20.4135344354811 3.19521763235288
151 20.9008980980173 3.30324069068942
152 24.456092484616 3.29679553403926
153 24.4571663682917 3.32702410201441
154 25.4628641366793 3.30116641352535
155 24.6984828181126 3.35470294147752
156 22.1889155865876 3.30116666791316
157 24.456253465016 3.30116661338845
158 25.1286493345724 3.25167085655544
159 24.4542730267639 3.25729167755383
160 20.8983491062386 3.30116683214027
161 21.4176881864088 3.30116655148624
162 24.4633925870357 3.51186072480339
163 26.3578412337927 3.26893299944147
164 24.456253465016 3.30116661338845
165 22.3161522153708 3.24914230840711
166 23.8735388438098 3.2597317441606
167 24.4590710947685 3.37238454370982
168 24.4568507434823 3.32645428989324
169 17.6295471877096 3.27112048139354
170 24.5338154957594 3.24753489310669
171 24.456253465016 3.30116661338845
172 25.0331720575574 3.2460737364713
173 24.5050283478062 3.23196827447453
174 24.4599755250211 3.40877822049493
175 25.9511400519712 3.15857075840381
176 15.904774741068 3.28868993162445
177 22.9891404031167 3.24914249925254
178 24.5022508048352 3.28035350832035
179 24.456253465016 3.30116661338845
180 17.8438297098144 3.30116683317514
181 30.3171686650981 3.27406199735098
182 24.456253465016 3.30116661338845
183 24.987029893951 3.30116684635905
184 22.2134097000763 3.3011668095321
185 18.8736221371682 3.33502875105046
186 22.8313152635472 3.33555722539028
187 26.988947154782 3.29878312618772
188 24.3929827370887 3.34912127399237
189 26.1655635209147 3.30116643192433
190 24.4540621191558 3.23984564118519
191 24.4545101789033 3.27080241656136
192 24.456253465016 3.30116661338845
193 24.4573085454991 3.324656174229
194 24.4501048792928 3.19326429714159
195 24.4583111234837 3.36006480300742
196 20.3145000275329 3.51300895259027
197 24.0772803892959 3.30116647320592
198 22.2871801135098 3.26373835264842
199 24.8623874823528 3.19474435497497
200 24.4553044661987 3.28476715862538
201 26.6363525214677 3.3037345192221
202 22.1754613311754 3.31622761230881
203 25.463068429089 3.25924705639502
204 24.8551543145235 3.30116662550278
205 24.456253465016 3.30116661338845
206 24.9112152689703 3.30116677827072
207 24.456253465016 3.30116661338845
208 26.127409647061 3.57877399905003
209 24.8993725438928 3.4245267737427
210 26.2790819790761 3.33920627651206
211 24.456253465016 3.30116661338845
212 24.4394569745222 3.3011666012028
213 23.3747178483847 3.33852651447156
214 24.4542355537651 3.2659627107827
215 24.7512972202523 3.30878184186101
216 25.9669029482788 3.30116659279937
217 20.9264308748853 3.2718542168545
218 24.4504005522373 3.18970349738696
219 22.4199566081436 3.30116681274068
220 22.879997356151 3.30116676417211
221 24.4544157580438 3.27691575172371
222 24.2276428102984 3.42100431612121
223 25.1657885145957 3.23566804311938
224 19.9844450181284 3.27697990230035
225 22.1894152682027 3.3591691266818
226 25.6269629120124 3.32708638686358
227 24.4555163611641 3.28029136709212
228 23.9677328270521 3.44001747766965
229 23.6489722355881 3.3546302384386
230 24.4535614670512 3.25710283656715
231 26.8908051981554 3.45553547713291
232 22.1889155865876 3.30116666791316
233 24.4577888030335 3.32967024267359
234 22.8193998403047 3.23814568298639
235 24.2551035069622 3.25666455126209
236 24.7503272143486 3.30116660387776
237 24.9458672409962 3.35084972241699
238 24.2431162820547 3.30116653792604
239 24.1770481786673 3.30116657033451
240 26.3154802526737 3.46763458539432
241 24.4579943506672 3.33823465359215
242 25.1859074401254 3.26049960878063
243 24.1798368231167 3.28860144892177
244 21.3339038156057 3.41585590123664
245 24.4596680249431 3.39967851132424
246 18.2759997488835 3.31615461220491
247 24.456542930271 3.32104283782166
248 24.7439793992562 3.30116651534999
249 22.2603343144338 3.29530818719425
250 24.456253465016 3.30116661338845
251 25.5362002528455 2.98760250734345
252 24.7263566501785 3.24334273363016
253 24.587023608991 3.38661749834388
254 24.2330656763689 3.27121221487424
255 28.3301110842267 3.30116614431478
256 24.456253465016 3.30116661338845
257 24.6604653551887 3.52267723884794
258 21.4059491337449 3.27476168652004
259 24.3291448862687 3.45687025060942
260 22.5514650077352 3.4002680790442
261 20.7760073205122 3.32091501574765
262 24.453393157516 3.25125261889055
263 20.3727562328145 3.48939397913215
264 22.9798730740938 3.33193254143245
265 24.4579537952837 3.34974275056489
266 20.3671288310404 3.30116659347534
267 24.3883455434557 3.30116654431064
268 23.6475604138553 3.31241520870861
269 23.9882707486129 3.24063572895774
270 24.9263849227278 3.3181726415752
271 24.2882488640048 3.30116655045641
272 24.8577507892804 3.36949123135405
273 13.982995977446 3.30869737599954
274 25.3072865852806 3.29922749008405
275 24.4552747013468 3.28413416998376
276 24.9135982972209 3.30116671019452
277 24.4564350309116 3.30423660408642
278 24.4589508263585 3.37865505861525
279 24.7242688640786 3.32091487242428
280 24.1447208648252 3.30116636829769
281 22.660130118215 3.28718601202161
282 24.9730114326527 3.31615479164897
283 24.4515726012606 3.21923417768101
284 24.4391424700181 3.30116658269869
285 23.8285015356662 3.29559490044989
286 23.7839975429182 3.44664344939702
287 27.7337122568624 3.25699299483259
288 25.6184163652082 3.16285101150508
289 24.4553764305568 3.27639362028229
290 28.6310618965064 3.42853718651291
291 24.2972957452248 3.45367118081355
292 24.4584616955274 3.35159366616003
293 24.456253465016 3.30116661338845
294 25.0544423247635 3.19262669978692
295 24.4557283883609 3.28629482518408
296 20.7169688810553 3.36673244473332
297 24.1596942247571 3.40296830964958
298 23.8368514931095 3.3011664496617
299 24.5449621177612 3.31386375538685
300 24.4646754248616 3.5512209753362
301 24.8642524462506 3.36180428672751
302 24.4573053242417 3.33104742092794
303 24.4524797382669 3.23522415996799
304 25.4150126503893 3.3348866242023
305 24.5465091889889 3.29617400136061
306 24.456253465016 3.30116661338845
307 24.6124278698721 3.27476148847555
308 25.1690976728254 3.30116679288057
309 23.620559762511 3.25973173570088
310 25.9565197903397 3.27283806117847
311 24.4564928678635 3.30726781091025
312 24.456253465016 3.30116661338845
313 23.7581959028743 3.26793646681663
314 24.7043860106396 3.3228003661107
315 22.4187841713036 3.27847999915684
316 24.4555570581574 3.28486887585511
317 22.0261533808572 3.35300795482777
318 24.456253465016 3.30116661338845
319 24.3303639666783 3.30116669806287
320 22.1872681668324 3.30311192043651
321 24.4576962823934 3.32075824464879
322 26.2221597056149 3.23814575482035
323 22.4203171446649 3.30813557943734
324 24.6931725070793 3.4324972776453
325 24.456253465016 3.30116661338845
326 20.1716807107465 3.30952467896015
327 24.4566424325071 3.31221524805616
328 23.4643224001824 3.30116654261379
329 18.535684265263 3.30116683274996
330 24.4568606162278 3.33620892932703
331 25.1910449647317 3.31650198475639
332 24.3450214530566 3.30116670089149
333 24.5652381752535 3.30101880173933
334 24.6731776962846 3.30116651610989
335 24.234984345222 3.30116652095042
336 24.9666660502283 3.30626461442897
337 24.2431162820547 3.30116653792604
338 23.9547638397815 3.40308348147951
339 21.392207990631 3.30116667078025
340 24.1938129348244 3.30116632438373
341 24.4603344505491 3.4095228185436
342 24.456253465016 3.30116661338845
343 26.4372410381142 3.25674538552225
344 24.4558750400582 3.29458025966719
345 24.5256869978902 3.30116649679064
346 24.2454025182522 3.29072812638223
347 27.0646623394664 3.4659489152237
348 24.3886530927018 3.30947045275025
349 24.8815147021348 3.50763864028069
350 23.2690046699476 3.35562885263684
351 26.1125186683222 3.19182049075629
352 24.4555962216087 3.28190811093504
353 19.707244805538 3.29917925131097
354 24.4564218247734 3.30402751361574
355 22.4100327044897 3.3011666895153
356 24.6991700583257 3.37019729339143
357 26.7567688607678 3.26832487547606
358 24.8735365451408 3.27452047478431
359 22.5298393035229 3.27250765879116
360 24.5203569056388 3.30116644898792
361 24.4464844839163 3.13891912889819
362 24.511661439873 3.3011663137581
363 24.456253465016 3.30116661338845
364 24.4603102803985 3.41865764883235
365 25.3148427453334 3.28029101849605
366 24.4795507433963 3.36576293501571
367 24.4249755375673 3.30116657697257
368 24.7763775498918 3.40014137181113
369 23.4255266040363 3.25398064892686
370 24.8487267354654 3.3011667549743
371 24.4465015833748 3.30116641911807
372 25.2641899732353 3.30116641795046
373 24.4498785001728 3.18928026801249
374 24.0914532541081 3.12714154873921
375 23.6458190948546 3.26123777338179
376 24.4929381958152 3.24992427921316
377 22.4291977840274 3.30116660998999
378 24.5291911189857 3.22068716200892
379 24.4572725974686 3.33016267904096
380 25.4426272527008 3.29661787964731
381 27.7952964513785 3.33179546664004
382 24.456253465016 3.30116661338845
383 20.7316953468729 3.30116660589423
384 24.4584178280186 3.33848135063858
385 24.2443366986466 3.34992190301654
386 20.9722457471385 3.32439697068972
387 25.4572985867819 3.30116643938208
388 20.4213936462858 3.24914269616356
389 24.1903652116029 3.22979990243097
390 23.8663932297414 3.297186599397
391 23.4665131680671 3.37411364456996
392 24.4534966020451 3.23434186267205
393 22.8243663317146 3.20116145041904
394 24.451646894331 3.22057717752441
395 24.8196904791858 3.30116657541239
396 24.7482659395102 3.21702661495268
397 25.4019534785944 3.45320446589437
398 24.4520035253523 3.22684389223022
399 23.6001850275588 3.30116672594313
400 24.4583372164255 3.3501156291762
401 25.9504802643028 3.30116658395794
402 24.4626906757216 3.47152404271126
403 23.3295466018915 3.31403291049446
404 24.4569980676921 3.31403277229125
405 24.4596953811458 3.39165848398612
406 26.3595704109766 3.39314278463526
407 24.849300274594 3.45651753000947
408 24.4486878195019 3.34016155912725
409 21.8759978819408 3.32054674613565
410 22.4726080968424 3.30579092061205
411 25.217731892755 3.30116652461594
412 24.9871080659127 3.30823997781203
413 24.5738704240324 3.30116645546674
414 25.1296634962695 3.30116653631571
415 24.1466411575927 3.32235115461741
416 24.4384148463204 3.42170415958412
417 24.4549265613033 3.26379693630133
418 24.456253465016 3.30116661338845
419 26.0951473945321 3.21391944908573
420 21.3581809649227 3.30116638122806
421 25.7395308552791 3.30516632069783
422 20.1154227209863 3.2714540156462
423 23.158060437149 3.30116676451235
424 24.8827110601896 3.27799494141665
425 24.3941862250109 3.30116668257585
426 23.3811331173185 3.29456655411385
427 25.3700144438251 3.30116635814955
428 24.4574114390297 3.36374033345379
429 24.5175515337812 3.30116650808196
430 24.5234732306122 3.31058227905082
431 24.6045752774622 3.30116660711724
432 20.2252027924446 3.24578635604557
433 24.4578501994188 3.32875906830815
434 23.9668795405078 3.48259675630123
435 26.3100702172733 3.3011665437695
436 24.456253465016 3.30116661338845
437 24.4560663125402 3.29788744936306
438 24.4583392305879 3.3713546136572
439 24.4558004025183 3.29671967903725
440 23.0121527617206 3.37650222273194
441 22.2988621661263 3.27966980735419
442 22.7250518665723 3.33183068605367
443 18.1325525453903 3.2923551085408
444 16.8606710755695 3.41799422442488
445 24.4662210753927 3.30116656150734
446 24.2778850121885 3.30116658446588
447 25.1842822612676 3.25666440362086
448 22.4487256040429 3.32620166447992
449 24.456253465016 3.30116661338845
450 24.1269964273626 3.35463017559034
451 26.3802795970242 3.30561157108659
452 23.1905276840783 3.30116677555242
453 29.9455768778204 3.28696231949791
454 24.375391393267 3.30116653710953
455 22.8781660234801 3.30116670982739
456 23.1000272896094 3.30116682761939
457 24.8498986823132 3.33660479922698
458 23.8850551851237 3.30116629511999
459 24.4612003539834 3.44524166483875
460 24.4544751557003 3.25117899594414
461 24.4416850749508 3.29177065206217
462 24.7789763639019 3.2724532567072
463 22.1680310057367 3.29156084527447
464 24.456253465016 3.30116661338845
465 24.0425681868957 3.39959424366085
466 23.646253263584 3.30116666880731
467 16.9096395639715 3.42853737625381
468 25.2444721424096 3.45320485315832
469 24.5840843649475 3.36121304244538
470 17.3685296765578 3.30116651096037
471 25.2963209516263 3.30116688575531
472 24.4545101789033 3.27080241656136
473 25.9351748411755 3.30116658793772
474 20.5702701584014 3.30116676060498
475 23.6734893304556 3.32077440347045
476 23.6595114474135 3.32350641604193
477 19.9291968115118 3.27346576954332
478 24.456253465016 3.30116661338845
479 22.1759870696139 3.34300242952104
480 24.456253465016 3.30116661338845
481 25.9840968403094 3.30116669204308
482 24.456253465016 3.30116661338845
483 24.1142947704834 3.34300233742702
484 24.2919317129178 3.29872743487534
485 23.2781501480274 3.36121309410638
486 22.4207526277199 3.31651552298031
487 25.9749596137778 3.4579335422309
488 24.4553198831342 3.27476158521694
489 24.4569980676921 3.31403277229125
490 23.8220775398049 3.31436372900431
491 24.4526444329562 3.23814552262363
492 25.3914177154771 3.00096145442551
493 25.0013795991459 3.20333604155082
494 24.1439703746836 3.30116668933017
495 20.9990271832251 3.32041554622883
496 23.142793923616 3.32310616873201
497 25.7516419689545 3.25309624548412
498 21.0492926062048 3.30116671889343
499 24.4823330405047 3.27903554909279
500 20.2940073577512 3.31221145189574
501 23.5420701281912 3.32832102578037
502 25.055646581123 3.24056216737026
503 24.6754922861959 3.30116614392091
504 25.9943395062635 3.36949161966578
505 24.4557243017925 3.28786601547242
506 18.4595271081448 3.29169487832547
507 24.4410704118246 3.03023046341389
508 24.6482483613297 3.30116643993642
509 24.375391393267 3.30116653710953
510 24.5761166365133 3.32776945491807
511 20.9593600140899 3.34392594908988
512 23.8760940780753 3.3786552698444
513 25.3519516300904 3.2916336122238
514 25.9585865906573 3.3011665151786
515 22.7863984499654 3.49041637749901
516 25.0580477939784 3.30116657596113
517 24.4552747013468 3.28413416998376
518 23.8802555246489 3.3189954136143
519 24.4545101789033 3.27080241656136
520 23.2027548561779 3.30116687309869
521 25.5921107997333 3.45320482061125
522 23.1943456402607 3.30116674974377
523 20.2655166553764 3.30042570358464
524 27.0822829854012 3.30116643719291
525 24.6937824131612 3.25125240536941
526 24.8969013122497 3.43099144954564
527 22.5866554374259 3.30116678610933
528 24.3930220930924 3.2049541928759
529 24.3778484424934 3.39450446185303
530 25.2545303024413 3.32597577563243
531 24.6871476270746 3.29289132720289
532 22.0783169643773 3.21495431908768
533 23.4095320258266 3.53136724636977
534 24.456253465016 3.30116661338845
535 24.456253465016 3.30116661338845
536 24.492445731053 3.30116651407491
537 24.4860973045332 3.30116663949907
538 24.456253465016 3.30116661338845
539 24.6904686651872 3.35385069773372
540 24.4528745132598 3.24215172896763
541 24.922663831831 3.21110083238809
542 24.5118072648367 3.26839949876504
543 24.4577512094755 3.32707000371828
544 24.4307248817066 3.30116657123587
545 24.7833498847142 3.29844923721726
546 24.4890773389639 3.30116667144524
547 24.4594980246761 3.39490682387328
548 25.1670816496135 3.24627102287682
549 24.9411481731284 3.38759649695999
550 23.1122195603297 3.30574856022136
551 24.5129589572725 3.26391278569703
552 24.6396294677314 3.32415915462939
553 24.8433458729841 3.20962766835963
554 24.3750408249268 3.30116660996199
555 17.7912299825451 3.3011666411928
556 24.4491043339959 3.16775163398521
557 28.2709805826553 3.2257412137417
558 23.6777904362906 3.321088902488
559 23.1881362903574 3.25666443032195
560 24.4545205652741 3.25280085445635
561 24.4030077435502 3.34481371306849
562 24.4591142193577 3.35046571228064
563 24.4548893498097 3.27740346155895
564 24.456253465016 3.30116661338845
565 23.6180478265059 3.37865533214542
566 24.4553198831342 3.27476158521694
567 24.3042425497874 3.37207214964207
568 24.4775058968289 3.30116654428443
569 24.456253465016 3.30116661338845
570 20.7467915489253 3.41332819692648
571 22.2716778616295 3.30116708038467
572 24.9112152689703 3.30116677827072
573 22.4005103843839 3.30116656630456
574 25.0175998143566 3.4617779089303
575 23.317015218336 3.33548326792536
576 23.9144208157227 3.28284761485088
577 27.218029532047 3.36429900764771
578 25.4454418497062 3.37123986153816
579 24.4493466201137 3.17980654979803
580 24.889067612609 3.27639374407953
581 24.4566753531797 3.30844960089427
582 24.4547398376343 3.25850958430109
583 23.4828446673686 3.34851481008622
584 24.9817959674552 3.33248233171633
585 24.4553252984379 3.27502482465085
586 25.1869134778395 3.30116663242053
587 22.2390173833196 3.3011666380824
588 28.4441604219292 3.25045203690202
589 25.4053568335939 3.50555160091471
590 24.6042054998769 3.26901847789915
591 20.7207220640755 3.30116672342184
592 14.9953563930224 3.30116685653832
593 25.1314608993285 3.30116675569207
594 24.455007463041 3.27948170102562
595 24.5301819122209 3.39490681523023
596 24.457244505079 3.31092925495019
597 24.2226388823412 3.30116658335601
598 24.4636375211974 3.48819053817131
599 23.3340724558608 3.29525808216617
600 24.4645130405107 3.54625972978627
601 25.0069650581945 3.29709017356341
602 24.4581234278445 3.35462994615801
603 20.1868190581301 3.30116669214147
604 24.4542197168309 3.24698790510128
605 24.4880913489217 3.32486527523038
606 24.4574274810802 3.33455504326722
607 25.4423665204274 3.28663158680643
608 22.8219742829196 3.24022101154239
609 24.4606459490583 3.42873748416195
610 23.7123679219452 3.30340017874172
611 26.2088267843416 3.29522598310601
612 25.0493087562129 3.30116642069954
613 24.4008577957919 3.26487142981224
614 21.3352463995473 3.30116631048961
615 24.4570328463019 3.3050495740109
616 24.6902971613872 3.3490155711404
617 24.4539208370165 3.26049951849388
618 25.8198579352323 3.37865482897366
619 22.8915988976548 3.30116677712294
620 23.1966059740568 3.30010284318841
621 25.6272564131025 3.36636635372337
622 25.9450852495523 3.26844184216655
623 23.5015237253421 3.20518994444172
624 23.5019219650059 3.25779043678067
625 19.5924145950643 3.36949160480173
626 24.4501212089116 3.17176854245831
627 24.4020445105209 3.30116689879066
628 22.9174323458005 3.30116687197779
629 26.5243391736775 3.30116681804148
630 24.4584600073892 3.3487468821108
631 24.7778557809745 3.28614533978819
632 23.1400382950031 3.2878065056805
633 17.160518098046 3.32938353183902
634 25.3433996049554 3.22339244919278
635 18.4479414960908 3.32873045914011
636 24.4633708510532 3.49504737714385
637 22.885503478523 3.30116669716365
638 24.4543043120458 3.24651318035135
639 25.2702316431508 3.30116666709499
640 24.6238730068088 3.30116634843819
641 20.6702537326178 3.30116671601756
642 24.2456870804906 3.28718613807567
643 24.456253465016 3.30116661338845
644 24.4562122470718 3.29991318439966
645 25.6209054072447 3.20509178501408
646 24.2599494816506 3.30116673241501
647 24.4614525030528 3.48752080267355
648 24.3400230331064 3.30116654906365
649 24.9332722315901 3.08591667033047
650 24.5256869978902 3.30116649679064
651 24.3676130956747 3.4102446929075
652 24.4568220078848 3.32532047865602
653 24.6815236822586 3.30116653523249
654 16.0210854037072 3.3011664486225
655 20.1204335047209 3.36121315790598
656 23.0820978244007 3.36673224045338
657 20.3308052481347 3.3011666966628
658 25.262697561249 3.3011663378884
659 24.4461015734697 3.12176517670908
660 24.2733163855749 3.30116660071037
661 23.2391917885257 3.24115266921717
662 24.4494516587027 3.18265659022653
663 23.404048549057 3.30116655246705
664 24.9244366165945 3.32936693936206
665 18.2237030216848 3.25538595613534
666 24.180271469351 3.30116635411417
667 23.3689802019553 3.30116656018373
668 22.7237757871297 3.30764675294576
669 24.6886064907516 3.30116644189584
670 24.9371847272879 3.2303424532656
671 24.456253465016 3.30116661338845
672 24.456253465016 3.30116661338845
673 24.5369550618098 3.16324936688704
674 24.4535747473395 3.2396557126962
675 24.4512359873004 3.21329999701853
676 22.6544610136201 3.3847325205372
677 20.1532678857562 3.37916427686646
678 19.8643330665426 3.46177805485898
679 24.2405554793425 3.2533632467898
680 24.5927854762877 3.2667300292894
681 25.5719107930431 3.23872238122205
682 24.2442406885899 3.30116654977051
683 24.6205482285526 3.33195375868624
684 24.4559424797378 3.29573741899824
685 21.3058285964939 3.2763942619591
686 23.4451766516058 3.28915971755716
687 24.291207106681 3.39165838823175
688 22.8282256138019 3.33689665792919
689 24.4579332240627 3.34912159388648
690 24.5478481493202 3.30116644591566
691 24.4540484225123 3.26271943362263
692 24.4606758352716 3.39679063336001
693 24.456253465016 3.30116661338845
694 27.121989207716 3.2745205709636
695 26.5130240678871 3.52258268534616
696 25.6195246567576 3.32280047598018
697 23.20987499225 3.39313852280266
698 20.6447662312932 3.32580107202966
699 23.6330192245828 3.24022105700521
700 24.456253465016 3.30116661338845
701 24.3318964303807 3.33628513664805
702 22.2518102148116 3.29423904716286
703 23.637155495362 3.18455552517621
704 24.4249976005632 3.32798288439497
705 19.2366512333689 3.30116677890358
706 24.4569580202592 3.32113638713345
707 24.8656562958198 3.3011662887371
708 25.569846200898 3.30116670825353
709 24.4559234099486 3.29540463967397
710 25.4159270194053 3.28051800578166
711 23.2992405247533 3.28602100840457
712 25.3586191167859 3.30116651754729
713 25.0595158450786 3.32582694116844
714 23.891252211403 3.47746172375673
715 24.4554658360539 3.29686216483998
716 24.438901009915 2.99157746438309
717 27.4578085213334 3.36340372345997
718 24.483210748788 3.24883046290036
719 24.9263849227278 3.3181726415752
720 22.6236591552407 3.32046246818599
721 23.0053272916743 3.42850566767333
722 22.7271719682596 3.31650219883539
723 26.5873046511573 3.25507523186302
724 14.2116031397516 3.36949171842607
725 24.1788503027456 3.27606029387433
726 18.5243363369097 3.30116680117568
727 24.4609135144559 3.43671039204547
728 24.2021121469841 3.2760569692229
729 25.0849092695703 3.28645525993848
730 23.5023019774362 3.31241533958064
731 27.0362019315026 3.30116621524895
732 21.7463221638763 3.40713492868913
733 24.456253465016 3.30116661338845
734 24.4554368385537 3.27801607358595
735 25.2544529789993 3.3300988194277
736 15.2992244806234 3.42853710217694
737 21.0319405763851 3.32732454348945
738 24.1763740341496 3.40026775250655
739 24.456253465016 3.30116661338845
740 23.425582347136 3.26124583927998
741 24.456253465016 3.30116661338845
742 25.6781843695309 3.40892242208732
743 23.9857205523569 3.31137853406317
744 26.2490941586148 3.30116663564027
745 25.503522562211 3.32586413060862
746 24.5690517347666 3.44665376537699
747 24.4994581895809 3.30116644820757
748 19.4526088091311 3.41164318741797
749 24.3051368257525 3.25418107951976
750 24.4048467206852 3.47545981037259
751 21.7234959592926 3.30116648122043
752 25.2766132879333 3.30116671549862
753 24.4560033423441 3.28645643943969
754 24.9279059989609 3.30116656437727
755 23.2993555162727 3.28816520636637
756 22.046130048541 3.37924711117295
757 19.1206129984977 3.32873040268164
758 24.0673981981393 3.31362015943557
759 24.4221913138533 3.25254137317451
760 22.4097903695417 3.25390710593056
761 25.2530493298078 3.30116652122866
762 24.8567878899883 3.3095244595739
763 24.3784623987769 3.40026777132399
764 24.4586305024638 3.36949136671013
765 24.454680984041 3.25699327652682
766 24.1244648939411 3.34623570213116
767 24.4573323596629 3.33179563810813
768 23.2987671828319 3.26554661094264
769 24.4482485049254 3.16026136117853
770 20.3632105928499 3.21495471525455
771 23.885258214776 3.30475197582413
772 24.3450359708809 3.28548369721102
773 25.9652829796642 3.2882342553769
774 24.4533754351742 3.24309979388743
775 22.8384555432217 3.2472642898153
776 17.5836757764066 3.2691159848295
777 24.7533446340063 3.30116650342427
778 24.967451305336 3.23763570923647
779 24.4516438923017 3.22050439076061
780 24.5616653829499 3.30116651027825
781 23.6351203947633 3.30116674840491
782 26.5909562595011 3.26151893580806
783 24.3287364698079 3.41515036943194
784 24.7740833656187 3.34669206655381
785 24.4574790721384 3.32235135674124
786 24.4617526103725 3.46177794119426
787 25.2103767311609 3.32873014466679
788 24.4589508263585 3.37865505861525
789 24.289263881647 3.30116672487071
790 25.7828750511053 3.30116670278076
791 24.4588167921544 3.35855614087134
792 24.8782681151555 3.39453698678252
793 24.1234700360248 3.30116643016505
794 24.4586305024638 3.36949136671013
795 24.5264429786942 3.39002219553255
796 24.1970327092166 3.46788566767807
797 24.456253465016 3.30116661338845
798 18.6278669132859 3.30947070568877
799 24.4508150143961 3.20636524696779
800 21.4603117228393 3.30116656971237
801 23.3737082922941 3.30825412102341
802 19.8602418169799 3.30561195941175
803 24.4664895796441 3.3011664757114
804 25.9141505851168 4.3127362675593
805 24.4551809093959 3.2824971484043
806 20.2681090224706 3.3694913942231
807 24.4594005478276 3.38357769342555
808 23.0805703833614 3.31943024700562
809 22.6219065515951 3.30116684655543
810 25.4789943807292 3.42544044891869
811 24.456253465016 3.30116661338845
812 24.2877340816342 3.25400555303809
813 24.4560291369988 3.30317060105225
814 24.813418552367 3.38857679442837
815 23.334269413632 3.30116666871223
816 22.3863447918502 3.39490706584186
817 24.4560536924573 3.31475767796698
818 23.3792097026114 3.30116637019737
819 24.6953325877959 3.29522650020448
820 23.6941192846311 3.32047881734187
821 23.5402673962436 3.37027096061847
822 24.4563651454182 3.30311482470555
823 24.3567229466629 3.30116660562042
824 25.1545161881475 3.28090290328497
825 24.6935682360432 3.43008186940107
826 25.29676951826 3.22111198987757
827 24.8289227203607 3.34984836790673
828 21.9487758703158 3.29887880706439
829 24.4560621289872 3.28759430231337
830 24.6944070819275 3.31289547168998
831 24.455461917993 3.2787428575638
832 24.5753798587258 3.38661757965761
833 26.2323939578067 3.28731263975593
834 24.38487250057 3.30116648549785
835 24.2805872864792 3.24627107531665
836 21.7326849933879 3.30116631978032
837 24.4573960159774 3.3209150324572
838 27.4674455825166 3.36904396739201
839 24.4624255657318 3.48214795502095
840 24.456253465016 3.30116661338845
841 24.661854132134 3.43301349663625
842 24.423696633104 3.41670906603783
843 25.8744244170804 3.23984587979963
844 24.7698136653543 3.30485290582534
845 24.4030116605224 3.4002677734261
846 24.926542706854 3.32264067609335
847 24.9366627028103 3.27826030057212
848 24.456253465016 3.30116661338845
849 24.4589561623967 3.34776032898665
850 24.6582049752616 3.32702405795554
851 23.2050669664258 3.30454981814526
852 22.7683410705453 3.425821788376
853 24.4548456392122 3.27663605263762
854 25.2381048174031 3.28453372846335
855 24.6340047740415 3.32218232609431
856 24.456253465016 3.30116661338845
857 25.7613187833642 3.30116674747598
858 24.1212790842331 3.30985100497194
859 23.8136812698233 3.2467027054547
860 24.9283254030145 3.30116633066763
861 22.907232980451 3.18885856717668
862 24.456253465016 3.30116661338845
863 24.1753156498739 3.21329995007609
864 22.3813733849184 3.30116680430321
865 22.1899285483152 3.32091511426383
866 25.1127976659783 3.39618131100547
867 22.5960395986 3.52274358372278
868 21.6402576685544 3.30116687294709
869 26.4863448456466 3.39618880391251
870 18.9176088602849 3.428737624201
871 23.3407843921809 3.30116664664449
872 24.4569235575685 3.31275071392439
873 24.4541919406486 3.24336405010259
874 21.575471878279 3.34376074909771
875 18.6943875154748 3.29456687420262
876 24.456253465016 3.30116661338845
877 23.8868768654011 3.35480900435564
878 25.2502224087566 3.30056637453823
879 24.1025990956615 3.22427211488686
880 24.240306711409 3.25171816472981
881 25.3457458144271 3.60849211695432
882 23.5063250031112 3.25674579686219
883 24.7284386722169 3.30116642535625
884 24.4548972571595 3.27760905282511
885 22.6554845646706 3.24547041376981
886 25.5183506733608 3.30116647185711
887 24.7907967697402 3.30116639937736
888 24.578483684449 3.46389326818682
889 24.456253465016 3.30116661338845
890 23.7155298392878 3.30116630545007
891 24.4552021172899 3.27144392193169
892 24.4565588683154 3.30647407643995
893 25.5837170947079 3.3317954217446
894 24.720225014281 3.53857958180328
895 24.9887627336577 3.30116660417817
896 23.5932684909376 3.35557798362683
897 24.4562194160105 3.31492980932428
898 24.4484381399192 3.19654494662215
899 24.4615572326173 3.45595392996002
900 24.9887627336577 3.30116660417817
901 23.245931444552 3.30724179553918
902 24.4670556837418 3.62631789870315
903 23.6530940995407 3.48211601164333
904 24.9706361548268 3.39994910287482
905 24.4567249453159 3.30928769922315
906 23.7536756559849 3.30116671546223
907 23.2313882129565 3.30116668148416
908 24.6867929829466 3.2557310519402
909 20.114843176317 3.25053640863733
910 24.4559679540627 3.29617416273109
911 24.457706130372 3.36233898986798
912 24.456253465016 3.30116661338845
913 24.4508283970735 3.20610151709287
914 23.203929295566 3.28347379476577
915 24.6527592491501 3.33831144760475
916 18.4617938266771 3.37926596535469
917 24.9997899322912 3.37532766099401
918 24.4586305024638 3.36949136671013
919 24.4543698385553 3.24828246253412
920 26.6066692629617 3.35681716351141
921 21.7383783998764 3.27801734870063
922 25.1956603377605 3.29522636832375
923 24.3015357255065 3.27737354388214
924 24.8271919735059 3.3011665625932
925 24.3409082162172 3.33555670207642
926 19.5667968212088 3.30116688981107
927 20.8947232244477 3.36673253912829
928 24.42522010297 3.50923405982718
929 24.1770481786673 3.30116657033451
930 26.5273161191019 3.37865531913349
931 24.4539208370165 3.26049951849388
932 26.8150464025192 3.27639393885211
933 24.456253465016 3.30116661338845
934 21.697165995631 3.26373880387622
935 24.1204576667339 3.23753437914593
936 24.4579134148214 3.38191274064609
937 22.3813733849184 3.30116680430321
938 24.3913131861153 3.32190048255544
939 24.2118593563484 3.43164413560744
940 27.2155439814001 3.30116655570444
941 23.1739070802089 3.30116678959158
942 21.1453581268059 3.46009886157839
943 23.4313385439892 3.27338178113027
944 24.4512359873004 3.21329999701853
945 25.312903653469 3.18665716216684
946 19.4188323256888 3.35139525507562
947 25.2690842340273 3.78114741822368
948 24.4825661076167 3.44858055268905
949 24.4875978489241 3.30709490411332
950 24.459647040565 3.38793830777158
951 24.6141593322132 3.24932532267862
952 22.1902814655779 3.22806694029894
953 24.4560235096458 3.34664670206362
954 25.7021071859953 3.27797920775469
955 24.8935918611945 3.24914270437823
956 23.2606584209902 3.32731841900435
957 25.1366415503222 3.40026799713326
958 25.6240149821227 3.30116656388997
959 24.4609059046861 3.44329661905603
960 24.3174677125092 3.35433037097556
961 24.456253465016 3.30116661338845
962 24.9866880318307 3.3011665599576
963 25.3046142251373 3.30116643077395
964 24.1842747426027 3.30116650474987
965 24.205241640716 3.30116657675775
966 21.2676455398127 3.28336650854654
967 24.436407205026 3.30116636816869
968 24.4649318571074 3.3011664575986
969 24.4562513026306 3.30105058990167
970 24.343480047085 3.30116664779995
971 23.2324567172226 3.32077449059981
972 21.5982633466899 3.3399722856586
973 22.5332229560072 3.43150829284207
974 25.8810763017823 3.28091233634901
975 25.7730828270813 3.31423146566487
976 22.3813733849184 3.30116680430321
977 24.351120980621 3.30116667323321
978 24.4646200336941 3.57414829185315
979 24.4662166527701 3.5996075343548
980 24.454680984041 3.25699327652682
981 21.427948428796 3.30116638358727
982 22.9919000166549 3.30116658988789
983 24.2017483711096 3.20881431810898
984 24.171887975614 3.20973285544328
985 24.4542913757924 3.24614462726948
986 24.456253465016 3.30116661338845
987 22.2027071198032 3.32099970841205
988 24.4554623689173 3.29596344122047
989 23.5838239864637 3.39589718554805
990 24.7866686634407 3.30116653264876
991 22.9473097250812 3.31825713751477
992 23.2351590482609 3.2529980624088
993 24.1045267760648 3.30116636294292
994 24.4561257588178 3.298894254721
995 24.555079248431 3.31331800746786
996 24.4627126139727 3.47548233808146
997 23.8311625430874 3.29032994503088
998 24.456253465016 3.30116661338845
999 24.464679976632 3.55138949009572
