#OUT: 5 A SLiMulation_Output_Full_ADD_861922731048828928_1.txt
Version: 3
Populations:
p1 1000 H
Mutations:
3 343 m2 1463 0.456088901 0.5 p1 1 1062
0 344 m2 1543 0.622743487 0.5 p1 1 1819
27 570 m2 1502 0.68358326 0.5 p1 1 67
41 685 m1 475 0.5 0.5 p1 2 23
103 700 m5 2609 0.00159925339 0.5 p1 2 12
18 716 m5 2948 0.424908072 0.5 p1 2 11
387 717 m5 2785 -0.269589275 0.5 p1 2 1
130 726 m5 5564 0.550571918 0.5 p1 2 5
247 748 m5 2278 0.265238106 0.5 p1 2 14
302 756 m5 1176 -0.76267612 0.5 p1 2 18
380 778 m4 5327 -0.103211559 0.5 p1 2 7
26 780 m4 4538 0.218642026 0.5 p1 2 46
464 805 m5 2666 -0.688807905 0.5 p1 2 3
22 816 m2 1945 0.0246722829 0.5 p1 2 22
36 836 m1 628 0.204945669 0.5 p1 2 19
51 849 m2 1854 0.284054667 0.5 p1 2 4
52 855 m5 2396 0.779582977 0.5 p1 2 1
178 860 m2 1968 0.244876131 0.5 p1 2 10
80 880 m5 2353 0.0847673714 0.5 p1 2 11
96 907 m5 2242 -0.0673412904 0.5 p1 2 6
189 908 m3 4085 0.466778755 0.5 p1 2 13
65 909 m4 5351 -0.780072212 0.5 p1 2 3
118 978 m4 5484 0.689290881 0.5 p1 2 22
108 1003 m4 4612 0.382624567 0.5 p1 2 27
104 1062 m5 1149 -0.187433735 0.5 p1 2 44
37 1063 m1 1036 -0.00195797603 0.5 p1 2 16
7 1064 m2 2076 0.0606832244 0.5 p1 2 70
28 1069 m2 1667 -0.327607512 0.5 p1 2 7
53 1083 m2 2097 0.209446803 0.5 p1 2 3
219 1084 m3 4008 0.5 0.5 p1 2 30
72 1086 m4 4932 0.266494721 0.5 p1 2 55
97 1087 m5 4467 0.0772405937 0.5 p1 2 7
228 1112 m1 265 -0.0415110551 0.5 p1 2 5
229 1113 m2 1209 0.130285501 0.5 p1 2 7
706 1114 m5 4485 -0.45840019 0.5 p1 2 2
385 1124 m2 1299 -0.0220319983 0.5 p1 2 5
191 1125 m4 5399 0.774977684 0.5 p1 2 20
238 1131 m5 3167 0.668603003 0.5 p1 2 5
88 1144 m1 870 0.0472426824 0.5 p1 2 14
2 1148 m4 4784 0.319612622 0.5 p1 2 34
19 1179 m3 3705 0.439405262 0.5 p1 2 20
1 1187 m4 4760 0.00741011091 0.5 p1 2 8
117 1195 m1 818 0.0787396953 0.5 p1 2 31
116 1231 m4 5075 0.309373319 0.5 p1 2 10
393 1240 m5 4497 0.546763599 0.5 p1 2 4
295 1259 m4 4717 0.215824157 0.5 p1 2 12
111 1262 m1 704 -0.0078816982 0.5 p1 2 10
115 1264 m5 1111 0.397212565 0.5 p1 2 17
450 1269 m1 508 0.448436141 0.5 p1 2 5
190 1284 m5 3200 -0.208897784 0.5 p1 2 8
126 1292 m2 1279 0.7033481 0.5 p1 2 11
136 1324 m5 2946 0.343866765 0.5 p1 2 2
21 1350 m5 2673 -0.484987885 0.5 p1 2 12
47 1359 m1 853 0.21861285 0.5 p1 2 32
91 1360 m5 3329 -0.849155366 0.5 p1 2 33
69 1372 m4 5164 0.110581927 0.5 p1 2 18
732 1406 m2 1622 0.638125241 0.5 p1 3 2
472 1407 m5 2613 0.953182518 0.5 p1 3 1
361 1414 m5 2502 0.118483528 0.5 p1 3 3
383 1426 m5 2515 -0.0951297358 0.5 p1 3 1
274 1427 m5 2673 0.0684638843 0.5 p1 3 3
74 1428 m4 5043 -0.140291899 0.5 p1 3 7
183 1429 m1 859 0.326660424 0.5 p1 3 13
23 1430 m5 3396 0.737402558 0.5 p1 3 36
517 1431 m1 551 0.642930448 0.5 p1 3 1
31 1432 m1 336 0.469629169 0.5 p1 3 18
32 1433 m1 553 -0.109132446 0.5 p1 3 6
357 1434 m5 3380 0.310979992 0.5 p1 3 12
230 1438 m5 2577 0.0112996651 0.5 p1 3 5
396 1439 m3 3711 -0.619389296 0.5 p1 3 8
98 1444 m5 3289 0.109148897 0.5 p1 3 6
403 1449 m4 5314 -0.0159896873 0.5 p1 3 2
169 1452 m5 1135 0.0970484987 0.5 p1 3 6
168 1453 m5 19 0.0966474637 0.5 p1 3 7
157 1459 m1 950 0.341593593 0.5 p1 3 16
114 1468 m1 730 0.338280916 0.5 p1 3 6
613 1474 m3 4328 0.469793767 0.5 p1 3 4
592 1491 m5 2650 0.5 0.5 p1 3 2
276 1492 m3 3820 -0.00700617954 0.5 p1 3 3
166 1501 m1 565 -0.00576259661 0.5 p1 3 8
77 1502 m3 3417 0.34668082 0.5 p1 3 14
172 1518 m4 4734 0.5 0.5 p1 3 3
329 1531 m3 3717 -0.223954991 0.5 p1 3 4
704 1570 m5 5541 0.00313511584 0.5 p1 3 1
131 1573 m4 4621 -0.207459524 0.5 p1 3 3
154 1579 m5 2286 -0.770947099 0.5 p1 3 3
255 1608 m1 491 0.5 0.5 p1 3 9
256 1609 m5 2645 -0.410333723 0.5 p1 3 7
344 1622 m5 3062 -0.0375715382 0.5 p1 3 6
922 1628 m3 4054 -0.507705033 0.5 p1 3 1
195 1631 m4 4520 0.0126938354 0.5 p1 3 6
333 1632 m4 5136 0.409066916 0.5 p1 3 3
29 1641 m2 2014 -0.0792735517 0.5 p1 3 9
9 1672 m3 3511 0.546648204 0.5 p1 3 7
249 1675 m1 846 0.620047152 0.5 p1 3 3
542 1678 m5 3302 -0.151434198 0.5 p1 3 2
55 1684 m5 2426 -0.628395975 0.5 p1 3 1
270 1687 m1 551 -0.0174626559 0.5 p1 3 5
94 1688 m5 5538 -0.378214777 0.5 p1 3 13
258 1699 m1 645 -0.00743310899 0.5 p1 3 4
419 1709 m5 4495 -0.796659648 0.5 p1 3 4
474 1710 m5 5564 -0.5 0.5 p1 3 3
173 1729 m5 2553 0.24433291 0.5 p1 3 6
236 1735 m5 1169 -0.15000692 0.5 p1 3 8
237 1736 m5 3316 0.118058845 0.5 p1 3 12
90 1769 m5 2882 0.0190045666 0.5 p1 3 10
101 1785 m1 647 0.168597639 0.5 p1 3 5
151 1786 m3 3741 -0.0089351926 0.5 p1 3 6
162 1797 m4 4794 0.271652341 0.5 p1 3 1
318 1811 m5 3032 -0.220364869 0.5 p1 3 9
444 1821 m2 1570 -0.0502458289 0.5 p1 3 2
184 1831 m3 3930 0.382562011 0.5 p1 3 14
218 1832 m4 5286 0.143358961 0.5 p1 3 8
367 1833 m2 1746 0.246357948 0.5 p1 3 11
626 1855 m4 4928 -0.0785830021 0.5 p1 3 1
186 1863 m4 4526 0.296528667 0.5 p1 3 7
135 1876 m5 2588 0.325428843 0.5 p1 3 17
223 1883 m5 1163 0.293828458 0.5 p1 3 7
196 1886 m4 5013 -0.0448768549 0.5 p1 3 5
159 1889 m3 3666 0.619389892 0.5 p1 3 10
158 1890 m1 1019 -0.856742263 0.5 p1 3 5
64 1891 m5 4436 0.526435375 0.5 p1 3 11
24 1923 m1 1054 0.275744677 0.5 p1 3 10
86 1935 m4 4809 0.344314635 0.5 p1 3 8
757 1940 m5 3300 -0.885737717 0.5 p1 3 1
132 1948 m3 3704 0.0839807838 0.5 p1 3 10
299 1949 m5 3383 -0.0990708247 0.5 p1 3 4
119 1957 m1 456 0.103017025 0.5 p1 3 10
120 1958 m1 819 -0.0988834202 0.5 p1 3 5
122 1959 m3 3499 0.145190045 0.5 p1 3 2
161 1960 m4 4787 -0.187669635 0.5 p1 3 2
282 1965 m5 2221 -0.234257817 0.5 p1 3 2
340 1986 m5 3022 0.0999349058 0.5 p1 3 7
160 1989 m2 1472 0.0752551258 0.5 p1 3 24
139 2028 m4 4801 0.131290257 0.5 p1 3 12
303 2035 m5 2955 0.563240051 0.5 p1 3 7
281 2039 m1 805 -0.0334198289 0.5 p1 3 2
594 2064 m5 2751 -0.206458181 0.5 p1 3 1
595 2065 m5 3120 0.677443981 0.5 p1 3 1
310 2073 m5 5568 0.466819078 0.5 p1 3 5
325 2078 m4 4582 -0.174216941 0.5 p1 3 2
406 2080 m1 908 0.367455184 0.5 p1 3 4
428 2082 m5 2238 -0.110985219 0.5 p1 3 4
707 2102 m4 5057 0.215302616 0.5 p1 3 4
418 2109 m5 3296 0.917446733 0.5 p1 4 3
128 2110 m5 3120 0.116894245 0.5 p1 4 4
133 2114 m5 4453 -0.509912729 0.5 p1 4 7
34 2115 m5 2543 -0.737865686 0.5 p1 4 9
68 2121 m5 3335 0.49247542 0.5 p1 4 4
312 2122 m5 4480 -0.269652665 0.5 p1 4 2
85 2123 m4 4638 0.293683738 0.5 p1 4 6
402 2124 m5 2872 -0.258202225 0.5 p1 4 1
648 2129 m5 2841 -0.497606665 0.5 p1 4 3
433 2131 m5 2676 0.161573574 0.5 p1 4 1
431 2132 m5 2261 0.182661474 0.5 p1 4 4
436 2133 m3 3809 -0.198268652 0.5 p1 4 1
272 2150 m3 3714 0.231310606 0.5 p1 4 6
548 2161 m1 844 0.229520679 0.5 p1 4 6
125 2162 m5 2405 0.14111799 0.5 p1 4 4
485 2164 m2 1815 0.0634325892 0.5 p1 4 2
307 2165 m4 4691 -0.5 0.5 p1 4 2
138 2170 m4 5396 -0.177643001 0.5 p1 4 7
268 2172 m1 416 -0.907305181 0.5 p1 4 3
293 2173 m4 4948 -0.0968879983 0.5 p1 4 1
682 2180 m5 3258 -0.601908684 0.5 p1 4 1
286 2184 m1 145 -0.0490408279 0.5 p1 4 4
287 2185 m1 318 -0.661593676 0.5 p1 4 3
254 2187 m5 1175 0.346948206 0.5 p1 4 2
513 2189 m5 2640 -0.948731542 0.5 p1 4 3
833 2190 m5 2574 -0.396434844 0.5 p1 4 1
407 2213 m1 322 -0.011990821 0.5 p1 4 4
627 2214 m5 2895 0.5 0.5 p1 4 2
226 2223 m1 842 -0.472479492 0.5 p1 4 10
623 2225 m5 3189 -0.0888626501 0.5 p1 4 2
624 2226 m4 4686 0.173191741 0.5 p1 4 3
495 2232 m5 11 0.5 0.5 p1 4 4
78 2238 m5 2773 0.404830515 0.5 p1 4 2
30 2260 m5 3232 0.130012974 0.5 p1 4 1
283 2265 m5 2633 -0.44246465 0.5 p1 4 1
12 2266 m5 2616 0.738045156 0.5 p1 4 1
13 2267 m4 4690 -0.601292491 0.5 p1 4 1
175 2270 m3 3836 -0.0196012817 0.5 p1 4 10
57 2271 m4 4708 0.381697059 0.5 p1 4 8
58 2272 m4 4948 -0.0568177253 0.5 p1 4 13
185 2278 m5 3143 -0.0909919962 0.5 p1 4 3
440 2282 m1 787 0.189223513 0.5 p1 4 5
382 2294 m1 919 -0.685574412 0.5 p1 4 1
71 2312 m4 4663 -0.0491823107 0.5 p1 4 2
87 2318 m5 5596 -0.690309703 0.5 p1 4 6
460 2328 m5 2254 0.00893754978 0.5 p1 4 2
62 2329 m5 2888 0.642480671 0.5 p1 4 1
100 2334 m1 609 0.0742596909 0.5 p1 4 4
206 2344 m1 349 -0.283730328 0.5 p1 4 2
372 2366 m5 2255 0.425169796 0.5 p1 4 1
129 2368 m4 4588 0.79567945 0.5 p1 4 9
197 2370 m3 3907 0.497434705 0.5 p1 4 5
92 2390 m5 2720 -0.323595494 0.5 p1 4 3
477 2391 m3 3514 -0.366315454 0.5 p1 4 2
379 2394 m5 2938 -0.0448398255 0.5 p1 4 5
547 2395 m2 1467 -0.0975990295 0.5 p1 4 6
535 2396 m4 4788 0.434814095 0.5 p1 4 10
174 2400 m5 2866 0.351795703 0.5 p1 4 1
260 2408 m5 3116 -0.121513657 0.5 p1 4 5
311 2412 m1 1034 -0.239445448 0.5 p1 4 2
386 2418 m3 3930 0.811920643 0.5 p1 4 9
124 2420 m3 3551 0.144498765 0.5 p1 4 7
265 2428 m5 1189 -0.287269861 0.5 p1 4 4
430 2429 m1 562 0.185880065 0.5 p1 4 6
420 2430 m5 2661 -0.344322592 0.5 p1 4 3
514 2441 m1 209 -0.072665222 0.5 p1 4 6
181 2442 m5 2783 0.330950975 0.5 p1 4 6
705 2443 m1 714 -0.242342353 0.5 p1 4 1
392 2444 m1 632 0.0137304477 0.5 p1 4 3
531 2445 m4 5165 -0.19062753 0.5 p1 4 3
608 2453 m3 4008 -0.46294409 0.5 p1 4 1
8 2461 m5 5538 0.384250075 0.5 p1 4 4
38 2462 m5 3190 0.269463897 0.5 p1 4 3
109 2471 m2 1854 0.5 0.5 p1 4 5
555 2478 m4 5483 0.0880403221 0.5 p1 4 4
134 2479 m1 991 0.0681290999 0.5 p1 4 2
294 2508 m1 546 -0.000282740017 0.5 p1 4 5
650 2511 m2 1799 0.00146048784 0.5 p1 4 3
360 2518 m1 656 0.11069791 0.5 p1 4 5
242 2519 m1 683 -0.307249635 0.5 p1 4 6
243 2520 m5 2267 0.596339643 0.5 p1 4 6
629 2525 m5 95 -0.0504825003 0.5 p1 4 3
405 2526 m1 424 0.975411236 0.5 p1 4 2
486 2534 m1 632 0.186898232 0.5 p1 4 1
121 2535 m5 1176 0.36062178 0.5 p1 4 4
389 2555 m4 4530 0.0515078381 0.5 p1 4 2
345 2556 m5 3192 0.716614962 0.5 p1 4 1
536 2558 m2 1651 -0.574251771 0.5 p1 4 1
209 2562 m1 619 -0.566533029 0.5 p1 4 5
439 2563 m4 5231 -0.154829085 0.5 p1 4 3
279 2564 m1 512 -0.104455084 0.5 p1 4 3
505 2568 m5 2391 -0.311068982 0.5 p1 4 1
39 2577 m5 3229 -0.121945255 0.5 p1 4 5
252 2588 m2 2037 0.0556714796 0.5 p1 4 2
253 2589 m3 4071 -0.361904174 0.5 p1 4 2
394 2591 m5 3268 0.459828764 0.5 p1 4 4
743 2597 m4 5381 -0.188203812 0.5 p1 4 1
442 2600 m1 337 0.370337009 0.5 p1 4 3
424 2604 m3 4084 0.233796895 0.5 p1 4 5
50 2607 m1 443 0.206845492 0.5 p1 4 1
886 2615 m1 172 0.161261648 0.5 p1 4 1
887 2616 m5 2472 -0.0255850274 0.5 p1 4 2
59 2618 m4 4815 0.784986854 0.5 p1 4 16
443 2620 m5 4422 -0.5 0.5 p1 4 5
538 2621 m4 4977 0.202964559 0.5 p1 4 3
188 2622 m3 4174 -0.193680063 0.5 p1 4 5
699 2634 m5 2943 0.384378672 0.5 p1 4 2
700 2635 m3 4270 -0.198714122 0.5 p1 4 3
672 2638 m1 105 -0.425750047 0.5 p1 4 1
239 2639 m5 3013 -0.526089191 0.5 p1 4 4
83 2641 m5 3001 0.383474171 0.5 p1 4 3
469 2652 m1 143 -0.340035856 0.5 p1 4 5
147 2658 m5 2410 -0.283687115 0.5 p1 4 5
148 2659 m5 4444 -0.622503579 0.5 p1 4 6
269 2667 m2 1587 0.326636642 0.5 p1 4 2
353 2676 m4 4883 0.213614941 0.5 p1 4 3
414 2678 m5 2479 0.429510623 0.5 p1 4 1
225 2687 m4 4589 0.149944887 0.5 p1 4 7
45 2688 m4 5167 -0.345662892 0.5 p1 4 10
15 2696 m1 444 -0.00357824168 0.5 p1 4 6
93 2703 m1 873 0.15985994 0.5 p1 4 8
362 2705 m1 726 -0.279244214 0.5 p1 4 3
878 2706 m4 4818 0.329201698 0.5 p1 4 1
358 2717 m5 77 -0.200313821 0.5 p1 4 5
63 2726 m4 5318 0.181924969 0.5 p1 4 3
165 2728 m1 789 0.73939991 0.5 p1 4 7
149 2737 m5 2541 -0.148758307 0.5 p1 4 3
150 2738 m4 4615 0.423228025 0.5 p1 4 3
248 2757 m5 2819 0.35824272 0.5 p1 4 1
4 2768 m1 545 -0.528651536 0.5 p1 5 1
5 2769 m3 4044 -0.344948947 0.5 p1 5 1
6 2770 m3 3800 0.549491227 0.5 p1 5 1
10 2771 m1 865 -0.660719097 0.5 p1 5 1
11 2772 m2 1961 0.387178332 0.5 p1 5 1
14 2773 m1 407 -0.0831709877 0.5 p1 5 1
16 2774 m2 1378 0.472679824 0.5 p1 5 1
17 2775 m4 5019 -0.136412054 0.5 p1 5 1
20 2776 m2 1766 -0.635358274 0.5 p1 5 1
25 2777 m3 4122 0.0541789383 0.5 p1 5 1
33 2778 m2 2080 0.189568102 0.5 p1 5 1
35 2779 m2 2137 0.0629236177 0.5 p1 5 1
40 2780 m4 4866 -0.251171738 0.5 p1 5 1
42 2781 m1 454 -0.0881850049 0.5 p1 5 1
43 2782 m2 1900 0.869994283 0.5 p1 5 1
44 2783 m5 2864 -0.470573068 0.5 p1 5 1
46 2784 m3 4146 0.0021343655 0.5 p1 5 1
48 2785 m3 4072 0.423617065 0.5 p1 5 1
49 2786 m4 4989 -0.210725412 0.5 p1 5 1
54 2787 m4 4722 -0.776785433 0.5 p1 5 1
56 2788 m5 5545 0.466498852 0.5 p1 5 1
60 2789 m5 5547 -0.683938503 0.5 p1 5 1
61 2790 m2 1435 -0.347979963 0.5 p1 5 1
66 2791 m5 5547 -0.171468064 0.5 p1 5 1
67 2792 m5 5501 -0.139290988 0.5 p1 5 1
70 2793 m5 3258 -0.461843073 0.5 p1 5 1
73 2794 m1 355 0.581381798 0.5 p1 5 1
75 2795 m3 3611 -0.262463808 0.5 p1 5 1
76 2796 m5 2243 0.108920686 0.5 p1 5 1
79 2797 m5 2364 0.45658648 0.5 p1 5 1
81 2798 m4 5228 -0.416602969 0.5 p1 5 1
82 2799 m2 1850 -0.513980746 0.5 p1 5 1
84 2800 m3 4133 -0.12418773 0.5 p1 5 1
89 2801 m5 1174 -0.218358681 0.5 p1 5 1
95 2802 m2 1644 0.119837433 0.5 p1 5 1
99 2803 m2 1778 -0.595510364 0.5 p1 5 1
102 2804 m1 722 0.177371755 0.5 p1 5 1
105 2805 m5 4487 0.374357343 0.5 p1 5 1
106 2806 m2 1204 0.45955804 0.5 p1 5 1
107 2807 m5 2303 -0.115822479 0.5 p1 5 1
110 2808 m5 3213 0.283224463 0.5 p1 5 1
112 2809 m2 1457 0.834983885 0.5 p1 5 1
113 2810 m5 4455 -0.406603307 0.5 p1 5 1
123 2811 m5 2690 -0.90604341 0.5 p1 5 1
127 2812 m5 1195 0.199673489 0.5 p1 5 1
137 2813 m3 3443 -0.0418067388 0.5 p1 5 1
140 2814 m5 3325 -0.270467013 0.5 p1 5 1
141 2815 m4 4859 -0.348291755 0.5 p1 5 1
142 2816 m5 2748 -0.49503842 0.5 p1 5 1
143 2817 m3 3998 -0.662920773 0.5 p1 5 1
144 2818 m2 1894 0.304775953 0.5 p1 5 1
145 2819 m1 918 0.532645464 0.5 p1 5 1
146 2820 m5 2674 0.270946681 0.5 p1 5 1
152 2821 m3 3914 -0.419516623 0.5 p1 5 1
153 2822 m5 2756 -0.019042071 0.5 p1 5 1
155 2823 m5 2680 0.373092026 0.5 p1 5 1
156 2824 m4 5325 0.2153413 0.5 p1 5 1
163 2825 m5 2773 -0.411813796 0.5 p1 5 1
164 2826 m2 1419 0.116460726 0.5 p1 5 1
167 2827 m5 2349 0.41225788 0.5 p1 5 1
170 2828 m5 5510 0.0790091828 0.5 p1 5 1
171 2829 m1 442 0.274591297 0.5 p1 5 1
176 2830 m5 1197 0.643066823 0.5 p1 5 1
177 2831 m4 5082 -0.615032673 0.5 p1 5 1
179 2832 m4 5436 0.249589771 0.5 p1 5 1
180 2833 m2 1853 -0.299250484 0.5 p1 5 1
182 2834 m3 4341 -0.0607882142 0.5 p1 5 1
187 2835 m5 3393 -0.272450387 0.5 p1 5 1
192 2836 m2 2124 0.0965025201 0.5 p1 5 1
193 2837 m2 1415 -0.848600984 0.5 p1 5 1
194 2838 m5 3212 0.970033586 0.5 p1 5 1
198 2839 m5 1111 0.0238520894 0.5 p1 5 1
199 2840 m2 1636 -0.5 0.5 p1 5 1
200 2841 m1 995 0.5 0.5 p1 5 1
201 2842 m2 1432 -0.840971649 0.5 p1 5 1
202 2843 m1 891 0.256617457 0.5 p1 5 1
203 2844 m5 3212 -0.0231321286 0.5 p1 5 1
204 2845 m2 1208 -0.874311447 0.5 p1 5 1
205 2846 m2 1585 0.146260008 0.5 p1 5 1
207 2847 m5 2736 0.51203239 0.5 p1 5 1
208 2848 m5 2316 0.418037832 0.5 p1 5 1
210 2849 m4 4525 0.873691738 0.5 p1 5 1
211 2850 m5 2966 0.983371079 0.5 p1 5 1
212 2851 m5 49 -0.337796539 0.5 p1 5 1
213 2852 m2 1972 -0.0347471274 0.5 p1 5 1
214 2853 m5 2742 0.527419746 0.5 p1 5 1
215 2854 m1 724 0.385760844 0.5 p1 5 1
216 2855 m1 386 0.339370638 0.5 p1 5 1
217 2856 m2 1489 0.550876796 0.5 p1 5 1
220 2857 m1 1024 -0.286605865 0.5 p1 5 1
221 2858 m2 1489 0.230007812 0.5 p1 5 1
222 2859 m2 1860 0.596823215 0.5 p1 5 1
224 2860 m1 1071 -0.0967369676 0.5 p1 5 1
227 2861 m5 2610 -0.465687752 0.5 p1 5 1
231 2862 m1 677 0.698260546 0.5 p1 5 1
232 2863 m3 3424 0.328041553 0.5 p1 5 1
233 2864 m3 4256 0.412661165 0.5 p1 5 1
234 2865 m4 5077 0.407426536 0.5 p1 5 1
235 2866 m5 2536 -0.391057402 0.5 p1 5 1
240 2867 m4 4909 -0.189397439 0.5 p1 5 1
241 2868 m1 611 0.396338612 0.5 p1 5 1
244 2869 m4 5352 -0.53633523 0.5 p1 5 1
245 2870 m2 1811 0.129627764 0.5 p1 5 1
246 2871 m3 3826 0.225246072 0.5 p1 5 1
250 2872 m5 5564 -0.395471901 0.5 p1 5 1
251 2873 m3 3771 -0.262525558 0.5 p1 5 1
257 2874 m4 5365 0.52305007 0.5 p1 5 1
259 2875 m1 295 0.439632446 0.5 p1 5 1
261 2876 m1 523 -0.482008755 0.5 p1 5 1
262 2877 m4 4816 -0.331829101 0.5 p1 5 1
263 2878 m2 2138 -0.5 0.5 p1 5 1
264 2879 m1 1095 -0.204205677 0.5 p1 5 1
266 2880 m5 2385 0.0471351072 0.5 p1 5 1
267 2881 m5 2627 0.243558317 0.5 p1 5 1
271 2882 m5 2512 -0.458697677 0.5 p1 5 1
273 2883 m3 3911 -0.725793779 0.5 p1 5 1
275 2884 m4 4884 0.5 0.5 p1 5 1
277 2885 m3 4025 0.278860867 0.5 p1 5 1
278 2886 m2 1707 -0.234525204 0.5 p1 5 1
280 2887 m4 4534 -0.023419125 0.5 p1 5 1
284 2888 m5 3354 -0.269344687 0.5 p1 5 1
285 2889 m3 3807 0.602781117 0.5 p1 5 1
288 2890 m2 1630 0.0785587132 0.5 p1 5 1
289 2891 m3 3725 -0.262986213 0.5 p1 5 1
290 2892 m5 2959 0.156707749 0.5 p1 5 1
291 2893 m4 4745 -0.533550739 0.5 p1 5 1
292 2894 m1 565 -0.759902239 0.5 p1 5 1
296 2895 m3 4274 0.0651127398 0.5 p1 5 1
297 2896 m5 2950 0.0796122774 0.5 p1 5 1
298 2897 m4 4882 0.269605964 0.5 p1 5 1
300 2898 m5 3252 -0.525484979 0.5 p1 5 1
301 2899 m5 61 0.107824005 0.5 p1 5 1
304 2900 m3 4184 -0.868041813 0.5 p1 5 1
305 2901 m3 3449 -0.280635834 0.5 p1 5 1
306 2902 m2 1714 0.0521784984 0.5 p1 5 1
308 2903 m5 2234 0.437397748 0.5 p1 5 1
309 2904 m5 2968 -0.0851753578 0.5 p1 5 1
313 2905 m5 3383 0.718355775 0.5 p1 5 1
314 2906 m5 4427 -0.145859912 0.5 p1 5 1
315 2907 m5 2307 0.719275832 0.5 p1 5 1
316 2908 m5 2493 0.459904701 0.5 p1 5 1
317 2909 m2 2075 0.147604063 0.5 p1 5 1
319 2910 m2 1575 0.212637946 0.5 p1 5 1
320 2911 m1 279 -0.507526457 0.5 p1 5 1
321 2912 m3 4337 -0.0923000872 0.5 p1 5 1
322 2913 m5 2265 -0.426101655 0.5 p1 5 1
323 2914 m5 3077 -0.747198284 0.5 p1 5 1
324 2915 m4 5011 -0.605730772 0.5 p1 5 1
326 2916 m4 4690 -0.156618416 0.5 p1 5 1
327 2917 m5 71 0.0477523878 0.5 p1 5 1
328 2918 m4 5232 -0.376519203 0.5 p1 5 1
330 2919 m1 476 0.258377969 0.5 p1 5 1
331 2920 m1 370 -0.00626632292 0.5 p1 5 1
332 2921 m4 4827 -0.541661859 0.5 p1 5 1
334 2922 m5 5587 0.46475634 0.5 p1 5 1
335 2923 m2 1926 0.146181747 0.5 p1 5 1
336 2924 m5 3365 0.948632956 0.5 p1 5 1
337 2925 m4 4846 0.5 0.5 p1 5 1
338 2926 m2 1922 -0.427186042 0.5 p1 5 1
339 2927 m5 3139 0.550055504 0.5 p1 5 1
341 2928 m2 1932 -0.17437014 0.5 p1 5 1
342 2929 m3 4313 0.182847738 0.5 p1 5 1
343 2930 m4 4591 0.307728857 0.5 p1 5 1
346 2931 m1 919 -0.0306615587 0.5 p1 5 1
347 2932 m5 5530 0.236868918 0.5 p1 5 1
348 2933 m2 1958 -0.463522077 0.5 p1 5 1
349 2934 m5 2857 0.305525839 0.5 p1 5 1
350 2935 m3 4039 0.334636867 0.5 p1 5 1
351 2936 m5 2433 0.394296259 0.5 p1 5 1
352 2937 m3 4200 -0.333028972 0.5 p1 5 1
354 2938 m3 3541 0.35015443 0.5 p1 5 1
355 2939 m5 2611 -0.408745289 0.5 p1 5 1
356 2940 m5 2623 0.366517842 0.5 p1 5 1
359 2941 m1 860 0.736608326 0.5 p1 5 1
363 2942 m3 4082 0.395639658 0.5 p1 5 1
364 2943 m3 3935 -0.37953341 0.5 p1 5 1
365 2944 m2 1295 0.360961616 0.5 p1 5 1
366 2945 m5 2739 -0.5 0.5 p1 5 1
368 2946 m1 198 0.907569528 0.5 p1 5 1
369 2947 m3 3693 0.5 0.5 p1 5 1
370 2948 m4 5455 0.471652806 0.5 p1 5 1
371 2949 m5 1197 -0.292443812 0.5 p1 5 1
373 2950 m3 3704 0.609846652 0.5 p1 5 1
374 2951 m1 565 0.127031639 0.5 p1 5 1
375 2952 m5 3210 -0.379226983 0.5 p1 5 1
376 2953 m2 1316 -0.509515822 0.5 p1 5 1
377 2954 m3 4186 -0.0917517394 0.5 p1 5 1
378 2955 m1 338 0.256280422 0.5 p1 5 1
381 2956 m4 4981 0.129891753 0.5 p1 5 1
384 2957 m5 5585 -0.0992805362 0.5 p1 5 1
388 2958 m3 4180 0.141634807 0.5 p1 5 1
390 2959 m5 2463 -0.520395637 0.5 p1 5 1
391 2960 m3 4294 0.322462589 0.5 p1 5 1
395 2961 m5 2393 -0.407532126 0.5 p1 5 1
397 2962 m5 5533 -0.63701123 0.5 p1 5 1
398 2963 m4 5022 0.172364861 0.5 p1 5 1
399 2964 m4 5437 0.346082389 0.5 p1 5 1
400 2965 m5 3392 -0.710020542 0.5 p1 5 1
401 2966 m4 4856 -0.189133152 0.5 p1 5 1
404 2967 m1 129 -0.15227282 0.5 p1 5 1
408 2968 m3 3511 0.118635252 0.5 p1 5 1
409 2969 m5 3096 -0.864206016 0.5 p1 5 1
410 2970 m5 2261 -0.022140922 0.5 p1 5 1
411 2971 m5 2589 0.202996999 0.5 p1 5 1
412 2972 m3 4056 0.45842734 0.5 p1 5 1
413 2973 m1 617 -0.956177533 0.5 p1 5 1
415 2974 m5 1156 0.948705077 0.5 p1 5 1
416 2975 m2 1535 0.0558980107 0.5 p1 5 1
417 2976 m4 4951 -0.725369215 0.5 p1 5 1
421 2977 m4 4978 -0.730359316 0.5 p1 5 1
422 2978 m1 310 -0.5 0.5 p1 5 1
423 2979 m1 218 -0.379065096 0.5 p1 5 1
425 2980 m5 2680 -0.39157334 0.5 p1 5 1
426 2981 m1 434 0.400251091 0.5 p1 5 1
427 2982 m4 5087 0.298352748 0.5 p1 5 1
429 2983 m3 3613 -0.491354018 0.5 p1 5 1
432 2984 m4 5050 -0.420199037 0.5 p1 5 1
434 2985 m1 795 0.33989194 0.5 p1 5 1
435 2986 m3 3711 -0.33366248 0.5 p1 5 1
437 2987 m5 2433 -0.0758562386 0.5 p1 5 1
438 2988 m5 3203 -0.950949728 0.5 p1 5 1
441 2989 m3 4036 0.144442677 0.5 p1 5 1
445 2990 m5 4432 -0.480744541 0.5 p1 5 1
446 2991 m3 3563 -0.817426085 0.5 p1 5 1
447 2992 m3 3774 0.892246962 0.5 p1 5 1
448 2993 m3 3923 -0.468709797 0.5 p1 5 1
449 2994 m5 2938 -0.368704796 0.5 p1 5 1
451 2995 m2 1705 -0.227604166 0.5 p1 5 1
452 2996 m5 5538 0.272112072 0.5 p1 5 1
453 2997 m5 3044 0.338981628 0.5 p1 5 1
454 2998 m1 776 -0.333137184 0.5 p1 5 1
455 2999 m1 294 -0.340501666 0.5 p1 5 1
456 3000 m3 3976 0.175180465 0.5 p1 5 1
457 3001 m5 5599 0.744752944 0.5 p1 5 1
458 3002 m4 5458 0.019643927 0.5 p1 5 1
459 3003 m2 1477 0.342729837 0.5 p1 5 1
461 3004 m3 3583 0.00584983826 0.5 p1 5 1
462 3005 m5 2753 -0.231980935 0.5 p1 5 1
463 3006 m4 4592 -0.455873966 0.5 p1 5 1
465 3007 m2 1919 -0.609960794 0.5 p1 5 1
466 3008 m5 2671 -0.296163857 0.5 p1 5 1
467 3009 m4 5378 0.502092004 0.5 p1 5 1
468 3010 m1 1069 -0.1494032 0.5 p1 5 1
470 3011 m1 251 -0.490117311 0.5 p1 5 1
471 3012 m3 4386 0.231318876 0.5 p1 5 1
473 3013 m3 3962 0.0874441639 0.5 p1 5 1
475 3014 m1 602 0.435953379 0.5 p1 5 1
476 3015 m3 4373 0.799894273 0.5 p1 5 1
478 3016 m3 4229 -0.392257512 0.5 p1 5 1
479 3017 m1 250 -0.0645665973 0.5 p1 5 1
480 3018 m5 2972 0.862299263 0.5 p1 5 1
481 3019 m1 248 -0.476672053 0.5 p1 5 1
482 3020 m2 1879 0.493703425 0.5 p1 5 1
483 3021 m4 4952 -0.0223295465 0.5 p1 5 1
484 3022 m1 898 -0.971794665 0.5 p1 5 1
487 3023 m2 1668 -0.563350022 0.5 p1 5 1
488 3024 m2 1508 -0.193074733 0.5 p1 5 1
489 3025 m5 2972 -0.178277537 0.5 p1 5 1
490 3026 m1 786 0.382203102 0.5 p1 5 1
491 3027 m2 1671 0.313619167 0.5 p1 5 1
492 3028 m2 1292 0.0958434045 0.5 p1 5 1
493 3029 m4 4948 -0.173062503 0.5 p1 5 1
494 3030 m4 4530 -0.145743266 0.5 p1 5 1
496 3031 m4 5478 0.263786316 0.5 p1 5 1
497 3032 m5 1143 0.463557661 0.5 p1 5 1
498 3033 m1 329 -0.644733191 0.5 p1 5 1
499 3034 m5 2405 0.902896643 0.5 p1 5 1
500 3035 m4 5019 0.230391383 0.5 p1 5 1
501 3036 m5 3141 0.273253649 0.5 p1 5 1
502 3037 m5 2715 -0.32375437 0.5 p1 5 1
503 3038 m2 1661 -0.445433557 0.5 p1 5 1
504 3039 m5 2390 -0.0577930398 0.5 p1 5 1
506 3040 m5 31 0.301726669 0.5 p1 5 1
507 3041 m2 1456 -0.120070368 0.5 p1 5 1
508 3042 m5 3253 -0.465091884 0.5 p1 5 1
509 3043 m1 444 0.168851122 0.5 p1 5 1
510 3044 m3 3990 -0.746262968 0.5 p1 5 1
511 3045 m4 5346 -0.3965424 0.5 p1 5 1
512 3046 m1 879 0.0616166145 0.5 p1 5 1
515 3047 m4 5002 -0.200419202 0.5 p1 5 1
516 3048 m3 3831 -0.302228242 0.5 p1 5 1
518 3049 m4 5433 -0.597879112 0.5 p1 5 1
519 3050 m4 5478 0.21099475 0.5 p1 5 1
520 3051 m1 830 -0.33143118 0.5 p1 5 1
521 3052 m5 2942 0.496221989 0.5 p1 5 1
522 3053 m3 3884 -0.273226678 0.5 p1 5 1
523 3054 m5 5566 -0.503759146 0.5 p1 5 1
524 3055 m1 691 0.310337216 0.5 p1 5 1
525 3056 m1 844 0.397552699 0.5 p1 5 1
526 3057 m2 1362 0.990043461 0.5 p1 5 1
527 3058 m1 1047 0.457290471 0.5 p1 5 1
528 3059 m2 2159 0.900927603 0.5 p1 5 1
529 3060 m2 1618 0.0461440086 0.5 p1 5 1
530 3061 m2 1818 0.0955238864 0.5 p1 5 1
532 3062 m1 743 0.504185498 0.5 p1 5 1
533 3063 m2 1761 -0.0923096687 0.5 p1 5 1
534 3064 m5 2649 -0.685584962 0.5 p1 5 1
537 3065 m1 198 0.421807557 0.5 p1 5 1
539 3066 m4 4929 0.896267593 0.5 p1 5 1
540 3067 m4 5015 -0.0242103413 0.5 p1 5 1
541 3068 m5 4451 0.38719818 0.5 p1 5 1
543 3069 m5 2812 0.0390463546 0.5 p1 5 1
544 3070 m5 2218 0.472845405 0.5 p1 5 1
545 3071 m1 113 -0.0956608802 0.5 p1 5 1
546 3072 m4 4866 -0.505841434 0.5 p1 5 1
549 3073 m5 2557 0.0893547386 0.5 p1 5 1
550 3074 m3 3837 -0.245013565 0.5 p1 5 1
551 3075 m5 5528 -0.485682815 0.5 p1 5 1
552 3076 m5 2964 -0.232695103 0.5 p1 5 1
553 3077 m3 4241 0.0528191887 0.5 p1 5 1
554 3078 m4 4506 -0.107319385 0.5 p1 5 1
556 3079 m5 82 0.689805806 0.5 p1 5 1
557 3080 m1 233 -0.305144399 0.5 p1 5 1
558 3081 m5 2246 0.327590555 0.5 p1 5 1
559 3082 m5 3041 -0.280990571 0.5 p1 5 1
560 3083 m5 3102 0.931435645 0.5 p1 5 1
561 3084 m4 5202 -0.149042651 0.5 p1 5 1
562 3085 m1 104 0.5 0.5 p1 5 1
563 3086 m4 4679 -0.333488166 0.5 p1 5 1
564 3087 m3 4101 0.499859303 0.5 p1 5 1
565 3088 m4 4802 0.213490173 0.5 p1 5 1
566 3089 m4 5228 0.314859688 0.5 p1 5 1
567 3090 m4 5414 -0.361330003 0.5 p1 5 1
568 3091 m4 5499 -0.399882585 0.5 p1 5 1
569 3092 m5 3291 0.565320075 0.5 p1 5 1
570 3093 m2 1775 -0.172305569 0.5 p1 5 1
571 3094 m4 4941 -0.183296755 0.5 p1 5 1
572 3095 m5 26 0.854318082 0.5 p1 5 1
573 3096 m4 5117 -0.548212349 0.5 p1 5 1
574 3097 m1 992 -0.106363848 0.5 p1 5 1
575 3098 m5 5503 0.19516924 0.5 p1 5 1
576 3099 m2 1677 -0.292717963 0.5 p1 5 1
577 3100 m4 4720 -0.0572527163 0.5 p1 5 1
578 3101 m3 3563 -0.130284846 0.5 p1 5 1
579 3102 m2 1517 -0.70303905 0.5 p1 5 1
580 3103 m1 539 0.0660754591 0.5 p1 5 1
581 3104 m2 1372 -0.250444174 0.5 p1 5 1
582 3105 m2 2051 -0.41844064 0.5 p1 5 1
583 3106 m3 3722 0.319730997 0.5 p1 5 1
584 3107 m3 4191 -0.782849848 0.5 p1 5 1
585 3108 m1 637 0.363042563 0.5 p1 5 1
586 3109 m5 2376 -0.126278237 0.5 p1 5 1
587 3110 m5 2275 -0.387414336 0.5 p1 5 1
588 3111 m3 3549 -0.993323922 0.5 p1 5 1
589 3112 m3 3767 0.643518806 0.5 p1 5 1
590 3113 m1 215 0.803143084 0.5 p1 5 1
591 3114 m5 2855 0.114181809 0.5 p1 5 1
593 3115 m4 5299 0.223293215 0.5 p1 5 1
596 3116 m4 4768 -0.0570958257 0.5 p1 5 1
597 3117 m5 2254 -0.362483323 0.5 p1 5 1
598 3118 m3 3911 0.10326498 0.5 p1 5 1
599 3119 m1 377 0.405591607 0.5 p1 5 1
600 3120 m5 2362 -0.281123072 0.5 p1 5 1
601 3121 m2 2141 0.411908686 0.5 p1 5 1
602 3122 m4 4874 0.10031382 0.5 p1 5 1
603 3123 m1 685 -0.353893489 0.5 p1 5 1
604 3124 m1 907 -0.0187787656 0.5 p1 5 1
605 3125 m2 1246 -0.4614622 0.5 p1 5 1
606 3126 m3 3418 -0.131466717 0.5 p1 5 1
607 3127 m3 3754 -0.688883066 0.5 p1 5 1
609 3128 m5 2665 0.0752344728 0.5 p1 5 1
610 3129 m2 1697 0.113543727 0.5 p1 5 1
611 3130 m5 3216 0.478440195 0.5 p1 5 1
612 3131 m3 4095 0.16433084 0.5 p1 5 1
614 3132 m2 1225 0.0865052715 0.5 p1 5 1
615 3133 m5 2426 0.314198494 0.5 p1 5 1
616 3134 m1 361 0.130263656 0.5 p1 5 1
617 3135 m3 3736 0.0293158349 0.5 p1 5 1
618 3136 m1 676 -0.6147241 0.5 p1 5 1
619 3137 m1 522 0.0333758667 0.5 p1 5 1
620 3138 m3 3949 -0.0813710615 0.5 p1 5 1
621 3139 m2 2024 -0.821363986 0.5 p1 5 1
622 3140 m5 2313 0.103500292 0.5 p1 5 1
625 3141 m1 940 0.444946706 0.5 p1 5 1
628 3142 m2 2152 -0.670047224 0.5 p1 5 1
630 3143 m4 4582 -0.262577683 0.5 p1 5 1
631 3144 m2 1265 -0.670235693 0.5 p1 5 1
632 3145 m5 2870 -0.503305018 0.5 p1 5 1
633 3146 m2 1493 0.428785264 0.5 p1 5 1
634 3147 m5 3179 0.277839124 0.5 p1 5 1
635 3148 m1 432 -0.519217789 0.5 p1 5 1
636 3149 m4 5065 0.448990762 0.5 p1 5 1
637 3150 m2 1765 -0.419576168 0.5 p1 5 1
638 3151 m1 795 -0.285378605 0.5 p1 5 1
639 3152 m1 321 -0.0698226392 0.5 p1 5 1
640 3153 m4 4852 -0.0442864783 0.5 p1 5 1
641 3154 m5 1155 -0.408575654 0.5 p1 5 1
642 3155 m5 3337 -0.00628449302 0.5 p1 5 1
643 3156 m4 5035 -0.188967586 0.5 p1 5 1
644 3157 m4 4790 0.243484661 0.5 p1 5 1
645 3158 m1 650 -0.198019296 0.5 p1 5 1
646 3159 m2 1451 -0.878424942 0.5 p1 5 1
647 3160 m1 323 -0.135742739 0.5 p1 5 1
649 3161 m1 361 -0.210382685 0.5 p1 5 1
651 3162 m5 5584 0.812443435 0.5 p1 5 1
652 3163 m1 271 0.0973071232 0.5 p1 5 1
653 3164 m4 4814 0.272203535 0.5 p1 5 1
654 3165 m5 1105 -0.471601993 0.5 p1 5 1
655 3166 m5 3089 -0.842482924 0.5 p1 5 1
656 3167 m4 4983 0.202216581 0.5 p1 5 1
657 3168 m5 2220 0.0259312447 0.5 p1 5 1
658 3169 m1 905 -0.568649352 0.5 p1 5 1
659 3170 m4 4602 -0.1297943 0.5 p1 5 1
660 3171 m2 1323 -0.668527365 0.5 p1 5 1
661 3172 m5 2391 -0.5 0.5 p1 5 1
662 3173 m2 2152 -0.301856011 0.5 p1 5 1
663 3174 m3 4375 -0.0608147271 0.5 p1 5 1
664 3175 m4 4937 0.243687138 0.5 p1 5 1
665 3176 m1 710 -0.513585687 0.5 p1 5 1
666 3177 m2 2060 0.0155124683 0.5 p1 5 1
667 3178 m1 1005 -0.85934788 0.5 p1 5 1
668 3179 m2 1598 0.706991196 0.5 p1 5 1
669 3180 m3 4180 -0.580485165 0.5 p1 5 1
670 3181 m5 2797 -0.383238465 0.5 p1 5 1
671 3182 m3 3958 0.378323525 0.5 p1 5 1
673 3183 m2 1506 -0.12255691 0.5 p1 5 1
674 3184 m5 2870 0.000135462527 0.5 p1 5 1
675 3185 m3 4077 -0.0363880433 0.5 p1 5 1
676 3186 m5 2521 -0.0535383336 0.5 p1 5 1
677 3187 m5 4488 0.4201895 0.5 p1 5 1
678 3188 m5 1124 -0.347439498 0.5 p1 5 1
679 3189 m3 4092 -0.399971962 0.5 p1 5 1
680 3190 m5 2587 -0.334474772 0.5 p1 5 1
681 3191 m2 1667 -0.46833986 0.5 p1 5 1
683 3192 m4 5471 -0.0307959523 0.5 p1 5 1
684 3193 m4 4840 -0.258820295 0.5 p1 5 1
685 3194 m5 47 -0.0188758709 0.5 p1 5 1
686 3195 m2 1259 -0.361299366 0.5 p1 5 1
687 3196 m5 2808 -0.732675195 0.5 p1 5 1
688 3197 m3 3971 0.0645136759 0.5 p1 5 1
689 3198 m4 4638 -0.116970994 0.5 p1 5 1
690 3199 m2 2075 0.0653569773 0.5 p1 5 1
691 3200 m4 5357 0.433278501 0.5 p1 5 1
692 3201 m2 1974 0.567909062 0.5 p1 5 1
693 3202 m5 3209 -0.0100603234 0.5 p1 5 1
694 3203 m2 1953 0.154447392 0.5 p1 5 1
695 3204 m4 4749 0.124146469 0.5 p1 5 1
696 3205 m5 1197 0.504636526 0.5 p1 5 1
697 3206 m5 2341 -0.803617358 0.5 p1 5 1
698 3207 m5 2328 -0.209045023 0.5 p1 5 1
701 3208 m5 2326 -0.0569003932 0.5 p1 5 1
702 3209 m2 1540 0.827922583 0.5 p1 5 1
703 3210 m3 4081 -0.382391185 0.5 p1 5 1
708 3211 m5 2465 -0.403749853 0.5 p1 5 1
709 3212 m3 3583 0.179141939 0.5 p1 5 1
710 3213 m5 5586 -0.609567225 0.5 p1 5 1
711 3214 m2 2193 0.61471808 0.5 p1 5 1
712 3215 m4 4686 -0.374885887 0.5 p1 5 1
713 3216 m3 4295 -0.359964997 0.5 p1 5 1
714 3217 m1 955 0.256410867 0.5 p1 5 1
715 3218 m4 4978 0.657846749 0.5 p1 5 1
716 3219 m5 2673 0.376820385 0.5 p1 5 1
717 3220 m3 4158 -0.0195893385 0.5 p1 5 1
718 3221 m5 3345 -0.864584744 0.5 p1 5 1
719 3222 m5 3317 0.49543637 0.5 p1 5 1
720 3223 m5 2966 -0.375850111 0.5 p1 5 1
721 3224 m4 5155 -0.453103691 0.5 p1 5 1
722 3225 m1 188 0.51132828 0.5 p1 5 1
723 3226 m1 194 0.620784879 0.5 p1 5 1
724 3227 m3 4307 0.609366179 0.5 p1 5 1
725 3228 m4 4853 -0.5 0.5 p1 5 1
726 3229 m3 3563 0.320420802 0.5 p1 5 1
727 3230 m3 3537 0.65694654 0.5 p1 5 1
728 3231 m3 3967 -0.302477211 0.5 p1 5 1
729 3232 m1 933 -0.0910003856 0.5 p1 5 1
730 3233 m5 3369 -0.20296593 0.5 p1 5 1
731 3234 m5 2975 0.297129244 0.5 p1 5 1
733 3235 m4 5477 0.0434579924 0.5 p1 5 1
734 3236 m4 4820 0.217010498 0.5 p1 5 1
735 3237 m4 5012 -0.103724867 0.5 p1 5 1
736 3238 m2 1857 0.369703531 0.5 p1 5 1
737 3239 m5 3060 0.405332923 0.5 p1 5 1
738 3240 m5 2953 -0.0883588344 0.5 p1 5 1
739 3241 m1 499 -0.201624587 0.5 p1 5 1
740 3242 m5 2266 -0.0475932993 0.5 p1 5 1
741 3243 m2 1209 0.107055686 0.5 p1 5 1
742 3244 m3 3838 -0.00720180105 0.5 p1 5 1
744 3245 m5 1136 -0.5 0.5 p1 5 1
745 3246 m5 2781 -0.727038622 0.5 p1 5 1
746 3247 m2 1558 -0.928560555 0.5 p1 5 1
747 3248 m2 1229 0.687556088 0.5 p1 5 1
748 3249 m1 289 0.040868938 0.5 p1 5 1
749 3250 m5 3369 -0.44376415 0.5 p1 5 1
750 3251 m5 2753 0.306813836 0.5 p1 5 1
751 3252 m1 202 -0.687017798 0.5 p1 5 1
752 3253 m4 5355 0.229398638 0.5 p1 5 1
753 3254 m5 4 -0.35045886 0.5 p1 5 1
754 3255 m1 519 -0.184469864 0.5 p1 5 1
755 3256 m1 700 -0.560656428 0.5 p1 5 1
756 3257 m4 5301 -0.444899201 0.5 p1 5 1
758 3258 m1 499 0.32720086 0.5 p1 5 1
759 3259 m5 3031 -0.24925977 0.5 p1 5 1
760 3260 m1 676 -0.272313565 0.5 p1 5 1
761 3261 m3 3988 -0.570788682 0.5 p1 5 1
762 3262 m3 3938 0.433600932 0.5 p1 5 1
763 3263 m3 4023 -0.67471087 0.5 p1 5 1
764 3264 m3 3923 0.30078584 0.5 p1 5 1
765 3265 m4 4986 -0.458827883 0.5 p1 5 1
766 3266 m4 5329 0.637041032 0.5 p1 5 1
767 3267 m2 1524 -0.745512545 0.5 p1 5 1
768 3268 m2 1679 0.278379321 0.5 p1 5 1
769 3269 m3 3489 0.0780677721 0.5 p1 5 1
770 3270 m5 4451 0.405408293 0.5 p1 5 1
771 3271 m2 1757 -0.456517607 0.5 p1 5 1
772 3272 m5 5593 0.254012942 0.5 p1 5 1
773 3273 m5 3291 -0.734529376 0.5 p1 5 1
774 3274 m2 1553 0.314106613 0.5 p1 5 1
775 3275 m2 1835 0.266141355 0.5 p1 5 1
776 3276 m3 3529 0.145863459 0.5 p1 5 1
777 3277 m3 4085 0.307261437 0.5 p1 5 1
778 3278 m3 4248 -0.247529492 0.5 p1 5 1
779 3279 m1 243 0.717295229 0.5 p1 5 1
780 3280 m3 3550 0.175153971 0.5 p1 5 1
781 3281 m3 3614 -0.239645094 0.5 p1 5 1
782 3282 m1 405 0.976346791 0.5 p1 5 1
783 3283 m5 1136 0.364691138 0.5 p1 5 1
784 3284 m2 1836 -0.550254762 0.5 p1 5 1
785 3285 m5 2624 -0.396725237 0.5 p1 5 1
786 3286 m3 3616 -0.748625696 0.5 p1 5 1
787 3287 m5 2382 0.420021802 0.5 p1 5 1
788 3288 m1 1068 0.598382473 0.5 p1 5 1
789 3289 m3 4102 -0.101988822 0.5 p1 5 1
790 3290 m1 798 -0.344005972 0.5 p1 5 1
791 3291 m5 2550 0.584854007 0.5 p1 5 1
792 3292 m2 1453 -0.0529221147 0.5 p1 5 1
793 3293 m2 1752 0.395487338 0.5 p1 5 1
794 3294 m4 5048 -0.536770165 0.5 p1 5 1
795 3295 m5 3356 -0.519128919 0.5 p1 5 1
796 3296 m2 1984 -0.101965375 0.5 p1 5 1
797 3297 m5 2267 -0.340539664 0.5 p1 5 1
798 3298 m5 3320 -0.767248034 0.5 p1 5 1
799 3299 m3 4349 0.137965098 0.5 p1 5 1
800 3300 m1 985 -0.362817794 0.5 p1 5 1
801 3301 m3 3879 0.540085375 0.5 p1 5 1
802 3302 m4 5422 -0.117162302 0.5 p1 5 1
803 3303 m5 3075 0.70344609 0.5 p1 5 1
804 3304 m3 3577 -0.557739615 0.5 p1 5 1
805 3305 m3 4242 0.350229204 0.5 p1 5 1
806 3306 m2 1810 0.106653832 0.5 p1 5 1
807 3307 m4 4552 -0.7975142 0.5 p1 5 1
808 3308 m5 3348 0.0964665115 0.5 p1 5 1
809 3309 m3 3684 0.338856578 0.5 p1 5 1
810 3310 m3 4167 -0.610850573 0.5 p1 5 1
811 3311 m4 5066 -0.310666025 0.5 p1 5 1
812 3312 m1 456 0.271982044 0.5 p1 5 1
813 3313 m2 1470 -0.424327612 0.5 p1 5 1
814 3314 m1 114 0.755734622 0.5 p1 5 1
815 3315 m2 1515 -0.582350433 0.5 p1 5 1
816 3316 m3 3553 -0.358956218 0.5 p1 5 1
817 3317 m1 789 0.679936528 0.5 p1 5 1
818 3318 m2 1794 0.23900409 0.5 p1 5 1
819 3319 m4 5218 0.909874678 0.5 p1 5 1
820 3320 m1 437 0.827238917 0.5 p1 5 1
821 3321 m3 3621 -0.100406043 0.5 p1 5 1
822 3322 m3 3711 -0.170142099 0.5 p1 5 1
823 3323 m2 1556 -0.000798136345 0.5 p1 5 1
824 3324 m1 536 0.604268491 0.5 p1 5 1
825 3325 m5 1147 -0.304104 0.5 p1 5 1
826 3326 m4 5097 0.24581258 0.5 p1 5 1
827 3327 m2 1291 -0.493466884 0.5 p1 5 1
828 3328 m4 5319 0.309264988 0.5 p1 5 1
829 3329 m5 3099 0.537755549 0.5 p1 5 1
830 3330 m2 1216 0.432742476 0.5 p1 5 1
831 3331 m2 1807 0.326262295 0.5 p1 5 1
832 3332 m1 154 0.209237158 0.5 p1 5 1
834 3333 m2 1201 0.272921503 0.5 p1 5 1
835 3334 m5 2231 0.696783483 0.5 p1 5 1
836 3335 m5 5550 -0.474376649 0.5 p1 5 1
837 3336 m5 1163 0.0286365245 0.5 p1 5 1
838 3337 m4 4970 -0.72078079 0.5 p1 5 1
839 3338 m5 3359 0.269629359 0.5 p1 5 1
840 3339 m4 4812 0.0206853375 0.5 p1 5 1
841 3340 m3 3802 -0.284661978 0.5 p1 5 1
842 3341 m4 4820 0.6392712 0.5 p1 5 1
843 3342 m2 1398 -0.227054521 0.5 p1 5 1
844 3343 m4 4614 -0.464704603 0.5 p1 5 1
845 3344 m3 4047 0.176606372 0.5 p1 5 1
846 3345 m4 4593 0.376047224 0.5 p1 5 1
847 3346 m1 746 0.0498870686 0.5 p1 5 1
848 3347 m1 971 -0.0155382911 0.5 p1 5 1
849 3348 m2 1322 0.286422312 0.5 p1 5 1
850 3349 m5 3218 0.756877661 0.5 p1 5 1
851 3350 m2 1769 -0.215436369 0.5 p1 5 1
852 3351 m2 1900 0.215436101 0.5 p1 5 1
853 3352 m3 3451 0.224529311 0.5 p1 5 1
854 3353 m2 2052 -0.328217953 0.5 p1 5 1
855 3354 m3 3620 0.514692008 0.5 p1 5 1
856 3355 m5 69 0.595763743 0.5 p1 5 1
857 3356 m3 4316 -0.5 0.5 p1 5 1
858 3357 m5 2663 0.172386304 0.5 p1 5 1
859 3358 m2 1821 -0.95615828 0.5 p1 5 1
860 3359 m4 5255 -0.0338879935 0.5 p1 5 1
861 3360 m1 122 0.229693949 0.5 p1 5 1
862 3361 m2 1874 -0.0615949444 0.5 p1 5 1
863 3362 m2 1924 -0.239915669 0.5 p1 5 1
864 3363 m3 4290 -0.0763289928 0.5 p1 5 1
865 3364 m2 1381 -0.181498393 0.5 p1 5 1
866 3365 m1 813 -0.185484126 0.5 p1 5 1
867 3366 m4 5280 0.111644782 0.5 p1 5 1
868 3367 m5 74 -0.212526456 0.5 p1 5 1
869 3368 m1 481 0.15238212 0.5 p1 5 1
870 3369 m5 1140 0.0823844597 0.5 p1 5 1
871 3370 m5 2334 0.0284263529 0.5 p1 5 1
872 3371 m2 1407 0.293515116 0.5 p1 5 1
873 3372 m3 3744 0.361371338 0.5 p1 5 1
874 3373 m1 425 -0.752421021 0.5 p1 5 1
875 3374 m4 5365 0.508837163 0.5 p1 5 1
876 3375 m4 5476 -0.0828223526 0.5 p1 5 1
877 3376 m3 3660 0.390001804 0.5 p1 5 1
879 3377 m1 415 0.900024295 0.5 p1 5 1
880 3378 m2 2112 -0.13137114 0.5 p1 5 1
881 3379 m3 3822 0.153565437 0.5 p1 5 1
882 3380 m5 1164 0.264715016 0.5 p1 5 1
883 3381 m4 5171 0.201386571 0.5 p1 5 1
884 3382 m5 2338 0.317656249 0.5 p1 5 1
885 3383 m4 5200 -0.122489586 0.5 p1 5 1
888 3384 m4 4822 0.232568622 0.5 p1 5 1
889 3385 m1 786 0.639781058 0.5 p1 5 1
890 3386 m5 3015 0.803780973 0.5 p1 5 1
891 3387 m1 933 0.904032111 0.5 p1 5 1
892 3388 m5 2622 0.0525511205 0.5 p1 5 1
893 3389 m2 1894 -0.0912211761 0.5 p1 5 1
894 3390 m1 157 0.925644398 0.5 p1 5 1
895 3391 m1 710 -0.256189495 0.5 p1 5 1
896 3392 m1 754 0.085894309 0.5 p1 5 1
897 3393 m2 1413 -0.0862547383 0.5 p1 5 1
898 3394 m5 2736 -0.136625871 0.5 p1 5 1
899 3395 m3 3861 -0.998436153 0.5 p1 5 1
900 3396 m5 3006 -0.546589911 0.5 p1 5 1
901 3397 m5 2519 -0.5 0.5 p1 5 1
902 3398 m1 331 -0.681551278 0.5 p1 5 1
903 3399 m5 36 -0.629531324 0.5 p1 5 1
904 3400 m5 2674 0.153698325 0.5 p1 5 1
905 3401 m5 2512 -0.23939757 0.5 p1 5 1
906 3402 m5 2451 0.555620193 0.5 p1 5 1
907 3403 m3 3480 0.246546775 0.5 p1 5 1
908 3404 m1 516 0.294166327 0.5 p1 5 1
909 3405 m4 4708 -0.25393948 0.5 p1 5 1
910 3406 m1 173 -0.697347581 0.5 p1 5 1
911 3407 m1 850 0.191329494 0.5 p1 5 1
912 3408 m2 1284 0.245537773 0.5 p1 5 1
913 3409 m4 4621 -0.114041507 0.5 p1 5 1
914 3410 m4 4885 0.769307494 0.5 p1 5 1
915 3411 m5 2972 0.514004707 0.5 p1 5 1
916 3412 m4 4543 -0.13403669 0.5 p1 5 1
917 3413 m1 557 -0.256098866 0.5 p1 5 1
918 3414 m3 4386 0.165027067 0.5 p1 5 1
919 3415 m2 1913 0.71454829 0.5 p1 5 1
920 3416 m5 1153 0.343316704 0.5 p1 5 1
921 3417 m5 2856 -0.677716136 0.5 p1 5 1
923 3418 m5 2470 -0.5 0.5 p1 5 1
924 3419 m5 2314 -0.629044473 0.5 p1 5 1
925 3420 m3 4068 0.555334806 0.5 p1 5 1
926 3421 m4 5069 -0.6731323 0.5 p1 5 1
927 3422 m2 1399 0.42290467 0.5 p1 5 1
928 3423 m5 2984 -0.255253762 0.5 p1 5 1
929 3424 m5 2759 0.330783427 0.5 p1 5 1
930 3425 m5 2702 0.0836834535 0.5 p1 5 1
931 3426 m1 194 0.0392556451 0.5 p1 5 1
932 3427 m4 5122 -0.421033829 0.5 p1 5 1
933 3428 m1 402 0.793593466 0.5 p1 5 1
934 3429 m1 536 -0.201569349 0.5 p1 5 1
935 3430 m3 3469 0.802209079 0.5 p1 5 1
936 3431 m5 2962 -0.319778919 0.5 p1 5 1
937 3432 m1 479 0.702762306 0.5 p1 5 1
938 3433 m2 1929 -0.088968277 0.5 p1 5 1
939 3434 m1 264 0.315606713 0.5 p1 5 1
940 3435 m1 568 -0.306260884 0.5 p1 5 1
941 3436 m3 3733 0.205213726 0.5 p1 5 1
942 3437 m2 1569 -0.178420454 0.5 p1 5 1
943 3438 m2 1847 0.39899388 0.5 p1 5 1
944 3439 m1 541 0.421803713 0.5 p1 5 1
945 3440 m5 2734 0.174240112 0.5 p1 5 1
946 3441 m5 2373 0.389243156 0.5 p1 5 1
947 3442 m3 4159 0.487259418 0.5 p1 5 1
948 3443 m5 86 0.16323036 0.5 p1 5 1
949 3444 m3 3784 0.270516425 0.5 p1 5 1
950 3445 m1 853 -0.185129344 0.5 p1 5 1
951 3446 m5 2713 0.643219352 0.5 p1 5 1
952 3447 m3 4123 0.5 0.5 p1 5 1
953 3448 m4 4546 0.122478843 0.5 p1 5 1
954 3449 m1 379 -0.00111477601 0.5 p1 5 1
955 3450 m3 3912 -0.175262272 0.5 p1 5 1
956 3451 m4 5239 -0.5 0.5 p1 5 1
957 3452 m4 4970 -0.555649936 0.5 p1 5 1
958 3453 m4 5002 0.030371597 0.5 p1 5 1
959 3454 m1 304 0.46057561 0.5 p1 5 1
960 3455 m3 4095 -0.0852840245 0.5 p1 5 1
961 3456 m3 4371 0.0834165066 0.5 p1 5 1
962 3457 m3 3893 -0.0341128856 0.5 p1 5 1
963 3458 m3 3647 -0.473027647 0.5 p1 5 1
964 3459 m3 3710 -0.399395645 0.5 p1 5 1
965 3460 m3 3905 0.0649225488 0.5 p1 5 1
966 3461 m4 5489 0.136212438 0.5 p1 5 1
967 3462 m5 2261 0.527121961 0.5 p1 5 1
968 3463 m1 564 -0.5 0.5 p1 5 1
969 3464 m1 329 -0.738971353 0.5 p1 5 1
970 3465 m5 1107 -0.117114685 0.5 p1 5 1
971 3466 m3 3508 0.417423636 0.5 p1 5 1
972 3467 m4 4897 0.318655252 0.5 p1 5 1
973 3468 m4 5231 -0.0167393852 0.5 p1 5 1
974 3469 m2 1302 0.704620779 0.5 p1 5 1
975 3470 m4 5261 -0.520514786 0.5 p1 5 1
976 3471 m2 1796 0.0321167521 0.5 p1 5 1
977 3472 m2 1341 -0.352635503 0.5 p1 5 1
978 3473 m1 238 0.395195663 0.5 p1 5 1
979 3474 m1 329 0.941415668 0.5 p1 5 1
Individuals:
p1:i0 H p1:0 p1:1
p1:i1 H p1:2 p1:3
p1:i2 H p1:4 p1:5
p1:i3 H p1:6 p1:7
p1:i4 H p1:8 p1:9
p1:i5 H p1:10 p1:11
p1:i6 H p1:12 p1:13
p1:i7 H p1:14 p1:15
p1:i8 H p1:16 p1:17
p1:i9 H p1:18 p1:19
p1:i10 H p1:20 p1:21
p1:i11 H p1:22 p1:23
p1:i12 H p1:24 p1:25
p1:i13 H p1:26 p1:27
p1:i14 H p1:28 p1:29
p1:i15 H p1:30 p1:31
p1:i16 H p1:32 p1:33
p1:i17 H p1:34 p1:35
p1:i18 H p1:36 p1:37
p1:i19 H p1:38 p1:39
p1:i20 H p1:40 p1:41
p1:i21 H p1:42 p1:43
p1:i22 H p1:44 p1:45
p1:i23 H p1:46 p1:47
p1:i24 H p1:48 p1:49
p1:i25 H p1:50 p1:51
p1:i26 H p1:52 p1:53
p1:i27 H p1:54 p1:55
p1:i28 H p1:56 p1:57
p1:i29 H p1:58 p1:59
p1:i30 H p1:60 p1:61
p1:i31 H p1:62 p1:63
p1:i32 H p1:64 p1:65
p1:i33 H p1:66 p1:67
p1:i34 H p1:68 p1:69
p1:i35 H p1:70 p1:71
p1:i36 H p1:72 p1:73
p1:i37 H p1:74 p1:75
p1:i38 H p1:76 p1:77
p1:i39 H p1:78 p1:79
p1:i40 H p1:80 p1:81
p1:i41 H p1:82 p1:83
p1:i42 H p1:84 p1:85
p1:i43 H p1:86 p1:87
p1:i44 H p1:88 p1:89
p1:i45 H p1:90 p1:91
p1:i46 H p1:92 p1:93
p1:i47 H p1:94 p1:95
p1:i48 H p1:96 p1:97
p1:i49 H p1:98 p1:99
p1:i50 H p1:100 p1:101
p1:i51 H p1:102 p1:103
p1:i52 H p1:104 p1:105
p1:i53 H p1:106 p1:107
p1:i54 H p1:108 p1:109
p1:i55 H p1:110 p1:111
p1:i56 H p1:112 p1:113
p1:i57 H p1:114 p1:115
p1:i58 H p1:116 p1:117
p1:i59 H p1:118 p1:119
p1:i60 H p1:120 p1:121
p1:i61 H p1:122 p1:123
p1:i62 H p1:124 p1:125
p1:i63 H p1:126 p1:127
p1:i64 H p1:128 p1:129
p1:i65 H p1:130 p1:131
p1:i66 H p1:132 p1:133
p1:i67 H p1:134 p1:135
p1:i68 H p1:136 p1:137
p1:i69 H p1:138 p1:139
p1:i70 H p1:140 p1:141
p1:i71 H p1:142 p1:143
p1:i72 H p1:144 p1:145
p1:i73 H p1:146 p1:147
p1:i74 H p1:148 p1:149
p1:i75 H p1:150 p1:151
p1:i76 H p1:152 p1:153
p1:i77 H p1:154 p1:155
p1:i78 H p1:156 p1:157
p1:i79 H p1:158 p1:159
p1:i80 H p1:160 p1:161
p1:i81 H p1:162 p1:163
p1:i82 H p1:164 p1:165
p1:i83 H p1:166 p1:167
p1:i84 H p1:168 p1:169
p1:i85 H p1:170 p1:171
p1:i86 H p1:172 p1:173
p1:i87 H p1:174 p1:175
p1:i88 H p1:176 p1:177
p1:i89 H p1:178 p1:179
p1:i90 H p1:180 p1:181
p1:i91 H p1:182 p1:183
p1:i92 H p1:184 p1:185
p1:i93 H p1:186 p1:187
p1:i94 H p1:188 p1:189
p1:i95 H p1:190 p1:191
p1:i96 H p1:192 p1:193
p1:i97 H p1:194 p1:195
p1:i98 H p1:196 p1:197
p1:i99 H p1:198 p1:199
p1:i100 H p1:200 p1:201
p1:i101 H p1:202 p1:203
p1:i102 H p1:204 p1:205
p1:i103 H p1:206 p1:207
p1:i104 H p1:208 p1:209
p1:i105 H p1:210 p1:211
p1:i106 H p1:212 p1:213
p1:i107 H p1:214 p1:215
p1:i108 H p1:216 p1:217
p1:i109 H p1:218 p1:219
p1:i110 H p1:220 p1:221
p1:i111 H p1:222 p1:223
p1:i112 H p1:224 p1:225
p1:i113 H p1:226 p1:227
p1:i114 H p1:228 p1:229
p1:i115 H p1:230 p1:231
p1:i116 H p1:232 p1:233
p1:i117 H p1:234 p1:235
p1:i118 H p1:236 p1:237
p1:i119 H p1:238 p1:239
p1:i120 H p1:240 p1:241
p1:i121 H p1:242 p1:243
p1:i122 H p1:244 p1:245
p1:i123 H p1:246 p1:247
p1:i124 H p1:248 p1:249
p1:i125 H p1:250 p1:251
p1:i126 H p1:252 p1:253
p1:i127 H p1:254 p1:255
p1:i128 H p1:256 p1:257
p1:i129 H p1:258 p1:259
p1:i130 H p1:260 p1:261
p1:i131 H p1:262 p1:263
p1:i132 H p1:264 p1:265
p1:i133 H p1:266 p1:267
p1:i134 H p1:268 p1:269
p1:i135 H p1:270 p1:271
p1:i136 H p1:272 p1:273
p1:i137 H p1:274 p1:275
p1:i138 H p1:276 p1:277
p1:i139 H p1:278 p1:279
p1:i140 H p1:280 p1:281
p1:i141 H p1:282 p1:283
p1:i142 H p1:284 p1:285
p1:i143 H p1:286 p1:287
p1:i144 H p1:288 p1:289
p1:i145 H p1:290 p1:291
p1:i146 H p1:292 p1:293
p1:i147 H p1:294 p1:295
p1:i148 H p1:296 p1:297
p1:i149 H p1:298 p1:299
p1:i150 H p1:300 p1:301
p1:i151 H p1:302 p1:303
p1:i152 H p1:304 p1:305
p1:i153 H p1:306 p1:307
p1:i154 H p1:308 p1:309
p1:i155 H p1:310 p1:311
p1:i156 H p1:312 p1:313
p1:i157 H p1:314 p1:315
p1:i158 H p1:316 p1:317
p1:i159 H p1:318 p1:319
p1:i160 H p1:320 p1:321
p1:i161 H p1:322 p1:323
p1:i162 H p1:324 p1:325
p1:i163 H p1:326 p1:327
p1:i164 H p1:328 p1:329
p1:i165 H p1:330 p1:331
p1:i166 H p1:332 p1:333
p1:i167 H p1:334 p1:335
p1:i168 H p1:336 p1:337
p1:i169 H p1:338 p1:339
p1:i170 H p1:340 p1:341
p1:i171 H p1:342 p1:343
p1:i172 H p1:344 p1:345
p1:i173 H p1:346 p1:347
p1:i174 H p1:348 p1:349
p1:i175 H p1:350 p1:351
p1:i176 H p1:352 p1:353
p1:i177 H p1:354 p1:355
p1:i178 H p1:356 p1:357
p1:i179 H p1:358 p1:359
p1:i180 H p1:360 p1:361
p1:i181 H p1:362 p1:363
p1:i182 H p1:364 p1:365
p1:i183 H p1:366 p1:367
p1:i184 H p1:368 p1:369
p1:i185 H p1:370 p1:371
p1:i186 H p1:372 p1:373
p1:i187 H p1:374 p1:375
p1:i188 H p1:376 p1:377
p1:i189 H p1:378 p1:379
p1:i190 H p1:380 p1:381
p1:i191 H p1:382 p1:383
p1:i192 H p1:384 p1:385
p1:i193 H p1:386 p1:387
p1:i194 H p1:388 p1:389
p1:i195 H p1:390 p1:391
p1:i196 H p1:392 p1:393
p1:i197 H p1:394 p1:395
p1:i198 H p1:396 p1:397
p1:i199 H p1:398 p1:399
p1:i200 H p1:400 p1:401
p1:i201 H p1:402 p1:403
p1:i202 H p1:404 p1:405
p1:i203 H p1:406 p1:407
p1:i204 H p1:408 p1:409
p1:i205 H p1:410 p1:411
p1:i206 H p1:412 p1:413
p1:i207 H p1:414 p1:415
p1:i208 H p1:416 p1:417
p1:i209 H p1:418 p1:419
p1:i210 H p1:420 p1:421
p1:i211 H p1:422 p1:423
p1:i212 H p1:424 p1:425
p1:i213 H p1:426 p1:427
p1:i214 H p1:428 p1:429
p1:i215 H p1:430 p1:431
p1:i216 H p1:432 p1:433
p1:i217 H p1:434 p1:435
p1:i218 H p1:436 p1:437
p1:i219 H p1:438 p1:439
p1:i220 H p1:440 p1:441
p1:i221 H p1:442 p1:443
p1:i222 H p1:444 p1:445
p1:i223 H p1:446 p1:447
p1:i224 H p1:448 p1:449
p1:i225 H p1:450 p1:451
p1:i226 H p1:452 p1:453
p1:i227 H p1:454 p1:455
p1:i228 H p1:456 p1:457
p1:i229 H p1:458 p1:459
p1:i230 H p1:460 p1:461
p1:i231 H p1:462 p1:463
p1:i232 H p1:464 p1:465
p1:i233 H p1:466 p1:467
p1:i234 H p1:468 p1:469
p1:i235 H p1:470 p1:471
p1:i236 H p1:472 p1:473
p1:i237 H p1:474 p1:475
p1:i238 H p1:476 p1:477
p1:i239 H p1:478 p1:479
p1:i240 H p1:480 p1:481
p1:i241 H p1:482 p1:483
p1:i242 H p1:484 p1:485
p1:i243 H p1:486 p1:487
p1:i244 H p1:488 p1:489
p1:i245 H p1:490 p1:491
p1:i246 H p1:492 p1:493
p1:i247 H p1:494 p1:495
p1:i248 H p1:496 p1:497
p1:i249 H p1:498 p1:499
p1:i250 H p1:500 p1:501
p1:i251 H p1:502 p1:503
p1:i252 H p1:504 p1:505
p1:i253 H p1:506 p1:507
p1:i254 H p1:508 p1:509
p1:i255 H p1:510 p1:511
p1:i256 H p1:512 p1:513
p1:i257 H p1:514 p1:515
p1:i258 H p1:516 p1:517
p1:i259 H p1:518 p1:519
p1:i260 H p1:520 p1:521
p1:i261 H p1:522 p1:523
p1:i262 H p1:524 p1:525
p1:i263 H p1:526 p1:527
p1:i264 H p1:528 p1:529
p1:i265 H p1:530 p1:531
p1:i266 H p1:532 p1:533
p1:i267 H p1:534 p1:535
p1:i268 H p1:536 p1:537
p1:i269 H p1:538 p1:539
p1:i270 H p1:540 p1:541
p1:i271 H p1:542 p1:543
p1:i272 H p1:544 p1:545
p1:i273 H p1:546 p1:547
p1:i274 H p1:548 p1:549
p1:i275 H p1:550 p1:551
p1:i276 H p1:552 p1:553
p1:i277 H p1:554 p1:555
p1:i278 H p1:556 p1:557
p1:i279 H p1:558 p1:559
p1:i280 H p1:560 p1:561
p1:i281 H p1:562 p1:563
p1:i282 H p1:564 p1:565
p1:i283 H p1:566 p1:567
p1:i284 H p1:568 p1:569
p1:i285 H p1:570 p1:571
p1:i286 H p1:572 p1:573
p1:i287 H p1:574 p1:575
p1:i288 H p1:576 p1:577
p1:i289 H p1:578 p1:579
p1:i290 H p1:580 p1:581
p1:i291 H p1:582 p1:583
p1:i292 H p1:584 p1:585
p1:i293 H p1:586 p1:587
p1:i294 H p1:588 p1:589
p1:i295 H p1:590 p1:591
p1:i296 H p1:592 p1:593
p1:i297 H p1:594 p1:595
p1:i298 H p1:596 p1:597
p1:i299 H p1:598 p1:599
p1:i300 H p1:600 p1:601
p1:i301 H p1:602 p1:603
p1:i302 H p1:604 p1:605
p1:i303 H p1:606 p1:607
p1:i304 H p1:608 p1:609
p1:i305 H p1:610 p1:611
p1:i306 H p1:612 p1:613
p1:i307 H p1:614 p1:615
p1:i308 H p1:616 p1:617
p1:i309 H p1:618 p1:619
p1:i310 H p1:620 p1:621
p1:i311 H p1:622 p1:623
p1:i312 H p1:624 p1:625
p1:i313 H p1:626 p1:627
p1:i314 H p1:628 p1:629
p1:i315 H p1:630 p1:631
p1:i316 H p1:632 p1:633
p1:i317 H p1:634 p1:635
p1:i318 H p1:636 p1:637
p1:i319 H p1:638 p1:639
p1:i320 H p1:640 p1:641
p1:i321 H p1:642 p1:643
p1:i322 H p1:644 p1:645
p1:i323 H p1:646 p1:647
p1:i324 H p1:648 p1:649
p1:i325 H p1:650 p1:651
p1:i326 H p1:652 p1:653
p1:i327 H p1:654 p1:655
p1:i328 H p1:656 p1:657
p1:i329 H p1:658 p1:659
p1:i330 H p1:660 p1:661
p1:i331 H p1:662 p1:663
p1:i332 H p1:664 p1:665
p1:i333 H p1:666 p1:667
p1:i334 H p1:668 p1:669
p1:i335 H p1:670 p1:671
p1:i336 H p1:672 p1:673
p1:i337 H p1:674 p1:675
p1:i338 H p1:676 p1:677
p1:i339 H p1:678 p1:679
p1:i340 H p1:680 p1:681
p1:i341 H p1:682 p1:683
p1:i342 H p1:684 p1:685
p1:i343 H p1:686 p1:687
p1:i344 H p1:688 p1:689
p1:i345 H p1:690 p1:691
p1:i346 H p1:692 p1:693
p1:i347 H p1:694 p1:695
p1:i348 H p1:696 p1:697
p1:i349 H p1:698 p1:699
p1:i350 H p1:700 p1:701
p1:i351 H p1:702 p1:703
p1:i352 H p1:704 p1:705
p1:i353 H p1:706 p1:707
p1:i354 H p1:708 p1:709
p1:i355 H p1:710 p1:711
p1:i356 H p1:712 p1:713
p1:i357 H p1:714 p1:715
p1:i358 H p1:716 p1:717
p1:i359 H p1:718 p1:719
p1:i360 H p1:720 p1:721
p1:i361 H p1:722 p1:723
p1:i362 H p1:724 p1:725
p1:i363 H p1:726 p1:727
p1:i364 H p1:728 p1:729
p1:i365 H p1:730 p1:731
p1:i366 H p1:732 p1:733
p1:i367 H p1:734 p1:735
p1:i368 H p1:736 p1:737
p1:i369 H p1:738 p1:739
p1:i370 H p1:740 p1:741
p1:i371 H p1:742 p1:743
p1:i372 H p1:744 p1:745
p1:i373 H p1:746 p1:747
p1:i374 H p1:748 p1:749
p1:i375 H p1:750 p1:751
p1:i376 H p1:752 p1:753
p1:i377 H p1:754 p1:755
p1:i378 H p1:756 p1:757
p1:i379 H p1:758 p1:759
p1:i380 H p1:760 p1:761
p1:i381 H p1:762 p1:763
p1:i382 H p1:764 p1:765
p1:i383 H p1:766 p1:767
p1:i384 H p1:768 p1:769
p1:i385 H p1:770 p1:771
p1:i386 H p1:772 p1:773
p1:i387 H p1:774 p1:775
p1:i388 H p1:776 p1:777
p1:i389 H p1:778 p1:779
p1:i390 H p1:780 p1:781
p1:i391 H p1:782 p1:783
p1:i392 H p1:784 p1:785
p1:i393 H p1:786 p1:787
p1:i394 H p1:788 p1:789
p1:i395 H p1:790 p1:791
p1:i396 H p1:792 p1:793
p1:i397 H p1:794 p1:795
p1:i398 H p1:796 p1:797
p1:i399 H p1:798 p1:799
p1:i400 H p1:800 p1:801
p1:i401 H p1:802 p1:803
p1:i402 H p1:804 p1:805
p1:i403 H p1:806 p1:807
p1:i404 H p1:808 p1:809
p1:i405 H p1:810 p1:811
p1:i406 H p1:812 p1:813
p1:i407 H p1:814 p1:815
p1:i408 H p1:816 p1:817
p1:i409 H p1:818 p1:819
p1:i410 H p1:820 p1:821
p1:i411 H p1:822 p1:823
p1:i412 H p1:824 p1:825
p1:i413 H p1:826 p1:827
p1:i414 H p1:828 p1:829
p1:i415 H p1:830 p1:831
p1:i416 H p1:832 p1:833
p1:i417 H p1:834 p1:835
p1:i418 H p1:836 p1:837
p1:i419 H p1:838 p1:839
p1:i420 H p1:840 p1:841
p1:i421 H p1:842 p1:843
p1:i422 H p1:844 p1:845
p1:i423 H p1:846 p1:847
p1:i424 H p1:848 p1:849
p1:i425 H p1:850 p1:851
p1:i426 H p1:852 p1:853
p1:i427 H p1:854 p1:855
p1:i428 H p1:856 p1:857
p1:i429 H p1:858 p1:859
p1:i430 H p1:860 p1:861
p1:i431 H p1:862 p1:863
p1:i432 H p1:864 p1:865
p1:i433 H p1:866 p1:867
p1:i434 H p1:868 p1:869
p1:i435 H p1:870 p1:871
p1:i436 H p1:872 p1:873
p1:i437 H p1:874 p1:875
p1:i438 H p1:876 p1:877
p1:i439 H p1:878 p1:879
p1:i440 H p1:880 p1:881
p1:i441 H p1:882 p1:883
p1:i442 H p1:884 p1:885
p1:i443 H p1:886 p1:887
p1:i444 H p1:888 p1:889
p1:i445 H p1:890 p1:891
p1:i446 H p1:892 p1:893
p1:i447 H p1:894 p1:895
p1:i448 H p1:896 p1:897
p1:i449 H p1:898 p1:899
p1:i450 H p1:900 p1:901
p1:i451 H p1:902 p1:903
p1:i452 H p1:904 p1:905
p1:i453 H p1:906 p1:907
p1:i454 H p1:908 p1:909
p1:i455 H p1:910 p1:911
p1:i456 H p1:912 p1:913
p1:i457 H p1:914 p1:915
p1:i458 H p1:916 p1:917
p1:i459 H p1:918 p1:919
p1:i460 H p1:920 p1:921
p1:i461 H p1:922 p1:923
p1:i462 H p1:924 p1:925
p1:i463 H p1:926 p1:927
p1:i464 H p1:928 p1:929
p1:i465 H p1:930 p1:931
p1:i466 H p1:932 p1:933
p1:i467 H p1:934 p1:935
p1:i468 H p1:936 p1:937
p1:i469 H p1:938 p1:939
p1:i470 H p1:940 p1:941
p1:i471 H p1:942 p1:943
p1:i472 H p1:944 p1:945
p1:i473 H p1:946 p1:947
p1:i474 H p1:948 p1:949
p1:i475 H p1:950 p1:951
p1:i476 H p1:952 p1:953
p1:i477 H p1:954 p1:955
p1:i478 H p1:956 p1:957
p1:i479 H p1:958 p1:959
p1:i480 H p1:960 p1:961
p1:i481 H p1:962 p1:963
p1:i482 H p1:964 p1:965
p1:i483 H p1:966 p1:967
p1:i484 H p1:968 p1:969
p1:i485 H p1:970 p1:971
p1:i486 H p1:972 p1:973
p1:i487 H p1:974 p1:975
p1:i488 H p1:976 p1:977
p1:i489 H p1:978 p1:979
p1:i490 H p1:980 p1:981
p1:i491 H p1:982 p1:983
p1:i492 H p1:984 p1:985
p1:i493 H p1:986 p1:987
p1:i494 H p1:988 p1:989
p1:i495 H p1:990 p1:991
p1:i496 H p1:992 p1:993
p1:i497 H p1:994 p1:995
p1:i498 H p1:996 p1:997
p1:i499 H p1:998 p1:999
p1:i500 H p1:1000 p1:1001
p1:i501 H p1:1002 p1:1003
p1:i502 H p1:1004 p1:1005
p1:i503 H p1:1006 p1:1007
p1:i504 H p1:1008 p1:1009
p1:i505 H p1:1010 p1:1011
p1:i506 H p1:1012 p1:1013
p1:i507 H p1:1014 p1:1015
p1:i508 H p1:1016 p1:1017
p1:i509 H p1:1018 p1:1019
p1:i510 H p1:1020 p1:1021
p1:i511 H p1:1022 p1:1023
p1:i512 H p1:1024 p1:1025
p1:i513 H p1:1026 p1:1027
p1:i514 H p1:1028 p1:1029
p1:i515 H p1:1030 p1:1031
p1:i516 H p1:1032 p1:1033
p1:i517 H p1:1034 p1:1035
p1:i518 H p1:1036 p1:1037
p1:i519 H p1:1038 p1:1039
p1:i520 H p1:1040 p1:1041
p1:i521 H p1:1042 p1:1043
p1:i522 H p1:1044 p1:1045
p1:i523 H p1:1046 p1:1047
p1:i524 H p1:1048 p1:1049
p1:i525 H p1:1050 p1:1051
p1:i526 H p1:1052 p1:1053
p1:i527 H p1:1054 p1:1055
p1:i528 H p1:1056 p1:1057
p1:i529 H p1:1058 p1:1059
p1:i530 H p1:1060 p1:1061
p1:i531 H p1:1062 p1:1063
p1:i532 H p1:1064 p1:1065
p1:i533 H p1:1066 p1:1067
p1:i534 H p1:1068 p1:1069
p1:i535 H p1:1070 p1:1071
p1:i536 H p1:1072 p1:1073
p1:i537 H p1:1074 p1:1075
p1:i538 H p1:1076 p1:1077
p1:i539 H p1:1078 p1:1079
p1:i540 H p1:1080 p1:1081
p1:i541 H p1:1082 p1:1083
p1:i542 H p1:1084 p1:1085
p1:i543 H p1:1086 p1:1087
p1:i544 H p1:1088 p1:1089
p1:i545 H p1:1090 p1:1091
p1:i546 H p1:1092 p1:1093
p1:i547 H p1:1094 p1:1095
p1:i548 H p1:1096 p1:1097
p1:i549 H p1:1098 p1:1099
p1:i550 H p1:1100 p1:1101
p1:i551 H p1:1102 p1:1103
p1:i552 H p1:1104 p1:1105
p1:i553 H p1:1106 p1:1107
p1:i554 H p1:1108 p1:1109
p1:i555 H p1:1110 p1:1111
p1:i556 H p1:1112 p1:1113
p1:i557 H p1:1114 p1:1115
p1:i558 H p1:1116 p1:1117
p1:i559 H p1:1118 p1:1119
p1:i560 H p1:1120 p1:1121
p1:i561 H p1:1122 p1:1123
p1:i562 H p1:1124 p1:1125
p1:i563 H p1:1126 p1:1127
p1:i564 H p1:1128 p1:1129
p1:i565 H p1:1130 p1:1131
p1:i566 H p1:1132 p1:1133
p1:i567 H p1:1134 p1:1135
p1:i568 H p1:1136 p1:1137
p1:i569 H p1:1138 p1:1139
p1:i570 H p1:1140 p1:1141
p1:i571 H p1:1142 p1:1143
p1:i572 H p1:1144 p1:1145
p1:i573 H p1:1146 p1:1147
p1:i574 H p1:1148 p1:1149
p1:i575 H p1:1150 p1:1151
p1:i576 H p1:1152 p1:1153
p1:i577 H p1:1154 p1:1155
p1:i578 H p1:1156 p1:1157
p1:i579 H p1:1158 p1:1159
p1:i580 H p1:1160 p1:1161
p1:i581 H p1:1162 p1:1163
p1:i582 H p1:1164 p1:1165
p1:i583 H p1:1166 p1:1167
p1:i584 H p1:1168 p1:1169
p1:i585 H p1:1170 p1:1171
p1:i586 H p1:1172 p1:1173
p1:i587 H p1:1174 p1:1175
p1:i588 H p1:1176 p1:1177
p1:i589 H p1:1178 p1:1179
p1:i590 H p1:1180 p1:1181
p1:i591 H p1:1182 p1:1183
p1:i592 H p1:1184 p1:1185
p1:i593 H p1:1186 p1:1187
p1:i594 H p1:1188 p1:1189
p1:i595 H p1:1190 p1:1191
p1:i596 H p1:1192 p1:1193
p1:i597 H p1:1194 p1:1195
p1:i598 H p1:1196 p1:1197
p1:i599 H p1:1198 p1:1199
p1:i600 H p1:1200 p1:1201
p1:i601 H p1:1202 p1:1203
p1:i602 H p1:1204 p1:1205
p1:i603 H p1:1206 p1:1207
p1:i604 H p1:1208 p1:1209
p1:i605 H p1:1210 p1:1211
p1:i606 H p1:1212 p1:1213
p1:i607 H p1:1214 p1:1215
p1:i608 H p1:1216 p1:1217
p1:i609 H p1:1218 p1:1219
p1:i610 H p1:1220 p1:1221
p1:i611 H p1:1222 p1:1223
p1:i612 H p1:1224 p1:1225
p1:i613 H p1:1226 p1:1227
p1:i614 H p1:1228 p1:1229
p1:i615 H p1:1230 p1:1231
p1:i616 H p1:1232 p1:1233
p1:i617 H p1:1234 p1:1235
p1:i618 H p1:1236 p1:1237
p1:i619 H p1:1238 p1:1239
p1:i620 H p1:1240 p1:1241
p1:i621 H p1:1242 p1:1243
p1:i622 H p1:1244 p1:1245
p1:i623 H p1:1246 p1:1247
p1:i624 H p1:1248 p1:1249
p1:i625 H p1:1250 p1:1251
p1:i626 H p1:1252 p1:1253
p1:i627 H p1:1254 p1:1255
p1:i628 H p1:1256 p1:1257
p1:i629 H p1:1258 p1:1259
p1:i630 H p1:1260 p1:1261
p1:i631 H p1:1262 p1:1263
p1:i632 H p1:1264 p1:1265
p1:i633 H p1:1266 p1:1267
p1:i634 H p1:1268 p1:1269
p1:i635 H p1:1270 p1:1271
p1:i636 H p1:1272 p1:1273
p1:i637 H p1:1274 p1:1275
p1:i638 H p1:1276 p1:1277
p1:i639 H p1:1278 p1:1279
p1:i640 H p1:1280 p1:1281
p1:i641 H p1:1282 p1:1283
p1:i642 H p1:1284 p1:1285
p1:i643 H p1:1286 p1:1287
p1:i644 H p1:1288 p1:1289
p1:i645 H p1:1290 p1:1291
p1:i646 H p1:1292 p1:1293
p1:i647 H p1:1294 p1:1295
p1:i648 H p1:1296 p1:1297
p1:i649 H p1:1298 p1:1299
p1:i650 H p1:1300 p1:1301
p1:i651 H p1:1302 p1:1303
p1:i652 H p1:1304 p1:1305
p1:i653 H p1:1306 p1:1307
p1:i654 H p1:1308 p1:1309
p1:i655 H p1:1310 p1:1311
p1:i656 H p1:1312 p1:1313
p1:i657 H p1:1314 p1:1315
p1:i658 H p1:1316 p1:1317
p1:i659 H p1:1318 p1:1319
p1:i660 H p1:1320 p1:1321
p1:i661 H p1:1322 p1:1323
p1:i662 H p1:1324 p1:1325
p1:i663 H p1:1326 p1:1327
p1:i664 H p1:1328 p1:1329
p1:i665 H p1:1330 p1:1331
p1:i666 H p1:1332 p1:1333
p1:i667 H p1:1334 p1:1335
p1:i668 H p1:1336 p1:1337
p1:i669 H p1:1338 p1:1339
p1:i670 H p1:1340 p1:1341
p1:i671 H p1:1342 p1:1343
p1:i672 H p1:1344 p1:1345
p1:i673 H p1:1346 p1:1347
p1:i674 H p1:1348 p1:1349
p1:i675 H p1:1350 p1:1351
p1:i676 H p1:1352 p1:1353
p1:i677 H p1:1354 p1:1355
p1:i678 H p1:1356 p1:1357
p1:i679 H p1:1358 p1:1359
p1:i680 H p1:1360 p1:1361
p1:i681 H p1:1362 p1:1363
p1:i682 H p1:1364 p1:1365
p1:i683 H p1:1366 p1:1367
p1:i684 H p1:1368 p1:1369
p1:i685 H p1:1370 p1:1371
p1:i686 H p1:1372 p1:1373
p1:i687 H p1:1374 p1:1375
p1:i688 H p1:1376 p1:1377
p1:i689 H p1:1378 p1:1379
p1:i690 H p1:1380 p1:1381
p1:i691 H p1:1382 p1:1383
p1:i692 H p1:1384 p1:1385
p1:i693 H p1:1386 p1:1387
p1:i694 H p1:1388 p1:1389
p1:i695 H p1:1390 p1:1391
p1:i696 H p1:1392 p1:1393
p1:i697 H p1:1394 p1:1395
p1:i698 H p1:1396 p1:1397
p1:i699 H p1:1398 p1:1399
p1:i700 H p1:1400 p1:1401
p1:i701 H p1:1402 p1:1403
p1:i702 H p1:1404 p1:1405
p1:i703 H p1:1406 p1:1407
p1:i704 H p1:1408 p1:1409
p1:i705 H p1:1410 p1:1411
p1:i706 H p1:1412 p1:1413
p1:i707 H p1:1414 p1:1415
p1:i708 H p1:1416 p1:1417
p1:i709 H p1:1418 p1:1419
p1:i710 H p1:1420 p1:1421
p1:i711 H p1:1422 p1:1423
p1:i712 H p1:1424 p1:1425
p1:i713 H p1:1426 p1:1427
p1:i714 H p1:1428 p1:1429
p1:i715 H p1:1430 p1:1431
p1:i716 H p1:1432 p1:1433
p1:i717 H p1:1434 p1:1435
p1:i718 H p1:1436 p1:1437
p1:i719 H p1:1438 p1:1439
p1:i720 H p1:1440 p1:1441
p1:i721 H p1:1442 p1:1443
p1:i722 H p1:1444 p1:1445
p1:i723 H p1:1446 p1:1447
p1:i724 H p1:1448 p1:1449
p1:i725 H p1:1450 p1:1451
p1:i726 H p1:1452 p1:1453
p1:i727 H p1:1454 p1:1455
p1:i728 H p1:1456 p1:1457
p1:i729 H p1:1458 p1:1459
p1:i730 H p1:1460 p1:1461
p1:i731 H p1:1462 p1:1463
p1:i732 H p1:1464 p1:1465
p1:i733 H p1:1466 p1:1467
p1:i734 H p1:1468 p1:1469
p1:i735 H p1:1470 p1:1471
p1:i736 H p1:1472 p1:1473
p1:i737 H p1:1474 p1:1475
p1:i738 H p1:1476 p1:1477
p1:i739 H p1:1478 p1:1479
p1:i740 H p1:1480 p1:1481
p1:i741 H p1:1482 p1:1483
p1:i742 H p1:1484 p1:1485
p1:i743 H p1:1486 p1:1487
p1:i744 H p1:1488 p1:1489
p1:i745 H p1:1490 p1:1491
p1:i746 H p1:1492 p1:1493
p1:i747 H p1:1494 p1:1495
p1:i748 H p1:1496 p1:1497
p1:i749 H p1:1498 p1:1499
p1:i750 H p1:1500 p1:1501
p1:i751 H p1:1502 p1:1503
p1:i752 H p1:1504 p1:1505
p1:i753 H p1:1506 p1:1507
p1:i754 H p1:1508 p1:1509
p1:i755 H p1:1510 p1:1511
p1:i756 H p1:1512 p1:1513
p1:i757 H p1:1514 p1:1515
p1:i758 H p1:1516 p1:1517
p1:i759 H p1:1518 p1:1519
p1:i760 H p1:1520 p1:1521
p1:i761 H p1:1522 p1:1523
p1:i762 H p1:1524 p1:1525
p1:i763 H p1:1526 p1:1527
p1:i764 H p1:1528 p1:1529
p1:i765 H p1:1530 p1:1531
p1:i766 H p1:1532 p1:1533
p1:i767 H p1:1534 p1:1535
p1:i768 H p1:1536 p1:1537
p1:i769 H p1:1538 p1:1539
p1:i770 H p1:1540 p1:1541
p1:i771 H p1:1542 p1:1543
p1:i772 H p1:1544 p1:1545
p1:i773 H p1:1546 p1:1547
p1:i774 H p1:1548 p1:1549
p1:i775 H p1:1550 p1:1551
p1:i776 H p1:1552 p1:1553
p1:i777 H p1:1554 p1:1555
p1:i778 H p1:1556 p1:1557
p1:i779 H p1:1558 p1:1559
p1:i780 H p1:1560 p1:1561
p1:i781 H p1:1562 p1:1563
p1:i782 H p1:1564 p1:1565
p1:i783 H p1:1566 p1:1567
p1:i784 H p1:1568 p1:1569
p1:i785 H p1:1570 p1:1571
p1:i786 H p1:1572 p1:1573
p1:i787 H p1:1574 p1:1575
p1:i788 H p1:1576 p1:1577
p1:i789 H p1:1578 p1:1579
p1:i790 H p1:1580 p1:1581
p1:i791 H p1:1582 p1:1583
p1:i792 H p1:1584 p1:1585
p1:i793 H p1:1586 p1:1587
p1:i794 H p1:1588 p1:1589
p1:i795 H p1:1590 p1:1591
p1:i796 H p1:1592 p1:1593
p1:i797 H p1:1594 p1:1595
p1:i798 H p1:1596 p1:1597
p1:i799 H p1:1598 p1:1599
p1:i800 H p1:1600 p1:1601
p1:i801 H p1:1602 p1:1603
p1:i802 H p1:1604 p1:1605
p1:i803 H p1:1606 p1:1607
p1:i804 H p1:1608 p1:1609
p1:i805 H p1:1610 p1:1611
p1:i806 H p1:1612 p1:1613
p1:i807 H p1:1614 p1:1615
p1:i808 H p1:1616 p1:1617
p1:i809 H p1:1618 p1:1619
p1:i810 H p1:1620 p1:1621
p1:i811 H p1:1622 p1:1623
p1:i812 H p1:1624 p1:1625
p1:i813 H p1:1626 p1:1627
p1:i814 H p1:1628 p1:1629
p1:i815 H p1:1630 p1:1631
p1:i816 H p1:1632 p1:1633
p1:i817 H p1:1634 p1:1635
p1:i818 H p1:1636 p1:1637
p1:i819 H p1:1638 p1:1639
p1:i820 H p1:1640 p1:1641
p1:i821 H p1:1642 p1:1643
p1:i822 H p1:1644 p1:1645
p1:i823 H p1:1646 p1:1647
p1:i824 H p1:1648 p1:1649
p1:i825 H p1:1650 p1:1651
p1:i826 H p1:1652 p1:1653
p1:i827 H p1:1654 p1:1655
p1:i828 H p1:1656 p1:1657
p1:i829 H p1:1658 p1:1659
p1:i830 H p1:1660 p1:1661
p1:i831 H p1:1662 p1:1663
p1:i832 H p1:1664 p1:1665
p1:i833 H p1:1666 p1:1667
p1:i834 H p1:1668 p1:1669
p1:i835 H p1:1670 p1:1671
p1:i836 H p1:1672 p1:1673
p1:i837 H p1:1674 p1:1675
p1:i838 H p1:1676 p1:1677
p1:i839 H p1:1678 p1:1679
p1:i840 H p1:1680 p1:1681
p1:i841 H p1:1682 p1:1683
p1:i842 H p1:1684 p1:1685
p1:i843 H p1:1686 p1:1687
p1:i844 H p1:1688 p1:1689
p1:i845 H p1:1690 p1:1691
p1:i846 H p1:1692 p1:1693
p1:i847 H p1:1694 p1:1695
p1:i848 H p1:1696 p1:1697
p1:i849 H p1:1698 p1:1699
p1:i850 H p1:1700 p1:1701
p1:i851 H p1:1702 p1:1703
p1:i852 H p1:1704 p1:1705
p1:i853 H p1:1706 p1:1707
p1:i854 H p1:1708 p1:1709
p1:i855 H p1:1710 p1:1711
p1:i856 H p1:1712 p1:1713
p1:i857 H p1:1714 p1:1715
p1:i858 H p1:1716 p1:1717
p1:i859 H p1:1718 p1:1719
p1:i860 H p1:1720 p1:1721
p1:i861 H p1:1722 p1:1723
p1:i862 H p1:1724 p1:1725
p1:i863 H p1:1726 p1:1727
p1:i864 H p1:1728 p1:1729
p1:i865 H p1:1730 p1:1731
p1:i866 H p1:1732 p1:1733
p1:i867 H p1:1734 p1:1735
p1:i868 H p1:1736 p1:1737
p1:i869 H p1:1738 p1:1739
p1:i870 H p1:1740 p1:1741
p1:i871 H p1:1742 p1:1743
p1:i872 H p1:1744 p1:1745
p1:i873 H p1:1746 p1:1747
p1:i874 H p1:1748 p1:1749
p1:i875 H p1:1750 p1:1751
p1:i876 H p1:1752 p1:1753
p1:i877 H p1:1754 p1:1755
p1:i878 H p1:1756 p1:1757
p1:i879 H p1:1758 p1:1759
p1:i880 H p1:1760 p1:1761
p1:i881 H p1:1762 p1:1763
p1:i882 H p1:1764 p1:1765
p1:i883 H p1:1766 p1:1767
p1:i884 H p1:1768 p1:1769
p1:i885 H p1:1770 p1:1771
p1:i886 H p1:1772 p1:1773
p1:i887 H p1:1774 p1:1775
p1:i888 H p1:1776 p1:1777
p1:i889 H p1:1778 p1:1779
p1:i890 H p1:1780 p1:1781
p1:i891 H p1:1782 p1:1783
p1:i892 H p1:1784 p1:1785
p1:i893 H p1:1786 p1:1787
p1:i894 H p1:1788 p1:1789
p1:i895 H p1:1790 p1:1791
p1:i896 H p1:1792 p1:1793
p1:i897 H p1:1794 p1:1795
p1:i898 H p1:1796 p1:1797
p1:i899 H p1:1798 p1:1799
p1:i900 H p1:1800 p1:1801
p1:i901 H p1:1802 p1:1803
p1:i902 H p1:1804 p1:1805
p1:i903 H p1:1806 p1:1807
p1:i904 H p1:1808 p1:1809
p1:i905 H p1:1810 p1:1811
p1:i906 H p1:1812 p1:1813
p1:i907 H p1:1814 p1:1815
p1:i908 H p1:1816 p1:1817
p1:i909 H p1:1818 p1:1819
p1:i910 H p1:1820 p1:1821
p1:i911 H p1:1822 p1:1823
p1:i912 H p1:1824 p1:1825
p1:i913 H p1:1826 p1:1827
p1:i914 H p1:1828 p1:1829
p1:i915 H p1:1830 p1:1831
p1:i916 H p1:1832 p1:1833
p1:i917 H p1:1834 p1:1835
p1:i918 H p1:1836 p1:1837
p1:i919 H p1:1838 p1:1839
p1:i920 H p1:1840 p1:1841
p1:i921 H p1:1842 p1:1843
p1:i922 H p1:1844 p1:1845
p1:i923 H p1:1846 p1:1847
p1:i924 H p1:1848 p1:1849
p1:i925 H p1:1850 p1:1851
p1:i926 H p1:1852 p1:1853
p1:i927 H p1:1854 p1:1855
p1:i928 H p1:1856 p1:1857
p1:i929 H p1:1858 p1:1859
p1:i930 H p1:1860 p1:1861
p1:i931 H p1:1862 p1:1863
p1:i932 H p1:1864 p1:1865
p1:i933 H p1:1866 p1:1867
p1:i934 H p1:1868 p1:1869
p1:i935 H p1:1870 p1:1871
p1:i936 H p1:1872 p1:1873
p1:i937 H p1:1874 p1:1875
p1:i938 H p1:1876 p1:1877
p1:i939 H p1:1878 p1:1879
p1:i940 H p1:1880 p1:1881
p1:i941 H p1:1882 p1:1883
p1:i942 H p1:1884 p1:1885
p1:i943 H p1:1886 p1:1887
p1:i944 H p1:1888 p1:1889
p1:i945 H p1:1890 p1:1891
p1:i946 H p1:1892 p1:1893
p1:i947 H p1:1894 p1:1895
p1:i948 H p1:1896 p1:1897
p1:i949 H p1:1898 p1:1899
p1:i950 H p1:1900 p1:1901
p1:i951 H p1:1902 p1:1903
p1:i952 H p1:1904 p1:1905
p1:i953 H p1:1906 p1:1907
p1:i954 H p1:1908 p1:1909
p1:i955 H p1:1910 p1:1911
p1:i956 H p1:1912 p1:1913
p1:i957 H p1:1914 p1:1915
p1:i958 H p1:1916 p1:1917
p1:i959 H p1:1918 p1:1919
p1:i960 H p1:1920 p1:1921
p1:i961 H p1:1922 p1:1923
p1:i962 H p1:1924 p1:1925
p1:i963 H p1:1926 p1:1927
p1:i964 H p1:1928 p1:1929
p1:i965 H p1:1930 p1:1931
p1:i966 H p1:1932 p1:1933
p1:i967 H p1:1934 p1:1935
p1:i968 H p1:1936 p1:1937
p1:i969 H p1:1938 p1:1939
p1:i970 H p1:1940 p1:1941
p1:i971 H p1:1942 p1:1943
p1:i972 H p1:1944 p1:1945
p1:i973 H p1:1946 p1:1947
p1:i974 H p1:1948 p1:1949
p1:i975 H p1:1950 p1:1951
p1:i976 H p1:1952 p1:1953
p1:i977 H p1:1954 p1:1955
p1:i978 H p1:1956 p1:1957
p1:i979 H p1:1958 p1:1959
p1:i980 H p1:1960 p1:1961
p1:i981 H p1:1962 p1:1963
p1:i982 H p1:1964 p1:1965
p1:i983 H p1:1966 p1:1967
p1:i984 H p1:1968 p1:1969
p1:i985 H p1:1970 p1:1971
p1:i986 H p1:1972 p1:1973
p1:i987 H p1:1974 p1:1975
p1:i988 H p1:1976 p1:1977
p1:i989 H p1:1978 p1:1979
p1:i990 H p1:1980 p1:1981
p1:i991 H p1:1982 p1:1983
p1:i992 H p1:1984 p1:1985
p1:i993 H p1:1986 p1:1987
p1:i994 H p1:1988 p1:1989
p1:i995 H p1:1990 p1:1991
p1:i996 H p1:1992 p1:1993
p1:i997 H p1:1994 p1:1995
p1:i998 H p1:1996 p1:1997
p1:i999 H p1:1998 p1:1999
Genomes:
p1:0 A 0 1 2
p1:1 A 3
p1:2 A 4 3 0
p1:3 A 0 5
p1:4 A 3 0 6
p1:5 A 0
p1:6 A 0 7 8
p1:7 A 3 0 9
p1:8 A 10 3 0 11 12 13
p1:9 A 14 0
p1:10 A 15 16 3 0 17
p1:11 A 0 18 19
p1:12 A 3 0 20 21
p1:13 A 0 22 23
p1:14 A 24 3 0
p1:15 A 0 7 25 26
p1:16 A 3 0
p1:17 A 3 0
p1:18 A 3 27 28 29 30
p1:19 A 31 32 3 0 33
p1:20 A 24 3 0 34
p1:21 A 0 35
p1:22 A 36 3 0
p1:23 A 37 0 7 38
p1:24 A 3 0 39
p1:25 A 3 0 40
p1:26 A 41 0
p1:27 A 3 0
p1:28 A 42 41 0 43 44 19
p1:29 A 3 0
p1:30 A 0 45
p1:31 A 0 46
p1:32 A 47 0 48
p1:33 A 0 49
p1:34 A 50 3 51 52
p1:35 A 3 53 54 2
p1:36 A 0 55
p1:37 A 3 0 56
p1:38 A 3 0 57 58
p1:39 A 3 0
p1:40 A 0 19 59 60
p1:41 A 61 3 0 62
p1:42 A
p1:43 A 0 63
p1:44 A 64
p1:45 A
p1:46 A 0 65 66
p1:47 A 47 3 0 67
p1:48 A 3 0 22 68 69
p1:49 A 0 70 71 72
p1:50 A 0
p1:51 A 0 26
p1:52 A 3 0
p1:53 A 73 3 0 18 26 74
p1:54 A 3 0 75
p1:55 A 3 0
p1:56 A 3 0 76 77
p1:57 A 0 78
p1:58 A 3 0 79 18 26
p1:59 A 0
p1:60 A 37 3 0
p1:61 A 41 0 19 59
p1:62 A 0 80 81
p1:63 A 0 82 83
p1:64 A 0 84 85
p1:65 A 3 0 86 87
p1:66 A 88 0
p1:67 A 89 0 90 91
p1:68 A 3 0 92
p1:69 A 93 0 22 94
p1:70 A 3 0 95
p1:71 A 0
p1:72 A 47 0 96
p1:73 A 3 0
p1:74 A 3 97
p1:75 A 3 0
p1:76 A 3 0
p1:77 A 0 86
p1:78 A 3 0
p1:79 A 3 0 98 26
p1:80 A 0
p1:81 A 3 0 99 29
p1:82 A 100 3 0
p1:83 A 101 102 3 0 103
p1:84 A 104 3 0 105
p1:85 A 106 3 0
p1:86 A 3 27
p1:87 A 3 0 34
p1:88 A 3 0 107 108
p1:89 A 3 0 109
p1:90 A 3 0 110
p1:91 A 0
p1:92 A 3 0
p1:93 A 0 85
p1:94 A 3 0
p1:95 A 111 3 0 23
p1:96 A 112 3 0 53 113
p1:97 A 114 115 0 116
p1:98 A 117 3 0
p1:99 A 3 0 2
p1:100 A 3 0
p1:101 A 3 118
p1:102 A 3 0
p1:103 A 3 0
p1:104 A 119 120 121 3 0 122
p1:105 A 0
p1:106 A 47 0
p1:107 A 3 0 123 124
p1:108 A 3 0 125
p1:109 A 126 3
p1:110 A 127 0 128
p1:111 A 3 0
p1:112 A 3 129
p1:113 A 104 0 26
p1:114 A 120 3 0 7 130
p1:115 A 3 0
p1:116 A 3 0 131
p1:117 A 0 7 118
p1:118 A 3 0 132
p1:119 A 0 72
p1:120 A 3 0 34 133
p1:121 A 3 0 108
p1:122 A 3 0
p1:123 A 134 3 0
p1:124 A 0 135 72
p1:125 A 3 0 136
p1:126 A 3 0 137 138
p1:127 A 3 0
p1:128 A 117 0
p1:129 A 3 0
p1:130 A 3 0 135
p1:131 A 47 0
p1:132 A 3 27 139
p1:133 A 0 140 141 72
p1:134 A 3 0 142 143
p1:135 A 0 91
p1:136 A 3 0 26
p1:137 A 3 0
p1:138 A 0
p1:139 A 115 3 0 144
p1:140 A 145 0 146 26
p1:141 A 0 147 148
p1:142 A 0
p1:143 A 3 0
p1:144 A 0 149 23 150
p1:145 A 3 27 0 103 151 152
p1:146 A 126
p1:147 A 0 153
p1:148 A 3 0 154
p1:149 A 0 155 156
p1:150 A 3
p1:151 A 157 0
p1:152 A 158 0 159 64
p1:153 A 0
p1:154 A 3
p1:155 A 160 0
p1:156 A 119 3 0 26 161 162
p1:157 A 3 0 163
p1:158 A 164 0
p1:159 A 3 0
p1:160 A 3 0
p1:161 A 3 0 7
p1:162 A 27 0 139
p1:163 A 0
p1:164 A 0
p1:165 A 165 3 0
p1:166 A 166 27 167
p1:167 A 3 0 69
p1:168 A 168 169 0
p1:169 A 0 159 64 170
p1:170 A 3 0
p1:171 A 3 0 26 161
p1:172 A 171 3 0 172
p1:173 A 0 173 174
p1:174 A 3 0 175 57 58
p1:175 A 176 3 0 177
p1:176 A 3 0 178 179
p1:177 A 3 0
p1:178 A 0 180 181 182
p1:179 A 183 0 23 184
p1:180 A 168 0
p1:181 A 3 0 185
p1:182 A 0
p1:183 A 3 0 86 87
p1:184 A 0 21 108
p1:185 A 3 0 186
p1:186 A 88 3 0 72
p1:187 A 3 0
p1:188 A 117 3 0 187 108
p1:189 A 3 0
p1:190 A 0 175
p1:191 A 0 72
p1:192 A 0 188
p1:193 A 3 0 189
p1:194 A 3 0
p1:195 A 0
p1:196 A 3 190 191
p1:197 A 104 3 0
p1:198 A 3 0
p1:199 A 31 3 0
p1:200 A 0
p1:201 A 0 159
p1:202 A 0
p1:203 A 3 0 192
p1:204 A 101 3 151
p1:205 A 193 3 0 173
p1:206 A 3 0 173 194
p1:207 A 104 3 0
p1:208 A 3 195 196 118
p1:209 A 0
p1:210 A 3 0
p1:211 A 0
p1:212 A 0
p1:213 A 27
p1:214 A 37 3 0
p1:215 A 3 0
p1:216 A 3 0 197
p1:217 A 160 0
p1:218 A 198 3 0 189
p1:219 A 3 0 199
p1:220 A 200 0
p1:221 A 201 3 0 178
p1:222 A 202 3 0 203
p1:223 A 0 22
p1:224 A 0 138
p1:225 A 3 0
p1:226 A 204 0 205
p1:227 A 206 3 0 207
p1:228 A 3 0
p1:229 A 3 0 159 64
p1:230 A 3 160 0
p1:231 A 0 208 173
p1:232 A 209 0 210
p1:233 A 0
p1:234 A 168 117 3 0
p1:235 A 0
p1:236 A 0 211
p1:237 A 0
p1:238 A 212 0 91
p1:239 A 3 0 213 214
p1:240 A 15 215 0 108
p1:241 A 216 3 0 191
p1:242 A 3 217 0
p1:243 A 3 0 218 191
p1:244 A 0 59
p1:245 A 101 0 103 151
p1:246 A 3 0 219
p1:247 A 220 221 0 222
p1:248 A 223 0
p1:249 A 104 0
p1:250 A 224 0 225 45
p1:251 A 0
p1:252 A 41 3 0
p1:253 A 226 3 0 227 184
p1:254 A 228 229 0 230
p1:255 A 3 27 72
p1:256 A 100 3 0
p1:257 A 104 0 7
p1:258 A 231 0 59
p1:259 A 0 80 78
p1:260 A 117 0
p1:261 A 0 22
p1:262 A 41 0 125 232 233 234
p1:263 A 0 235
p1:264 A 36 104 236 3 0 237
p1:265 A 3 0
p1:266 A 117 169 3 0 238
p1:267 A 229 3 0 239
p1:268 A 3
p1:269 A 3 0 131 240
p1:270 A 241 3 0 71 72
p1:271 A 0 64
p1:272 A 3 0 189
p1:273 A 242 3 0 243
p1:274 A 104 0 7 244
p1:275 A 3 0 21
p1:276 A 3 0 124
p1:277 A 0
p1:278 A 0 245
p1:279 A 0
p1:280 A 0
p1:281 A 3 0
p1:282 A 0 246
p1:283 A 3 0
p1:284 A 3 0 218
p1:285 A 0 247
p1:286 A 3 160 27 248
p1:287 A 0
p1:288 A 0
p1:289 A 249 3
p1:290 A 3 0 218 191
p1:291 A 3 0 250
p1:292 A 0
p1:293 A 3 0 251
p1:294 A 223 3 0 26
p1:295 A 115 0 219
p1:296 A 0 252 253
p1:297 A 254 0
p1:298 A 255 0 256
p1:299 A 117 0 91 257
p1:300 A 258 3 0 51
p1:301 A 3
p1:302 A 0
p1:303 A 0 189 138
p1:304 A 259 3 0 260
p1:305 A 261 0 2
p1:306 A 0 21
p1:307 A 0
p1:308 A 3 178
p1:309 A 0 26 262
p1:310 A 0 263
p1:311 A 264 3 0
p1:312 A 3 0 72
p1:313 A 265 3 0 72
p1:314 A 0 266
p1:315 A 0
p1:316 A 0 267 69
p1:317 A 268 0 7 118
p1:318 A 0 269 186
p1:319 A 36 3 0
p1:320 A 31 270 3 0 22
p1:321 A 3 0 23
p1:322 A 0 271 272
p1:323 A 3 0
p1:324 A 0
p1:325 A 24 3 0 34
p1:326 A 0 2
p1:327 A 3 0 80 273
p1:328 A 0
p1:329 A 3 0
p1:330 A 209 0
p1:331 A 0 274 275 74
p1:332 A 0 276 277 1
p1:333 A 0
p1:334 A 0 278
p1:335 A 0
p1:336 A 279 0 72
p1:337 A 88 3 0 72
p1:338 A 3 0
p1:339 A 3 0 58
p1:340 A 0
p1:341 A 0 280 72
p1:342 A 3 0 103 151
p1:343 A 3 0
p1:344 A 88 3 0 72
p1:345 A 281 3 0 282 283 284 285
p1:346 A 286 287 27 0 288 289
p1:347 A 3 0 219
p1:348 A 3 0
p1:349 A 160 0 243
p1:350 A 135 290 291
p1:351 A 292 3 0 7 293 118
p1:352 A 3
p1:353 A 294 166 27 0
p1:354 A 104 0 7
p1:355 A 3 0 91
p1:356 A 3 0 132 295
p1:357 A 3 296 191
p1:358 A 0 297 69
p1:359 A 0 108
p1:360 A 3 0
p1:361 A 0 298
p1:362 A 0
p1:363 A 0
p1:364 A 3 0
p1:365 A 0 299
p1:366 A 3 0 300
p1:367 A 301 3 0 28 29
p1:368 A 0
p1:369 A 302 3 0 303 304
p1:370 A 3 0 305
p1:371 A 0 306
p1:372 A 0
p1:373 A 126 3
p1:374 A 0 307
p1:375 A
p1:376 A 157 0
p1:377 A 166 3 0 308
p1:378 A 3 0 309 26
p1:379 A 0 310
p1:380 A 311 3 0
p1:381 A 3 0 312
p1:382 A
p1:383 A 0
p1:384 A 0 59
p1:385 A 3 0 313
p1:386 A 3 0 314
p1:387 A 0 315 316
p1:388 A 3 0 295
p1:389 A 104 0 317 7
p1:390 A 3 0 108
p1:391 A 3 0
p1:392 A 3 0 318 2
p1:393 A 3 0
p1:394 A 27 0
p1:395 A 0
p1:396 A 0 77 148
p1:397 A 183 3 0
p1:398 A 24 0 7
p1:399 A 168 0
p1:400 A 3 0 91
p1:401 A 0 319
p1:402 A 3
p1:403 A 3 0 303
p1:404 A 104 3 0
p1:405 A 3 0
p1:406 A 320 3 0
p1:407 A 0 321 191
p1:408 A 3 27 0
p1:409 A 111 0 23
p1:410 A 270 0 94
p1:411 A 3 0 322 86
p1:412 A 3 323 118
p1:413 A 3 0
p1:414 A 0
p1:415 A 104 3 0
p1:416 A 3 27 64 324
p1:417 A 157 3 0
p1:418 A 3 0 26
p1:419 A 3 325
p1:420 A 0
p1:421 A 0 247 326 72
p1:422 A 3 0 272
p1:423 A 327 0 175 58
p1:424 A 0 328
p1:425 A 3 0 256 329
p1:426 A 330 3 0 129
p1:427 A 331 3 0 91
p1:428 A 0 34
p1:429 A 0 98 26
p1:430 A 27
p1:431 A 3 0 332 72
p1:432 A 223 0
p1:433 A 3 0
p1:434 A 0 333 334
p1:435 A 3
p1:436 A 3 335
p1:437 A 3 0 336
p1:438 A 302 3 0
p1:439 A 3 0 337
p1:440 A 3 0
p1:441 A 0
p1:442 A 109
p1:443 A 0
p1:444 A 0 338 149 150
p1:445 A 0
p1:446 A 0 339
p1:447 A 3 0 340 26
p1:448 A 0
p1:449 A 165 302 3 341 342 343
p1:450 A 0
p1:451 A 0 86 87
p1:452 A 0
p1:453 A 0 344
p1:454 A 302 3 0 345
p1:455 A 47 0 96
p1:456 A 3 0 7
p1:457 A 3 0
p1:458 A 0 184
p1:459 A 223 3 0
p1:460 A 346 3 0 58 347
p1:461 A 3 0 274 19
p1:462 A 47 3 0 348 349 350
p1:463 A 0
p1:464 A 3 0
p1:465 A 0
p1:466 A 0
p1:467 A 0 139
p1:468 A 3 0 7 124
p1:469 A 3 0
p1:470 A 41 0 351 352
p1:471 A 115 0
p1:472 A 3 0 353
p1:473 A 37 3 0 354
p1:474 A 0
p1:475 A 0
p1:476 A 3 0
p1:477 A 3 0
p1:478 A 0 355 356
p1:479 A 0
p1:480 A 3 160 0 357
p1:481 A 100 0 80
p1:482 A 0
p1:483 A 0 72
p1:484 A 358 0 77
p1:485 A 0 108
p1:486 A 3 0
p1:487 A 3 0 185
p1:488 A 359 223 3 0 26
p1:489 A 157 0
p1:490 A 3 0 72
p1:491 A 37 0 7
p1:492 A 0
p1:493 A 115 3 0 219
p1:494 A 3
p1:495 A 0
p1:496 A 0
p1:497 A 360 242 3 160 0
p1:498 A 3 0 340 26
p1:499 A 0
p1:500 A 3 0 361
p1:501 A 104 0 7
p1:502 A 362 24 0 363
p1:503 A 3 0 357
p1:504 A 31 0
p1:505 A 126 3
p1:506 A 3 0
p1:507 A 3 0 172
p1:508 A 3 0 364 131
p1:509 A 365 0 19 59
p1:510 A 0
p1:511 A 3 27 0 103 366
p1:512 A 3 0 69
p1:513 A 157 0
p1:514 A 358 3 0 77
p1:515 A 0 69
p1:516 A 24 0 133
p1:517 A 3 367 91
p1:518 A 368 27 139
p1:519 A 3 367 92
p1:520 A 3 0 369
p1:521 A 157 0 370
p1:522 A 258 371 3 0 372
p1:523 A 0 373
p1:524 A 228 3 0
p1:525 A 0 72 191
p1:526 A 374 0 375 69
p1:527 A 376 3 0
p1:528 A 3 0 377 1
p1:529 A 378 117 3 160 0 379
p1:530 A 115 0 219
p1:531 A 3 0
p1:532 A 117 0
p1:533 A 47 0 380
p1:534 A 3 0
p1:535 A 3 0 189 138
p1:536 A 0 85
p1:537 A 3 0
p1:538 A 3 0 381 310
p1:539 A 209 0
p1:540 A 3 0
p1:541 A 382 3
p1:542 A 0 383 384
p1:543 A 0
p1:544 A 0
p1:545 A 3 0
p1:546 A 3 0
p1:547 A 3 0 77
p1:548 A 385 3 386
p1:549 A 3 0
p1:550 A 3 0 387
p1:551 A 3 0
p1:552 A 3 0 388
p1:553 A 47 0
p1:554 A 0
p1:555 A 0 238 389
p1:556 A 3 0
p1:557 A 0 390
p1:558 A 37 0 391
p1:559 A 392 0 393 108
p1:560 A 287 31 3 27
p1:561 A 302 3
p1:562 A 0
p1:563 A 3 0 394
p1:564 A 0 247 395
p1:565 A 3 0 7 303
p1:566 A 0
p1:567 A 228 3 0 396
p1:568 A 3 0
p1:569 A 3 0 397
p1:570 A 119 0 398
p1:571 A 104 0
p1:572 A 0 185 399
p1:573 A 3 0 26
p1:574 A
p1:575 A 111 0 23
p1:576 A 0 139
p1:577 A 3 0
p1:578 A 3 0 7 23
p1:579 A 0
p1:580 A 93 0 22 94
p1:581 A 0
p1:582 A 0
p1:583 A 392 0 393 108
p1:584 A 0 19
p1:585 A 0
p1:586 A 3 0 159 64
p1:587 A 0 400
p1:588 A 0 401
p1:589 A 0 402 403
p1:590 A 404 405 118
p1:591 A 406 115 3 0
p1:592 A 3 0 124
p1:593 A 0 274 74
p1:594 A 134 3 0
p1:595 A 3 0
p1:596 A 0 72
p1:597 A 407 88 3 0
p1:598 A 0
p1:599 A 3 0 408
p1:600 A 0 148
p1:601 A 3 409 2
p1:602 A 286 287 31 3 295
p1:603 A 3 160 0 410 411 357 412
p1:604 A 413 0 414
p1:605 A 415 0
p1:606 A 166 3
p1:607 A 3 0
p1:608 A 3 416 0 380
p1:609 A 3 0 29 417
p1:610 A 0 418 189 419
p1:611 A 265 0 420 72
p1:612 A 3 0 175 57
p1:613 A 47 3 0 91
p1:614 A 0 379 421
p1:615 A 3 129
p1:616 A 3 0
p1:617 A 115 0
p1:618 A 422 0
p1:619 A 3 0
p1:620 A 3 0
p1:621 A 3 0
p1:622 A 41 0
p1:623 A 27 139
p1:624 A 3 0
p1:625 A 0
p1:626 A 0 21
p1:627 A 423 3 27
p1:628 A 157 3 0
p1:629 A 3 0 424
p1:630 A 0
p1:631 A 93 0 22 425
p1:632 A 0
p1:633 A 0
p1:634 A 3 0
p1:635 A 426 104 3 0 7 427
p1:636 A 0 428 132 295
p1:637 A 0
p1:638 A 3
p1:639 A 0 429 72
p1:640 A 3 0
p1:641 A 430 265 3 0
p1:642 A 27
p1:643 A 3 129
p1:644 A 104 0 431 2
p1:645 A 3 432
p1:646 A 135 97
p1:647 A 0 433 9
p1:648 A 434 3 0
p1:649 A 0
p1:650 A 0
p1:651 A 0
p1:652 A 0
p1:653 A 0
p1:654 A 0
p1:655 A 3 178
p1:656 A 3 0 19 435 436
p1:657 A 3 0 437
p1:658 A 0 438 58
p1:659 A 115 3 0 247
p1:660 A 0
p1:661 A 242 3 160 0
p1:662 A 3 0
p1:663 A 117 3 0 238
p1:664 A 3 0 439
p1:665 A 0
p1:666 A 440 3 0 441
p1:667 A 0
p1:668 A 442
p1:669 A 3 0 443
p1:670 A 0
p1:671 A 3 0
p1:672 A 3 0 444 63
p1:673 A 3 0 445
p1:674 A 3 0
p1:675 A 0
p1:676 A 3 27 0
p1:677 A 3 446
p1:678 A 3 53 447
p1:679 A 3
p1:680 A 3 0 448 72
p1:681 A 158 3 0 449 159
p1:682 A 450 0
p1:683 A 3 27 451 103 151 452
p1:684 A 3 0 247
p1:685 A 119 3 0
p1:686 A 3 196 118
p1:687 A 3 0 72
p1:688 A 0
p1:689 A 3 129
p1:690 A 3 0 453 272
p1:691 A 430 0 72
p1:692 A 454 27 0
p1:693 A 455 0
p1:694 A 114 115 3 0 456 116
p1:695 A 3 0 457
p1:696 A 0 458 310
p1:697 A 0
p1:698 A 459 0
p1:699 A 41 0
p1:700 A 0 460
p1:701 A 3 0 461
p1:702 A 0 462 463
p1:703 A 0
p1:704 A 3 0 247
p1:705 A 3 0 464 190
p1:706 A 117 0
p1:707 A 3 0 465 466
p1:708 A 3 0 7 38 8
p1:709 A 119 120 3 0 7 130
p1:710 A 450 88 0
p1:711 A 117 3 0 116 467
p1:712 A 119 121 3 0
p1:713 A 468 3 0
p1:714 A 3 27 0 135
p1:715 A 3 0
p1:716 A 469 3
p1:717 A 31 0
p1:718 A 470 0 471
p1:719 A 3 0 472
p1:720 A 3 0 473 419 474
p1:721 A 47 3 0
p1:722 A 3 0
p1:723 A 0
p1:724 A 242 3 160 0 243
p1:725 A 3 0
p1:726 A 0
p1:727 A 0
p1:728 A 3 0 464 190
p1:729 A 475 3 0
p1:730 A 0
p1:731 A 0 476
p1:732 A 0 7
p1:733 A 3 0 2
p1:734 A 3 367 477
p1:735 A 3 0 188 443
p1:736 A 0 86 87
p1:737 A 0
p1:738 A 104 3 0 478
p1:739 A 479 3 0 480 74
p1:740 A 226 0 23
p1:741 A 3 0
p1:742 A 3 64
p1:743 A 157 0
p1:744 A 302 0 7
p1:745 A 3 0 444 219
p1:746 A 3 0
p1:747 A 0 132 295
p1:748 A 3 0
p1:749 A 3 0 357
p1:750 A 3 367 477
p1:751 A 481 3 0
p1:752 A 0 482
p1:753 A 3 0 386
p1:754 A 3 0 7
p1:755 A 3 0 7 424
p1:756 A 41 0 19 59 483
p1:757 A 226 484 3 0
p1:758 A 0 77 148
p1:759 A 3 0
p1:760 A 3 0 77
p1:761 A 3 0 485
p1:762 A 3 0 272
p1:763 A 0 77
p1:764 A 486 158 0
p1:765 A 0 361
p1:766 A 114 0 116
p1:767 A 3 191
p1:768 A 3 27 0 487 103
p1:769 A 3 488 0 23
p1:770 A 0 489
p1:771 A 3 0 98
p1:772 A 3 0
p1:773 A 490 440 0 491
p1:774 A 450 88 3 0
p1:775 A 0 91
p1:776 A 0 26
p1:777 A 0 312
p1:778 A 385 3
p1:779 A 104 492 3 0 18 26
p1:780 A 3 0 18 493
p1:781 A 3 0 494
p1:782 A 0
p1:783 A 495 3 0 496
p1:784 A 47 497 0
p1:785 A 498 0
p1:786 A 0
p1:787 A 3 0
p1:788 A 3 0 149
p1:789 A 0 243
p1:790 A 3 27
p1:791 A 115 0 219
p1:792 A 0 499
p1:793 A 3 0 91
p1:794 A 3 0 394 393
p1:795 A 3 0 186
p1:796 A 15 3 0
p1:797 A 0 318
p1:798 A 0 260
p1:799 A 3 0 184 500
p1:800 A 358 0 501 77
p1:801 A 0 7
p1:802 A 0 502 87
p1:803 A 3 0
p1:804 A 0
p1:805 A 3 503 109 504
p1:806 A 0 96
p1:807 A 3 0
p1:808 A 0
p1:809 A 0 505
p1:810 A 0 90 91
p1:811 A 506 3 0 91
p1:812 A 3 0 91
p1:813 A 507 3 0
p1:814 A 0 247
p1:815 A 255 0 256
p1:816 A 47 3 0 508
p1:817 A 160 0 379
p1:818 A 509 47 3 0 510
p1:819 A 0 511
p1:820 A 512 0 26 72
p1:821 A 41 0 19 59
p1:822 A 3 0 22 94
p1:823 A 0 91
p1:824 A 0 513
p1:825 A 0 394
p1:826 A 0
p1:827 A 3 0
p1:828 A 514 0 181 515
p1:829 A 0
p1:830 A 0 247
p1:831 A 0 91
p1:832 A 0 21 516
p1:833 A 517 3 0
p1:834 A 36 0
p1:835 A 3 0
p1:836 A 3 0 2
p1:837 A 47 3 0
p1:838 A 3 0 178 518
p1:839 A 226 183 0 184
p1:840 A 0 175 57 58
p1:841 A 3 519
p1:842 A
p1:843 A 0 18 26
p1:844 A 520 3 0
p1:845 A 111 183 0
p1:846 A 3 0 318
p1:847 A 0
p1:848 A 294 166 0
p1:849 A 0 108
p1:850 A 0 7 521 522
p1:851 A 0
p1:852 A 0 420 72 523
p1:853 A 0
p1:854 A 3 0 219 45
p1:855 A 165 302 3 0
p1:856 A 524 525 3 0
p1:857 A 3 0 7
p1:858 A 3 0
p1:859 A 3 0 109 191
p1:860 A 430 526 3 0
p1:861 A 3 0 485
p1:862 A 24 3 0
p1:863 A 0 23
p1:864 A 0
p1:865 A 270 0 22 94
p1:866 A 0
p1:867 A 3 0
p1:868 A 3 191
p1:869 A 527 104 0 528
p1:870 A 0 247
p1:871 A 226 183 0 23 184
p1:872 A 0 428
p1:873 A 0
p1:874 A 3 0 18
p1:875 A 3 0 529 91
p1:876 A 3 0
p1:877 A 36 104 236 3 0 530 237
p1:878 A 3 0
p1:879 A 0 531
p1:880 A 532 3
p1:881 A 226 183 0 533 184
p1:882 A 126 3 534
p1:883 A 0
p1:884 A 0 23 535
p1:885 A 3 0 536
p1:886 A 31 0
p1:887 A 537 0 538
p1:888 A 0 539
p1:889 A 41 0
p1:890 A 0 87
p1:891 A 3 0 109 191
p1:892 A 3 0
p1:893 A 0
p1:894 A 0
p1:895 A 3 0 219 45
p1:896 A 0 540
p1:897 A 3 0 51
p1:898 A 3 0 2
p1:899 A 3 0
p1:900 A 3 0
p1:901 A 0 34 133
p1:902 A 3 160 0 357
p1:903 A 0
p1:904 A 3 0 541
p1:905 A 115 0
p1:906 A 3 0 28
p1:907 A 0 542
p1:908 A 31 3 0
p1:909 A 0 91
p1:910 A 15 0 108
p1:911 A 0 23 184
p1:912 A 3 0 543 19
p1:913 A 27 544
p1:914 A 226 183 0 23 184
p1:915 A 0
p1:916 A 3 0 367 218
p1:917 A 0
p1:918 A 3 386
p1:919 A 0 7
p1:920 A 3 0 23
p1:921 A 3 0 118
p1:922 A 0
p1:923 A 117 0
p1:924 A 0
p1:925 A 3 0 28 29
p1:926 A 514 3 0
p1:927 A 545 0
p1:928 A 3 0 307
p1:929 A 31 3 27 295
p1:930 A 3 0 318
p1:931 A 93 3 0 22 546
p1:932 A 547 0 7 23 535
p1:933 A 548 3 0 237
p1:934 A 37 0 318 39 2
p1:935 A 3 0 549 175 550
p1:936 A 0
p1:937 A 3 0 23
p1:938 A 0 260 551
p1:939 A 0 2
p1:940 A 0 181 219
p1:941 A 0 237
p1:942 A 0 552 553
p1:943 A 3 90
p1:944 A 0 464
p1:945 A 406 3 0
p1:946 A 302 3 0
p1:947 A 3 0 69
p1:948 A 3 0
p1:949 A 168 117 3 0
p1:950 A 3 0 554 195 196 118
p1:951 A 3 0 225
p1:952 A 3 0 555
p1:953 A 3 0 247 128
p1:954 A 556 557 3 0 86 74
p1:955 A 165 302 3 0
p1:956 A 126 0
p1:957 A 0
p1:958 A 183 0
p1:959 A 0
p1:960 A 0
p1:961 A 3 0 303
p1:962 A 226 183 3 0 558 184
p1:963 A 0 108
p1:964 A 3 0 559
p1:965 A 36 37 104 236 3 0 237
p1:966 A 0 34 133
p1:967 A 0 560 295
p1:968 A 41 3 0
p1:969 A 392 3 0 108
p1:970 A 3 0
p1:971 A 3 0 561
p1:972 A 3 0 191
p1:973 A 302 3 0
p1:974 A 0 69
p1:975 A 562 3 0 563
p1:976 A 3 0
p1:977 A 24 3 0
p1:978 A 0
p1:979 A 36 0
p1:980 A 0
p1:981 A 3 0
p1:982 A 3 160 0 357
p1:983 A 0 69
p1:984 A 27 564
p1:985 A 3 0
p1:986 A 3 0 2
p1:987 A 3 0
p1:988 A 0 159 64 565
p1:989 A 0
p1:990 A 3 0 386
p1:991 A 3 0
p1:992 A 440 3 0
p1:993 A 3 0
p1:994 A 3 0 566 191
p1:995 A 0 68 567 568
p1:996 A 3 178
p1:997 A 0
p1:998 A 3 0 7
p1:999 A 0 98 197
p1:1000 A 495 0 569
p1:1001 A 3 0 570
p1:1002 A 0 26 571
p1:1003 A 27
p1:1004 A 572 3 0
p1:1005 A 255 3 0
p1:1006 A 430 0
p1:1007 A 3 0 181 219
p1:1008 A 0
p1:1009 A 0 26 573
p1:1010 A 574 3 0 513 575
p1:1011 A 41 0 576
p1:1012 A 3 0
p1:1013 A 117 0
p1:1014 A 3 0
p1:1015 A 3 27 0 72
p1:1016 A 3 0 577 1 2
p1:1017 A 0
p1:1018 A 31 32 3 0
p1:1019 A 3
p1:1020 A 3 0 272
p1:1021 A 3 0 578 310
p1:1022 A 24 3 579 0
p1:1023 A 580 3 0
p1:1024 A 0
p1:1025 A 104 0
p1:1026 A 165 302 3 0
p1:1027 A 581 3 0 582 583 225 45
p1:1028 A 27
p1:1029 A 405 3 118
p1:1030 A 3 0 584 85
p1:1031 A 585 0
p1:1032 A 104 0 39 2
p1:1033 A 3 118
p1:1034 A 0 424
p1:1035 A 3 0
p1:1036 A 0
p1:1037 A 3 0 23 535
p1:1038 A 3 0 586 189 138
p1:1039 A 0
p1:1040 A 440 0
p1:1041 A 166 0
p1:1042 A 0
p1:1043 A 47 0
p1:1044 A 36 3 0
p1:1045 A 0 96
p1:1046 A 3 0 587
p1:1047 A 0 588
p1:1048 A 3 0 589 219
p1:1049 A 3 0 72
p1:1050 A 126 0
p1:1051 A 0
p1:1052 A 590 3 0
p1:1053 A 36 548 3 0 237
p1:1054 A 0 591
p1:1055 A 0 94
p1:1056 A 0 592 276
p1:1057 A 27 0 593
p1:1058 A 0 21
p1:1059 A 3 0
p1:1060 A 0 594 595
p1:1061 A 31 32 0
p1:1062 A 3 7
p1:1063 A 3 0 2
p1:1064 A 0 19 59
p1:1065 A 0
p1:1066 A 0
p1:1067 A 0 596
p1:1068 A 0 597
p1:1069 A 0 344
p1:1070 A 104 3 0 7
p1:1071 A 3 0 299
p1:1072 A 3 0 22 94
p1:1073 A 3 27 0 598
p1:1074 A 0
p1:1075 A 103
p1:1076 A 3 0
p1:1077 A 37 3 0 8
p1:1078 A 0
p1:1079 A 599 47 3 0
p1:1080 A 0 600
p1:1081 A 514 0 181
p1:1082 A 3 0 601
p1:1083 A 3 191
p1:1084 A 3 0 7 602
p1:1085 A 603 604 3 0
p1:1086 A 3 0 2
p1:1087 A 605 3 0 318
p1:1088 A 430 0 72
p1:1089 A 0 606 2
p1:1090 A 31 3 0
p1:1091 A 36 37 104 236 0 237
p1:1092 A 0 23
p1:1093 A 249 3 0 607
p1:1094 A 3 0 72
p1:1095 A 430 3 0 72
p1:1096 A 3 608 218 191
p1:1097 A 3 0 609
p1:1098 A 254 0
p1:1099 A 0 610 147
p1:1100 A 31 0 611
p1:1101 A 0 34 133
p1:1102 A 0 173 612
p1:1103 A 101 27 0 151
p1:1104 A 3 0
p1:1105 A 0 26
p1:1106 A 0
p1:1107 A 0
p1:1108 A 3 0
p1:1109 A 0 344
p1:1110 A 47 3 0
p1:1111 A 3 0 613 195
p1:1112 A 614 0 22 615 94
p1:1113 A 47 0
p1:1114 A 3 0 7
p1:1115 A 0
p1:1116 A 616 3 178
p1:1117 A 3 617 64
p1:1118 A 0
p1:1119 A 37 0
p1:1120 A 618 3 0 26
p1:1121 A 3 0
p1:1122 A 619 3 386
p1:1123 A 3 0 620
p1:1124 A 3 0 90
p1:1125 A 3 27 621
p1:1126 A 3 0 622
p1:1127 A 3 0 80 623 624
p1:1128 A 3 0
p1:1129 A 119 3 0 26
p1:1130 A 36 104 236 0 237 439
p1:1131 A 0
p1:1132 A 24 3 0 7
p1:1133 A 0 69
p1:1134 A 625 0 186
p1:1135 A 0
p1:1136 A 385 3 0 626
p1:1137 A 27 97
p1:1138 A 3 0
p1:1139 A 117 0
p1:1140 A 168 117 3 0 627
p1:1141 A 114 3 0 628 116
p1:1142 A 629 3
p1:1143 A 3 0 90 630
p1:1144 A 0
p1:1145 A 629 3 118
p1:1146 A 117 0
p1:1147 A 3 0
p1:1148 A 47 3 0 380
p1:1149 A 3 0 18 26 74
p1:1150 A 3 0 77
p1:1151 A 31 631 3 0
p1:1152 A 3 0
p1:1153 A 37 104 3 0 318 39
p1:1154 A 0 80
p1:1155 A 3 0 243
p1:1156 A 3 0 632
p1:1157 A 3 27
p1:1158 A 548 3 0
p1:1159 A 3 633 118
p1:1160 A 3 0 634
p1:1161 A 0
p1:1162 A 3 0 91
p1:1163 A 0 26
p1:1164 A 157 0
p1:1165 A 635 258 3 0 51
p1:1166 A 0 636
p1:1167 A 0
p1:1168 A 3 0 637
p1:1169 A 160 0
p1:1170 A 0
p1:1171 A 638 0
p1:1172 A 3 0 159
p1:1173 A 385 3 0 386
p1:1174 A 15 0
p1:1175 A 0 379
p1:1176 A 3 0 7
p1:1177 A 0
p1:1178 A 3 386
p1:1179 A 639 3 0 23 150
p1:1180 A 3 27 0
p1:1181 A 3 0 640
p1:1182 A 3 0 86
p1:1183 A 104 0 7
p1:1184 A 0 303 424
p1:1185 A 641 3 0
p1:1186 A 265 3 0 420
p1:1187 A 0 642 643
p1:1188 A 3 0 418 474
p1:1189 A 0 189
p1:1190 A 407 88 3 0
p1:1191 A 360 160 0 644
p1:1192 A 645 3 0 132 295
p1:1193 A 0
p1:1194 A 3 129
p1:1195 A 0 7 340 26
p1:1196 A 117 0 108
p1:1197 A 646 0
p1:1198 A 294 27 0
p1:1199 A 0 108
p1:1200 A 0
p1:1201 A 647 279 0 72
p1:1202 A 3 0
p1:1203 A 41 0 19 59
p1:1204 A 3 0 26
p1:1205 A 0 648
p1:1206 A 3 0
p1:1207 A 3 0 133
p1:1208 A 0
p1:1209 A 0 219
p1:1210 A 649 0 650
p1:1211 A 47 0
p1:1212 A 286 3 0 651
p1:1213 A 652 3 0
p1:1214 A 450 3 0
p1:1215 A 0
p1:1216 A 3 0 57 653
p1:1217 A 0
p1:1218 A 654 3 0
p1:1219 A 3 0 2
p1:1220 A 3 0 655 196 118
p1:1221 A 0 656
p1:1222 A 629 0
p1:1223 A 3 0
p1:1224 A 3 0 657
p1:1225 A 3 0
p1:1226 A 0
p1:1227 A 0
p1:1228 A 3 0
p1:1229 A 0
p1:1230 A 658 0 90
p1:1231 A 3 0
p1:1232 A 255 0 329
p1:1233 A 3 0 310
p1:1234 A 15 0 108
p1:1235 A 3 0 139
p1:1236 A 3 0 219
p1:1237 A 0 648 65
p1:1238 A 0 98
p1:1239 A 0 659 57 58
p1:1240 A 3 0
p1:1241 A 3 0 197
p1:1242 A 660 3
p1:1243 A 3 0
p1:1244 A 0
p1:1245 A 3 0 661 225 45
p1:1246 A 157 0 662 663 664
p1:1247 A 3 0 219
p1:1248 A 665 3 0 18 19
p1:1249 A 666 139
p1:1250 A 32 3 0
p1:1251 A 0 353
p1:1252 A 119 0 130
p1:1253 A 667 0 668 26 72
p1:1254 A 0
p1:1255 A 0 669 72
p1:1256 A 0 7 670
p1:1257 A 3 139
p1:1258 A 0 26
p1:1259 A 0
p1:1260 A 117 3 0
p1:1261 A 0 91
p1:1262 A 3 0 189 138
p1:1263 A 3 0 671
p1:1264 A 3 0 72
p1:1265 A 3 0
p1:1266 A 183 3 0 23
p1:1267 A 672 0 159 276 1 2
p1:1268 A 3 97
p1:1269 A 673 0 19 59
p1:1270 A 0
p1:1271 A 0 443
p1:1272 A 3 0
p1:1273 A 3 0 674 85
p1:1274 A 3 0
p1:1275 A 126 3
p1:1276 A 0 380
p1:1277 A 3 0
p1:1278 A 0 675
p1:1279 A 47 0
p1:1280 A 0 676
p1:1281 A 3 0
p1:1282 A 3 27
p1:1283 A 0
p1:1284 A 3 178
p1:1285 A 360 242 3 160 0
p1:1286 A 119 120 0 122 677 130
p1:1287 A 3 547 0 23
p1:1288 A 407 0
p1:1289 A 678 3 0
p1:1290 A 104 3 0 7
p1:1291 A 0 63
p1:1292 A 0 679
p1:1293 A 0
p1:1294 A 0 680
p1:1295 A 0 59
p1:1296 A 270 0 22 94
p1:1297 A 0 403
p1:1298 A 117 0 116
p1:1299 A 3 0
p1:1300 A 3
p1:1301 A 0 136
p1:1302 A 258 3 681
p1:1303 A 406 115 3 0
p1:1304 A 0 682
p1:1305 A 3 0 2
p1:1306 A 0 7 23 535
p1:1307 A 3 0 26
p1:1308 A 3 0 340
p1:1309 A 120 121 3 0 7
p1:1310 A 3 0
p1:1311 A 0
p1:1312 A 0 7 124
p1:1313 A 3 0
p1:1314 A 469 3 683
p1:1315 A 3 0
p1:1316 A 3 0 108
p1:1317 A 3 0 219 684
p1:1318 A 685 686 3 27 687
p1:1319 A 0
p1:1320 A 3 0 688 689
p1:1321 A 3 0 129
p1:1322 A 3 0 690 139
p1:1323 A 3 691
p1:1324 A 0 22 692 693
p1:1325 A 3 0
p1:1326 A 3 0 72
p1:1327 A 0
p1:1328 A 3 0 694
p1:1329 A 117 0 695
p1:1330 A 696 3 27 139
p1:1331 A 3
p1:1332 A 0
p1:1333 A 3 191
p1:1334 A 514 0 697 219
p1:1335 A 47 3 0 96
p1:1336 A 547 0 7 698 23 535
p1:1337 A 0 96
p1:1338 A 126 0
p1:1339 A 3 0
p1:1340 A 3 0 247
p1:1341 A 3 0
p1:1342 A 228 3 0 230 699 700
p1:1343 A 3 0 190
p1:1344 A 0 2
p1:1345 A 0 701 72
p1:1346 A 702 0 173 703
p1:1347 A 126 0
p1:1348 A 0 704
p1:1349 A 705 229 3 0 22 230 706
p1:1350 A 3 0
p1:1351 A 104 3 0
p1:1352 A 3 0 357
p1:1353 A 3 367 72
p1:1354 A 3 0 707
p1:1355 A 3 0 58
p1:1356 A 104 0 431
p1:1357 A 3 0 135 72
p1:1358 A 3 0 26
p1:1359 A 3 0
p1:1360 A 3 0 708 91 709 710
p1:1361 A 3 178
p1:1362 A 3 0 707
p1:1363 A 3 0 711 190 712 218
p1:1364 A 255 0 329
p1:1365 A 268 0 7 713
p1:1366 A 0
p1:1367 A 714 3 0
p1:1368 A 160 0 357
p1:1369 A 165 302 3
p1:1370 A 0 715
p1:1371 A 3 0 716
p1:1372 A 32 0 717
p1:1373 A 3 0 718 69
p1:1374 A 47 3 0 90 91
p1:1375 A 0 147 77
p1:1376 A 3 0 613
p1:1377 A 3 0
p1:1378 A 255 3 0
p1:1379 A 3 0 252 91 253
p1:1380 A 3 0 184
p1:1381 A 0 72
p1:1382 A 117 0
p1:1383 A 3 27
p1:1384 A 3
p1:1385 A 3
p1:1386 A 3 719
p1:1387 A 3 0
p1:1388 A 3 0
p1:1389 A 0 269 720 186 721
p1:1390 A 722 723 3 0 7
p1:1391 A 3 0 247 724 725
p1:1392 A 3 0 726
p1:1393 A 0 91 727
p1:1394 A 302 0
p1:1395 A 114 0 116
p1:1396 A 0 728 69
p1:1397 A 729 3 0 730
p1:1398 A 3 0 731 624
p1:1399 A 104 3 0 431
p1:1400 A 3 0
p1:1401 A 27 0
p1:1402 A 3 0 732 230 396 700
p1:1403 A 114 115 0 116
p1:1404 A 3 0 624
p1:1405 A 36 104 236 3 0 439 733
p1:1406 A 286 3 27 0 295 734 735
p1:1407 A 3 0 736 197
p1:1408 A 0 7 303 737
p1:1409 A 3 0
p1:1410 A 3
p1:1411 A 0 361 738
p1:1412 A 3 0
p1:1413 A 739 3 0 740
p1:1414 A 3 0
p1:1415 A 0
p1:1416 A 0
p1:1417 A 0 2
p1:1418 A 3 27
p1:1419 A 0 72
p1:1420 A 3 0
p1:1421 A 3
p1:1422 A 0 219 225 45
p1:1423 A 741 3 0 295
p1:1424 A 3 0 91 26
p1:1425 A 3 0 190 742
p1:1426 A 3 0 743
p1:1427 A 744 0 745 219
p1:1428 A 3 0 746 9
p1:1429 A 117 747 0
p1:1430 A 3 0
p1:1431 A 3 0
p1:1432 A 748 93 3 0 22 749
p1:1433 A 88 0
p1:1434 A 3 0 272
p1:1435 A 169 3 0 238 389
p1:1436 A 27 750
p1:1437 A 751 547 0 23 535
p1:1438 A 3 190
p1:1439 A 0
p1:1440 A 514 3 0
p1:1441 A 0 752
p1:1442 A 0
p1:1443 A 753 294 3 27
p1:1444 A 0
p1:1445 A 0 555
p1:1446 A 3 0 18 26
p1:1447 A 754 755 27 135 97 756
p1:1448 A 3 0 757 353
p1:1449 A 311 0
p1:1450 A 3
p1:1451 A 0 7
p1:1452 A 3 0 28
p1:1453 A 3 0
p1:1454 A 0 9
p1:1455 A 758 0 759
p1:1456 A 760 3 0 761
p1:1457 A 3 0
p1:1458 A 158 0 159
p1:1459 A 3 0 189 419
p1:1460 A 0 762 763
p1:1461 A 3 0
p1:1462 A 3 0 764 2 72
p1:1463 A 36 3 0 765
p1:1464 A 3 0 7
p1:1465 A 3 0 29 766
p1:1466 A 3 0 7 303
p1:1467 A 3 0
p1:1468 A 37 104 3 0
p1:1469 A 0
p1:1470 A 3 27 0
p1:1471 A 157 3 0
p1:1472 A 47 3 0
p1:1473 A 100 0 80
p1:1474 A 3 27 767 0
p1:1475 A 115 0 768
p1:1476 A 270 0 22
p1:1477 A 3 0
p1:1478 A 3 0 68 69
p1:1479 A 3 0
p1:1480 A 3 0 340 769
p1:1481 A 0
p1:1482 A 3 0 26
p1:1483 A 255 0 256 770
p1:1484 A 0 80
p1:1485 A 0 771
p1:1486 A 3 0 772
p1:1487 A 3 0 773
p1:1488 A 3 0 68 69
p1:1489 A 223 0 26
p1:1490 A 0 18
p1:1491 A 0 774
p1:1492 A 3 0 775 648
p1:1493 A 111 183 0 776
p1:1494 A 3 0 777 72
p1:1495 A 104 3 0 778
p1:1496 A 779 157 0
p1:1497 A 0 780
p1:1498 A 279 3 0 72
p1:1499 A 3 0 781 72
p1:1500 A 495 3 0 344
p1:1501 A 782 226 0 184
p1:1502 A 783 229 0 239 396
p1:1503 A 0 7
p1:1504 A 0
p1:1505 A 3 0
p1:1506 A 3 0 132
p1:1507 A 139
p1:1508 A 0
p1:1509 A 0
p1:1510 A 117 0
p1:1511 A 3 0 175 57 58
p1:1512 A 0 784
p1:1513 A 0 785 786
p1:1514 A 3 0 787 188 538
p1:1515 A 41 0 19
p1:1516 A 788 0
p1:1517 A 0 135
p1:1518 A 0
p1:1519 A 3 0
p1:1520 A 115 3 0 247
p1:1521 A 0 189
p1:1522 A 3 0 91
p1:1523 A 0 72
p1:1524 A 160 0 357
p1:1525 A 3 0 39 2
p1:1526 A 27 0
p1:1527 A 3 0 592 2
p1:1528 A 3
p1:1529 A 302 0
p1:1530 A 3 0
p1:1531 A 0
p1:1532 A 0 789
p1:1533 A 3 325
p1:1534 A 0 219
p1:1535 A 0 22 23
p1:1536 A 790 3 0 791 238
p1:1537 A 88 3 0
p1:1538 A 0 613
p1:1539 A 0 19
p1:1540 A 3 160 0
p1:1541 A 0 380
p1:1542 A 117 792 3 160 0 379
p1:1543 A 0 135 72
p1:1544 A 3 0 367 793 218
p1:1545 A 3 0
p1:1546 A 3 0 72 794
p1:1547 A 0 26
p1:1548 A 0
p1:1549 A 0 795
p1:1550 A 3 0
p1:1551 A 209 0 796 797 333
p1:1552 A 0 798 799
p1:1553 A 800 3 0
p1:1554 A 117 0 116
p1:1555 A 3 0 83
p1:1556 A 0
p1:1557 A 3 0
p1:1558 A 0
p1:1559 A 3 0
p1:1560 A 0 2
p1:1561 A 3 0 299
p1:1562 A 3 0
p1:1563 A 547 0 23
p1:1564 A 3 0 801 188 443 108 538 802
p1:1565 A 0 803
p1:1566 A 3 0 804 118
p1:1567 A 0 805
p1:1568 A 0 91
p1:1569 A 228 229 0 806 22 396 807
p1:1570 A 406 0
p1:1571 A 3 27 135 97
p1:1572 A 3 0 38 808 8
p1:1573 A 3 0 98 197
p1:1574 A 104 3 0
p1:1575 A 0
p1:1576 A 36 104 236 0
p1:1577 A 3 0
p1:1578 A 93 3 0 22 809 94
p1:1579 A 3 0 810
p1:1580 A 0
p1:1581 A 3 0 219 225 811 45
p1:1582 A 168 812 3 813 0
p1:1583 A 27
p1:1584 A 0 7
p1:1585 A 3 0
p1:1586 A 3 0
p1:1587 A 0
p1:1588 A 158 3 27 0
p1:1589 A 3 0 147 77
p1:1590 A 0 295
p1:1591 A 0 135
p1:1592 A 3
p1:1593 A 814 3 815 0
p1:1594 A 3 0
p1:1595 A 3 367
p1:1596 A 88 3 0 72
p1:1597 A 3 0 188
p1:1598 A 27
p1:1599 A 229 3 0 230 396 706
p1:1600 A 469 3 816
p1:1601 A 450 157 3 0
p1:1602 A 0 380
p1:1603 A 104 3 0
p1:1604 A 0 135
p1:1605 A 0
p1:1606 A 3 0
p1:1607 A 27
p1:1608 A 3 0
p1:1609 A 817 0
p1:1610 A 249 3 818
p1:1611 A 3 0 69
p1:1612 A 732 819
p1:1613 A 0 535
p1:1614 A 0 357
p1:1615 A 3 0
p1:1616 A 93 3 0 94
p1:1617 A 3 0
p1:1618 A 0 7 26
p1:1619 A 0 333
p1:1620 A 820 0
p1:1621 A 0
p1:1622 A 548 0
p1:1623 A 0
p1:1624 A 36 3 0 237
p1:1625 A 514 0 821 822 219
p1:1626 A 209 0
p1:1627 A 0 823 26
p1:1628 A 3 0 627
p1:1629 A 469 824 3 707 118
p1:1630 A 3 0 72
p1:1631 A 0
p1:1632 A 3 0
p1:1633 A 0
p1:1634 A 3 367 72
p1:1635 A 3
p1:1636 A 117 3 0 91
p1:1637 A 3 0
p1:1638 A 825 0 172
p1:1639 A 0 118
p1:1640 A 41 0 59
p1:1641 A 0 189 138
p1:1642 A 242 3 0
p1:1643 A 3 0 195 196 826
p1:1644 A 3 0 108
p1:1645 A 111 827 0 23
p1:1646 A 0 7
p1:1647 A 3 0 828
p1:1648 A 41 0 59
p1:1649 A 3 0 829 219
p1:1650 A 0
p1:1651 A 362 3 0
p1:1652 A 206 830 3 0 831
p1:1653 A 3 0 9
p1:1654 A 832 3 0
p1:1655 A 3 0
p1:1656 A 0
p1:1657 A 3 0 833
p1:1658 A 834 0
p1:1659 A 3 0
p1:1660 A 0
p1:1661 A 3 0 835 116 836
p1:1662 A 47 837 3 0
p1:1663 A 3
p1:1664 A 0 181 219
p1:1665 A 0
p1:1666 A 3 0 838
p1:1667 A 3 0 118
p1:1668 A 0
p1:1669 A 3 0 839 840
p1:1670 A 0 340 841
p1:1671 A 64
p1:1672 A 3 0 613
p1:1673 A 302 0 842
p1:1674 A 0
p1:1675 A 0
p1:1676 A 843 3 27 103
p1:1677 A 0 195 844
p1:1678 A 0
p1:1679 A 0
p1:1680 A 3 386
p1:1681 A 3 0 28 29
p1:1682 A 104 3 0 7
p1:1683 A 0
p1:1684 A 3 27 28 29
p1:1685 A 0 189
p1:1686 A 0 845
p1:1687 A 0 83 846
p1:1688 A 847 848 0
p1:1689 A 3 0 340
p1:1690 A 0 65
p1:1691 A 47 0
p1:1692 A 0 154 260
p1:1693 A 0
p1:1694 A 360 849 0 243
p1:1695 A 0 428 132
p1:1696 A 0 72
p1:1697 A 3 0
p1:1698 A 3 0
p1:1699 A 0 850
p1:1700 A 0
p1:1701 A 407 88 3 0
p1:1702 A 0 851 239
p1:1703 A 119 121 3 0 7 130
p1:1704 A 3 0
p1:1705 A 3 0 22
p1:1706 A 0
p1:1707 A 169 3 0
p1:1708 A 3 0 852
p1:1709 A 157 0
p1:1710 A 0
p1:1711 A 0 853
p1:1712 A 3 0
p1:1713 A 0
p1:1714 A 27 0 135
p1:1715 A 3 0 219
p1:1716 A 3 0 854
p1:1717 A 3 118
p1:1718 A 0 9
p1:1719 A 3 0 135
p1:1720 A 469 3 0 707
p1:1721 A 47 3 0 855
p1:1722 A 3 0
p1:1723 A 856 0
p1:1724 A 0
p1:1725 A 0
p1:1726 A 47 3 0 857 380
p1:1727 A 0 2
p1:1728 A 169 3 0 555
p1:1729 A 3 0
p1:1730 A 160 0 858 357
p1:1731 A 0 531
p1:1732 A 3 0
p1:1733 A 47 0 90 91
p1:1734 A 117 3 0 859 860
p1:1735 A 861 0 862
p1:1736 A 111 183 3 0
p1:1737 A 41 0 59
p1:1738 A 3 0 863 7
p1:1739 A 3 160
p1:1740 A 0 864
p1:1741 A 3 0 133
p1:1742 A 3 218
p1:1743 A 0 85
p1:1744 A 3 118
p1:1745 A 865 3 0
p1:1746 A 0
p1:1747 A 0 2
p1:1748 A 358 3 0 77
p1:1749 A 3 0
p1:1750 A 255 3 0 256 329
p1:1751 A 37 0
p1:1752 A 548 3 0
p1:1753 A 0 69
p1:1754 A 3 0 542 9
p1:1755 A 0 21 108
p1:1756 A 3 0 19
p1:1757 A 0 186
p1:1758 A 866 0 867 94
p1:1759 A 294 166 0
p1:1760 A 3 0
p1:1761 A 302 3 0
p1:1762 A 36 3 0
p1:1763 A 868 869 3 0 69
p1:1764 A 0 7 23 535
p1:1765 A 870 0 871
p1:1766 A 3 0
p1:1767 A 385 3 0
p1:1768 A 268 3 0 7
p1:1769 A 872 3 0
p1:1770 A 0 873 26
p1:1771 A 874 0 394 875
p1:1772 A 3 0
p1:1773 A 37 3 0 876
p1:1774 A 104 236 3 0 237
p1:1775 A 0 877 878
p1:1776 A 879 0
p1:1777 A 0 880 128 881
p1:1778 A 0 108
p1:1779 A 36 0
p1:1780 A 3 0 443
p1:1781 A 882 0 883
p1:1782 A 3 0
p1:1783 A 3 0 92
p1:1784 A 3
p1:1785 A 362 0
p1:1786 A 226 3 0 23
p1:1787 A 0 884
p1:1788 A 0 148 885
p1:1789 A 0
p1:1790 A
p1:1791 A 3 0 386
p1:1792 A 886 3 0 887
p1:1793 A 0 299 888
p1:1794 A 31 3 0
p1:1795 A 3 0
p1:1796 A 889 3 0
p1:1797 A 0 890
p1:1798 A 891 3 0
p1:1799 A 37 3 0
p1:1800 A 3 0
p1:1801 A 0 892 2
p1:1802 A 3 0 893 129
p1:1803 A 0 247
p1:1804 A 104 0
p1:1805 A 442 3 27 0 103
p1:1806 A 894 3 0 460
p1:1807 A 0 19 74
p1:1808 A 895 0 19 59
p1:1809 A 896 3 0 21 108
p1:1810 A 3 0 7 535
p1:1811 A 897 0 898
p1:1812 A 3 0 899
p1:1813 A 3 0
p1:1814 A 0 21
p1:1815 A 3 0 900 219 45
p1:1816 A 0
p1:1817 A 101 0 103
p1:1818 A 111 0 901 23
p1:1819 A 902 3 0
p1:1820 A 3 0 29
p1:1821 A 3 0 256
p1:1822 A 3 0 237
p1:1823 A 903 0
p1:1824 A 3 0 904
p1:1825 A 3 0 344
p1:1826 A 3 0 154 260
p1:1827 A 3 0
p1:1828 A 157 0 905
p1:1829 A 229 3 0 239 396
p1:1830 A 3 0 357
p1:1831 A 3 0 906 907
p1:1832 A 111 183 0 23
p1:1833 A 0 108
p1:1834 A 3 0
p1:1835 A 908 3 909
p1:1836 A 3 0
p1:1837 A 41 3 0
p1:1838 A 3 0 219
p1:1839 A 910 3 0
p1:1840 A 911 912 3 0
p1:1841 A 0 913
p1:1842 A 0
p1:1843 A 88 3 0 914 72
p1:1844 A 3 118
p1:1845 A 0 7 915 916
p1:1846 A 3 0 175 57 58
p1:1847 A 917 3 547 0 7 535
p1:1848 A 0
p1:1849 A 3 0
p1:1850 A 281 0 282
p1:1851 A 3 0
p1:1852 A 0
p1:1853 A 3 0 34
p1:1854 A 0
p1:1855 A 88 0 23 918
p1:1856 A 0 919
p1:1857 A 920 223 0 921 26
p1:1858 A 0 108
p1:1859 A 36 0 922
p1:1860 A 3 0
p1:1861 A 0 923
p1:1862 A 3
p1:1863 A 255 3 0 256
p1:1864 A 0 924 925 1 2 926
p1:1865 A 104 3 0 431
p1:1866 A 0
p1:1867 A 0
p1:1868 A 36 548 0 237
p1:1869 A 0 90
p1:1870 A 927 0
p1:1871 A 0 928 393 531
p1:1872 A 0 91
p1:1873 A 111 0 23
p1:1874 A 0 1
p1:1875 A 3 0
p1:1876 A 3 0
p1:1877 A 3 0 132
p1:1878 A 3 0 7 124
p1:1879 A 0 175 58
p1:1880 A 3 0 929
p1:1881 A 93 3 0 94
p1:1882 A 27 0 930
p1:1883 A 0 318
p1:1884 A 931 0 132 932
p1:1885 A 933 3 0
p1:1886 A 0
p1:1887 A 3 0
p1:1888 A 41 0 125
p1:1889 A 3 0 91
p1:1890 A 3 0 219
p1:1891 A 934 27 0 935
p1:1892 A 0 72
p1:1893 A 3 936
p1:1894 A 360 160 0
p1:1895 A 165 3 0
p1:1896 A 937 0 2
p1:1897 A 41 0 125
p1:1898 A 3 0
p1:1899 A 3 0 650 938
p1:1900 A 0
p1:1901 A 939 940 0
p1:1902 A 0 941
p1:1903 A 31 0
p1:1904 A 3 0 7
p1:1905 A 3 0 942 943
p1:1906 A 166 3 0
p1:1907 A 358 944 0
p1:1908 A 0 945 418 419 474
p1:1909 A 0 946
p1:1910 A 3 0 367 191
p1:1911 A 3 367 947 191
p1:1912 A 3 0 147 148
p1:1913 A 0 80
p1:1914 A 3 0
p1:1915 A 3 0 132
p1:1916 A 3 0
p1:1917 A 948 3 0
p1:1918 A 0
p1:1919 A 41 3 0 186
p1:1920 A 3 0 129
p1:1921 A 3 0
p1:1922 A 3 0
p1:1923 A 3 0
p1:1924 A 0
p1:1925 A 3 0 91
p1:1926 A 0 77
p1:1927 A 0 949 175 58
p1:1928 A 3 0
p1:1929 A 3 0 80
p1:1930 A 47 3 0
p1:1931 A 0
p1:1932 A 950 3 178
p1:1933 A 3 0
p1:1934 A 104 0 7
p1:1935 A 0
p1:1936 A 3 951 952 953
p1:1937 A 3 0
p1:1938 A 954 3 699 396 700
p1:1939 A 0 7 124
p1:1940 A 3 0
p1:1941 A 0 955
p1:1942 A 0 219
p1:1943 A 0
p1:1944 A 442 27 0 103
p1:1945 A 0 225 45
p1:1946 A 3 0 190 191
p1:1947 A 3 0 191
p1:1948 A 3 956
p1:1949 A 3 0
p1:1950 A 3 0 184 957
p1:1951 A 495 3 0 344
p1:1952 A 0 2
p1:1953 A 3 0
p1:1954 A 31 32 3 0 958
p1:1955 A 0
p1:1956 A 959 27 135 960 961 97
p1:1957 A 157 3 0
p1:1958 A 0
p1:1959 A 0
p1:1960 A 3 0
p1:1961 A 3 0 135
p1:1962 A 0 962
p1:1963 A 0 887 963 964 965 219 966
p1:1964 A 126
p1:1965 A 3 0 7
p1:1966 A 0 967
p1:1967 A 968 0 21 108
p1:1968 A 0
p1:1969 A 0 650
p1:1970 A 969 47 970 3 0 90 91
p1:1971 A 0 7 424
p1:1972 A 0 23
p1:1973 A 115 0
p1:1974 A 3 0 396
p1:1975 A 0 513
p1:1976 A 0 80 623
p1:1977 A 169 0 555
p1:1978 A 0 21 971 108
p1:1979 A 3 0 184 972
p1:1980 A 0 973
p1:1981 A 104 0 26
p1:1982 A 3 0 128
p1:1983 A 117 0
p1:1984 A 440 3 0
p1:1985 A 974 0 975
p1:1986 A 0 195
p1:1987 A 0 1
p1:1988 A 302 3 976
p1:1989 A 41 3 0
p1:1990 A 3 0
p1:1991 A 302 3 0
p1:1992 A 117 3 0
p1:1993 A 977 3 0 428
p1:1994 A 978 3 0
p1:1995 A 0 318
p1:1996 A 3 135
p1:1997 A 0
p1:1998 A 979 0 295
p1:1999 A
