#OUT: 5 A SLiMulation_Output_Full_ADD_861991462336724992_1.txt
Version: 3
Populations:
p1 1000 H
Mutations:
0 138 m2 1410 0.491138428 0.5 p1 1 1995
1 139 m2 2060 0.73028934 0.5 p1 1 1032
134 677 m5 15 -0.602528811 0.5 p1 2 10
34 678 m5 73 0.126235753 0.5 p1 2 12
65 696 m3 4014 0.054796163 0.5 p1 2 24
196 697 m5 4426 -0.534554482 0.5 p1 2 13
55 698 m4 4891 0.155225933 0.5 p1 2 54
50 722 m5 3257 0.601915896 0.5 p1 2 13
51 723 m3 3625 0.157326743 0.5 p1 2 26
257 729 m5 2809 0.472471476 0.5 p1 2 15
400 748 m2 1323 0.585365117 0.5 p1 2 1
105 807 m1 518 -0.0419399291 0.5 p1 2 10
623 813 m4 5061 0.0530334711 0.5 p1 2 2
306 814 m4 5114 -0.0205255747 0.5 p1 2 5
398 822 m5 3157 -0.523240745 0.5 p1 2 4
64 845 m5 2326 -0.859214067 0.5 p1 2 2
386 846 m3 4384 0.171138465 0.5 p1 2 16
4 861 m5 2880 0.0485877432 0.5 p1 2 8
195 875 m4 4803 0.273348421 0.5 p1 2 11
54 880 m3 4332 0.271775514 0.5 p1 2 20
538 886 m1 808 0.309646904 0.5 p1 2 2
59 887 m5 5533 -0.350866139 0.5 p1 2 16
87 910 m3 3912 0.328872353 0.5 p1 2 17
30 924 m4 4835 0.216710508 0.5 p1 2 47
9 925 m2 1523 -0.00937940273 0.5 p1 2 33
341 926 m4 5332 -0.0137560004 0.5 p1 2 7
861 944 m4 4737 -0.0749929696 0.5 p1 2 1
27 963 m4 4817 0.191903993 0.5 p1 2 64
35 964 m5 3159 0.247506142 0.5 p1 2 33
77 965 m5 2540 -0.68603462 0.5 p1 2 5
322 985 m3 3439 0.86771369 0.5 p1 2 1
10 986 m2 2198 0.2933653 0.5 p1 2 3
141 991 m5 2656 -0.179038927 0.5 p1 2 3
39 1014 m4 4646 0.287936926 0.5 p1 2 16
387 1023 m5 2939 0.00967968721 0.5 p1 2 2
436 1029 m5 2653 0.5 0.5 p1 2 9
66 1064 m5 3158 -0.453676075 0.5 p1 2 19
118 1080 m4 4560 0.346823871 0.5 p1 2 13
268 1097 m4 5281 0.372989893 0.5 p1 2 14
270 1149 m3 3710 -0.0515502803 0.5 p1 2 3
228 1170 m5 2447 0.00481009856 0.5 p1 2 10
165 1197 m5 2732 -0.420885921 0.5 p1 2 13
26 1223 m5 3207 -0.0186100602 0.5 p1 2 18
418 1224 m2 1333 -0.212948948 0.5 p1 2 1
336 1281 m1 290 0.131407723 0.5 p1 2 5
186 1282 m5 2426 -0.1144927 0.5 p1 2 3
215 1303 m1 602 0.13446182 0.5 p1 2 1
582 1318 m5 41 0.219788566 0.5 p1 2 3
656 1327 m3 4038 -0.131365076 0.5 p1 2 1
86 1391 m2 1387 -0.0170621015 0.5 p1 2 10
163 1392 m3 3559 0.238696694 0.5 p1 2 11
82 1406 m5 3014 0.165015325 0.5 p1 3 4
36 1419 m1 673 0.113028042 0.5 p1 3 8
219 1425 m5 2821 -0.0871237367 0.5 p1 3 6
94 1428 m5 1141 0.432098716 0.5 p1 3 9
302 1430 m5 2251 0.517168462 0.5 p1 3 6
140 1456 m4 5496 0.440771222 0.5 p1 3 2
113 1459 m5 2248 0.187724978 0.5 p1 3 7
78 1487 m5 3367 -0.394930452 0.5 p1 3 3
193 1488 m5 3080 0.302554011 0.5 p1 3 5
475 1492 m5 3089 -0.495242417 0.5 p1 3 3
283 1501 m1 1076 0.155939013 0.5 p1 3 6
233 1502 m5 3150 -0.0403087884 0.5 p1 3 11
178 1505 m4 5369 0.0564980283 0.5 p1 3 2
349 1508 m4 4577 0.121367782 0.5 p1 3 7
351 1518 m5 1195 0.365186185 0.5 p1 3 1
149 1521 m2 1456 -0.0184437931 0.5 p1 3 8
281 1523 m3 4369 0.234754279 0.5 p1 3 4
768 1550 m5 2407 0.304711968 0.5 p1 3 2
144 1563 m4 4621 0.162475586 0.5 p1 3 3
610 1564 m4 4947 -0.205072194 0.5 p1 3 2
279 1567 m1 360 0.0616979748 0.5 p1 3 4
123 1593 m3 3625 0.145946965 0.5 p1 3 5
600 1598 m2 1314 0.0762974992 0.5 p1 3 2
181 1602 m3 3875 -0.0854032636 0.5 p1 3 1
607 1608 m5 2602 -0.191293389 0.5 p1 3 5
115 1614 m5 3149 -0.440510124 0.5 p1 3 5
685 1615 m5 2680 -0.0767872632 0.5 p1 3 4
185 1616 m4 5249 0.153673708 0.5 p1 3 3
46 1621 m5 2735 -0.148190081 0.5 p1 3 11
426 1634 m3 3551 0.0529050939 0.5 p1 3 3
638 1642 m3 4384 -0.15317066 0.5 p1 3 2
137 1643 m3 4365 -0.142945483 0.5 p1 3 3
479 1646 m2 1200 0.0650918409 0.5 p1 3 2
320 1647 m5 2509 0.831650436 0.5 p1 3 6
628 1650 m4 5319 -0.274916857 0.5 p1 3 1
525 1655 m1 213 -0.0249843448 0.5 p1 3 3
338 1667 m5 2408 -0.712186396 0.5 p1 3 3
928 1668 m4 5496 0.5 0.5 p1 3 1
53 1671 m4 5099 0.0531155989 0.5 p1 3 10
874 1675 m5 4430 -0.585119486 0.5 p1 3 1
511 1690 m1 915 0.044716455 0.5 p1 3 3
343 1700 m5 2376 -0.189717919 0.5 p1 3 2
430 1706 m5 1157 0.44706592 0.5 p1 3 3
434 1714 m5 2510 0.0443640016 0.5 p1 3 9
91 1720 m2 1315 0.0334583744 0.5 p1 3 13
92 1721 m5 4454 0.321222216 0.5 p1 3 10
412 1733 m1 1084 0.0686467215 0.5 p1 3 1
413 1735 m3 4236 0.129881874 0.5 p1 3 1
68 1763 m5 2826 0.543456495 0.5 p1 3 8
136 1765 m5 3111 0.062308915 0.5 p1 3 5
385 1785 m1 378 -0.0379755087 0.5 p1 3 5
71 1788 m5 2390 -0.396014512 0.5 p1 3 17
21 1793 m5 2287 -0.650862873 0.5 p1 3 15
23 1794 m5 2789 0.258283317 0.5 p1 3 17
161 1795 m5 2979 0.911456764 0.5 p1 3 10
206 1796 m4 4508 0.33074671 0.5 p1 3 7
404 1798 m5 2303 -0.482072145 0.5 p1 3 3
242 1804 m1 174 0.0447788648 0.5 p1 3 5
90 1805 m4 5099 -0.0483546741 0.5 p1 3 4
295 1812 m5 3070 -0.195652738 0.5 p1 3 3
296 1813 m4 4560 0.171852067 0.5 p1 3 4
335 1814 m5 2242 -0.0801210627 0.5 p1 3 8
535 1842 m1 336 0.36097011 0.5 p1 3 2
104 1844 m5 2593 0.0248130523 0.5 p1 3 7
201 1845 m5 2847 0.155611485 0.5 p1 3 10
202 1846 m4 4893 0.293433934 0.5 p1 3 9
7 1847 m5 2285 -0.92019546 0.5 p1 3 4
346 1848 m5 66 -0.372201532 0.5 p1 3 3
590 1851 m4 4589 0.5 0.5 p1 3 3
17 1905 m3 4099 0.209018975 0.5 p1 3 24
61 1906 m4 5402 0.153702661 0.5 p1 3 12
314 1914 m5 3332 0.35842678 0.5 p1 3 2
139 1919 m5 4401 -0.143448964 0.5 p1 3 3
40 1920 m5 3154 0.431114644 0.5 p1 3 11
357 1924 m5 2504 -0.0106660072 0.5 p1 3 1
112 1929 m4 4766 0.0436849222 0.5 p1 3 1
111 1930 m3 4287 -0.214651063 0.5 p1 3 3
585 1932 m1 590 0.280647188 0.5 p1 3 3
246 1933 m1 639 0.0131425839 0.5 p1 3 6
677 1940 m3 3756 0.11732579 0.5 p1 3 1
247 1941 m2 2115 0.083765842 0.5 p1 3 4
74 1942 m5 4409 -0.3214342 0.5 p1 3 9
368 1945 m3 4061 0.297953337 0.5 p1 3 2
716 1955 m1 513 0.107131653 0.5 p1 3 1
403 1966 m5 2596 0.038269911 0.5 p1 3 5
80 1977 m5 1182 0.5 0.5 p1 3 2
22 1991 m5 2440 -0.5 0.5 p1 3 14
837 1992 m2 1303 0.024388155 0.5 p1 3 1
62 1997 m1 783 0.000584630528 0.5 p1 3 3
339 2014 m5 2599 0.370613486 0.5 p1 3 4
125 2019 m5 1168 -0.547357261 0.5 p1 3 4
174 2021 m5 2225 -0.153597414 0.5 p1 3 2
298 2029 m3 4052 0.227408394 0.5 p1 3 6
297 2030 m1 987 0.0191759523 0.5 p1 3 4
235 2063 m5 4432 -0.533063889 0.5 p1 3 4
512 2076 m1 567 -0.0481130369 0.5 p1 4 2
471 2088 m3 4140 -0.162380025 0.5 p1 4 7
271 2089 m5 2857 0.160576612 0.5 p1 4 3
85 2090 m1 860 -0.292514801 0.5 p1 4 9
732 2100 m5 2761 0.203190491 0.5 p1 4 1
572 2101 m4 5065 0.0545558892 0.5 p1 4 1
571 2102 m5 2967 -0.0215469114 0.5 p1 4 1
147 2107 m5 3208 0.418769002 0.5 p1 4 2
424 2109 m1 432 0.501345932 0.5 p1 4 2
342 2129 m5 3053 -0.587793589 0.5 p1 4 3
175 2133 m3 4190 0.218781248 0.5 p1 4 5
176 2134 m5 2577 -0.331878841 0.5 p1 4 5
803 2139 m4 5304 -0.378083378 0.5 p1 4 1
373 2141 m4 4666 0.0291437972 0.5 p1 4 3
950 2149 m5 2366 -0.855331242 0.5 p1 4 1
714 2151 m1 1034 0.152271762 0.5 p1 4 3
97 2152 m5 1126 0.383973181 0.5 p1 4 1
664 2154 m3 4281 -0.188531131 0.5 p1 4 1
498 2161 m3 3985 0.401192069 0.5 p1 4 3
365 2162 m1 415 0.0679497272 0.5 p1 4 10
48 2163 m5 3268 -0.0504038483 0.5 p1 4 9
775 2168 m4 5256 0.139161944 0.5 p1 4 2
956 2169 m4 4561 0.5 0.5 p1 4 1
946 2176 m1 421 -0.105742067 0.5 p1 4 1
369 2197 m1 796 -0.124465205 0.5 p1 4 3
244 2198 m1 445 0.409646779 0.5 p1 4 3
291 2215 m4 5075 0.319475114 0.5 p1 4 4
190 2218 m3 4250 0.152026936 0.5 p1 4 4
508 2222 m4 4601 0.0130972853 0.5 p1 4 5
284 2233 m3 3433 0.132601902 0.5 p1 4 5
116 2234 m5 2624 0.446083397 0.5 p1 4 3
98 2242 m1 907 0.479546547 0.5 p1 4 3
324 2243 m3 4308 -0.707601964 0.5 p1 4 3
676 2248 m1 809 0.0574121922 0.5 p1 4 1
114 2255 m3 3571 -0.0379939228 0.5 p1 4 2
76 2269 m2 1651 0.068020314 0.5 p1 4 3
492 2272 m5 2267 0.254500479 0.5 p1 4 2
308 2289 m1 854 0.20446001 0.5 p1 4 3
275 2292 m4 4629 -0.154840648 0.5 p1 4 3
446 2298 m5 3035 -0.0418202691 0.5 p1 4 1
437 2300 m2 1324 0.0574612804 0.5 p1 4 3
277 2301 m4 5473 -0.0671538115 0.5 p1 4 2
151 2313 m3 4251 -0.0941152722 0.5 p1 4 4
160 2315 m5 3104 -0.0558837801 0.5 p1 4 6
615 2316 m5 2973 -0.373952001 0.5 p1 4 3
187 2335 m5 2888 0.854179084 0.5 p1 4 3
333 2337 m4 5023 -0.198519677 0.5 p1 4 5
73 2343 m3 3895 0.194811314 0.5 p1 4 3
58 2347 m5 2610 0.114202142 0.5 p1 4 8
207 2348 m4 4854 0.23762615 0.5 p1 4 7
428 2349 m1 685 -0.28629142 0.5 p1 4 1
541 2355 m2 1428 0.0535077229 0.5 p1 4 4
101 2371 m4 4682 -0.0106042596 0.5 p1 4 4
126 2376 m5 1199 0.0671852678 0.5 p1 4 2
505 2377 m5 2714 -0.186380461 0.5 p1 4 1
127 2378 m5 2904 0.338788897 0.5 p1 4 1
155 2383 m5 2621 -0.20490022 0.5 p1 4 8
75 2390 m4 4544 0.000175111636 0.5 p1 4 5
396 2394 m5 2778 0.174742669 0.5 p1 4 2
382 2403 m2 1515 -0.000593745557 0.5 p1 4 3
696 2404 m1 238 -0.150546938 0.5 p1 4 1
697 2405 m5 2284 0.261605024 0.5 p1 4 1
32 2406 m4 4565 0.362029582 0.5 p1 4 4
13 2415 m5 2214 -0.160929143 0.5 p1 4 2
844 2416 m5 3114 -0.5 0.5 p1 4 1
348 2419 m5 4415 -0.517434001 0.5 p1 4 4
360 2420 m4 5211 -0.293567777 0.5 p1 4 2
344 2431 m5 2386 0.601434052 0.5 p1 4 2
177 2435 m3 3905 0.314330488 0.5 p1 4 2
179 2436 m5 5558 -0.325147808 0.5 p1 4 3
651 2451 m1 465 -0.624607444 0.5 p1 4 1
652 2453 m5 4444 0.166257918 0.5 p1 4 1
231 2456 m5 3134 0.240952 0.5 p1 4 4
620 2458 m1 703 0.228800565 0.5 p1 4 2
460 2463 m5 1182 0.102599524 0.5 p1 4 5
150 2476 m5 3373 0.870755434 0.5 p1 4 10
262 2483 m5 3004 0.440201312 0.5 p1 4 3
263 2484 m3 3849 0.448652297 0.5 p1 4 2
631 2489 m1 596 -0.617844582 0.5 p1 4 1
632 2490 m4 5246 -0.077005066 0.5 p1 4 1
159 2499 m5 2509 -0.461110711 0.5 p1 4 2
877 2503 m5 1119 -0.1514377 0.5 p1 4 2
131 2512 m1 691 0.471895903 0.5 p1 4 3
132 2513 m5 4460 0.561832786 0.5 p1 4 3
459 2521 m3 3709 0.197097465 0.5 p1 4 5
241 2522 m4 5198 -0.419440478 0.5 p1 4 5
316 2531 m2 1827 -0.778595805 0.5 p1 4 1
164 2539 m5 2508 0.477357209 0.5 p1 4 3
167 2541 m4 4547 0.123951375 0.5 p1 4 6
516 2543 m5 2748 0.493789673 0.5 p1 4 3
810 2544 m1 235 0.0626359209 0.5 p1 4 1
260 2546 m5 2414 0.912832081 0.5 p1 4 2
261 2547 m5 3295 -0.731405556 0.5 p1 4 2
416 2550 m4 5082 -0.316389948 0.5 p1 4 7
845 2555 m5 5545 -0.279581308 0.5 p1 4 1
14 2556 m3 3898 0.489476711 0.5 p1 4 2
15 2557 m4 4828 -0.796150446 0.5 p1 4 2
639 2562 m5 2269 0.321945012 0.5 p1 4 1
660 2578 m4 4554 -0.0974474028 0.5 p1 4 3
586 2579 m4 4723 -0.5 0.5 p1 4 3
209 2582 m5 5505 -0.683133066 0.5 p1 4 5
20 2585 m5 5552 -0.015424056 0.5 p1 4 4
423 2597 m5 1124 0.343271315 0.5 p1 4 1
170 2598 m5 2951 0.22636883 0.5 p1 4 4
267 2602 m5 4405 -0.497160077 0.5 p1 4 5
43 2610 m3 4250 0.158838019 0.5 p1 4 4
42 2611 m5 3105 -0.241344765 0.5 p1 4 3
496 2614 m5 3212 0.0470313914 0.5 p1 4 1
145 2617 m4 4624 0.530182183 0.5 p1 4 1
450 2619 m3 4363 -0.554938197 0.5 p1 4 1
25 2620 m5 3192 0.41550979 0.5 p1 4 3
717 2625 m5 3245 0.441775143 0.5 p1 4 1
5 2635 m5 2266 -0.658002377 0.5 p1 4 8
208 2642 m1 511 0.00857281219 0.5 p1 4 3
842 2663 m3 4283 -0.087202467 0.5 p1 4 1
497 2669 m1 607 0.28419888 0.5 p1 4 5
472 2670 m5 2964 -0.217362404 0.5 p1 4 3
110 2671 m5 2952 0.433520585 0.5 p1 4 2
52 2676 m5 2262 -0.0670623481 0.5 p1 4 4
96 2683 m1 626 0.279716104 0.5 p1 4 3
84 2684 m3 3840 0.302228153 0.5 p1 4 10
329 2691 m3 3870 -0.2326525 0.5 p1 4 4
958 2708 m2 1908 -0.0538470373 0.5 p1 4 1
265 2714 m4 5443 -0.0756959915 0.5 p1 4 5
853 2718 m1 177 0.118224606 0.5 p1 4 1
6 2719 m1 552 -0.191201985 0.5 p1 4 3
252 2720 m1 377 0.395704091 0.5 p1 4 3
307 2729 m3 3845 0.105592497 0.5 p1 4 5
679 2730 m5 81 0.728688598 0.5 p1 4 1
501 2731 m5 3397 0.791475773 0.5 p1 4 2
502 2732 m3 3639 0.0141393049 0.5 p1 4 1
490 2734 m5 2567 0.00315675489 0.5 p1 4 2
217 2741 m1 1066 0.185344234 0.5 p1 4 4
345 2748 m3 3965 -0.0270771962 0.5 p1 4 5
690 2752 m1 697 -0.345911175 0.5 p1 4 1
237 2762 m5 2564 0.193520546 0.5 p1 4 3
427 2763 m5 2679 0.0466935337 0.5 p1 4 3
194 2764 m3 3590 0.0289825853 0.5 p1 4 4
675 2777 m4 5119 0.0852328166 0.5 p1 4 3
2 2791 m2 2094 -0.0277546309 0.5 p1 5 1
3 2792 m2 2099 0.300305873 0.5 p1 5 1
8 2793 m5 2614 0.444939762 0.5 p1 5 1
11 2794 m5 4442 -0.575558066 0.5 p1 5 1
12 2795 m2 1987 -0.432986259 0.5 p1 5 1
16 2796 m4 4908 0.137157992 0.5 p1 5 1
18 2797 m5 2971 0.179393083 0.5 p1 5 1
19 2798 m4 4543 0.0949530005 0.5 p1 5 1
24 2799 m3 3985 0.691776156 0.5 p1 5 1
28 2800 m1 449 0.209378183 0.5 p1 5 1
29 2801 m2 1891 0.374197453 0.5 p1 5 1
31 2802 m2 1305 0.5 0.5 p1 5 1
33 2803 m2 1420 -0.66717869 0.5 p1 5 1
37 2804 m3 4210 0.142736495 0.5 p1 5 1
38 2805 m1 100 0.23596929 0.5 p1 5 1
41 2806 m2 1433 0.250145495 0.5 p1 5 1
44 2807 m4 4939 -0.726112425 0.5 p1 5 1
45 2808 m1 764 -0.0947227776 0.5 p1 5 1
47 2809 m5 2374 -0.182781234 0.5 p1 5 1
49 2810 m3 3969 0.277629405 0.5 p1 5 1
56 2811 m5 1140 -0.134215429 0.5 p1 5 1
57 2812 m5 2318 -0.397640765 0.5 p1 5 1
60 2813 m4 5043 -0.446359962 0.5 p1 5 1
63 2814 m5 2245 -0.160791337 0.5 p1 5 1
67 2815 m4 4855 -0.411462873 0.5 p1 5 1
69 2816 m5 3321 -0.5 0.5 p1 5 1
70 2817 m5 4453 0.241947308 0.5 p1 5 1
72 2818 m3 3696 -0.642945349 0.5 p1 5 1
79 2819 m4 4994 0.430592865 0.5 p1 5 1
81 2820 m5 3211 -0.167623147 0.5 p1 5 1
83 2821 m4 4753 0.145367339 0.5 p1 5 1
88 2822 m5 3263 -0.513796449 0.5 p1 5 1
89 2823 m4 5162 0.0193165205 0.5 p1 5 1
93 2824 m5 2771 0.5 0.5 p1 5 1
95 2825 m4 5479 -0.699858785 0.5 p1 5 1
99 2826 m5 2564 -0.560054183 0.5 p1 5 1
100 2827 m4 4934 0.0277623981 0.5 p1 5 1
102 2828 m5 3189 -0.5 0.5 p1 5 1
103 2829 m2 1208 -0.406386137 0.5 p1 5 1
106 2830 m1 705 -0.36168915 0.5 p1 5 1
107 2831 m2 2000 -0.166031092 0.5 p1 5 1
108 2832 m4 5372 0.344900936 0.5 p1 5 1
109 2833 m3 4102 0.192332864 0.5 p1 5 1
117 2834 m5 3275 0.5 0.5 p1 5 1
119 2835 m4 4654 0.248486415 0.5 p1 5 1
120 2836 m5 2630 0.432337016 0.5 p1 5 1
121 2837 m5 5573 -0.268299013 0.5 p1 5 1
122 2838 m5 2435 -0.31692642 0.5 p1 5 1
124 2839 m3 4354 -0.0138908057 0.5 p1 5 1
128 2840 m3 4249 -0.104491487 0.5 p1 5 1
129 2841 m2 1959 0.0207861234 0.5 p1 5 1
130 2842 m4 5218 0.0967860818 0.5 p1 5 1
133 2843 m1 907 0.133762434 0.5 p1 5 1
135 2844 m1 244 0.224693343 0.5 p1 5 1
138 2845 m2 1554 -0.452475071 0.5 p1 5 1
142 2846 m1 200 -0.318099082 0.5 p1 5 1
143 2847 m2 1288 0.149967372 0.5 p1 5 1
146 2848 m5 52 -0.155936733 0.5 p1 5 1
148 2849 m1 626 -0.431953788 0.5 p1 5 1
152 2850 m1 203 -0.0506672375 0.5 p1 5 1
153 2851 m4 4857 0.5 0.5 p1 5 1
154 2852 m5 2775 0.233689308 0.5 p1 5 1
156 2853 m4 4940 -0.851352036 0.5 p1 5 1
157 2854 m5 2351 0.473833084 0.5 p1 5 1
158 2855 m4 4957 -0.432788104 0.5 p1 5 1
162 2856 m2 1596 -0.0629378632 0.5 p1 5 1
166 2857 m3 3576 0.00639011664 0.5 p1 5 1
168 2858 m1 784 -0.0552903935 0.5 p1 5 1
169 2859 m5 3347 0.577303827 0.5 p1 5 1
171 2860 m3 4093 -0.307425499 0.5 p1 5 1
172 2861 m2 2082 0.721210897 0.5 p1 5 1
173 2862 m4 5327 0.253725529 0.5 p1 5 1
180 2863 m3 3411 -0.193223298 0.5 p1 5 1
182 2864 m3 3986 0.0448001809 0.5 p1 5 1
183 2865 m1 1064 -0.386774898 0.5 p1 5 1
184 2866 m4 5148 -0.66637212 0.5 p1 5 1
188 2867 m3 4118 0.773924828 0.5 p1 5 1
189 2868 m3 3419 -0.259575218 0.5 p1 5 1
191 2869 m2 1457 0.757350922 0.5 p1 5 1
192 2870 m5 2458 0.131779447 0.5 p1 5 1
197 2871 m4 4502 -0.101763777 0.5 p1 5 1
198 2872 m1 617 -0.0158030763 0.5 p1 5 1
199 2873 m4 4953 0.759034038 0.5 p1 5 1
200 2874 m1 437 0.5 0.5 p1 5 1
203 2875 m5 2709 -0.181194842 0.5 p1 5 1
204 2876 m2 1901 0.228938103 0.5 p1 5 1
205 2877 m5 2749 -0.0615053885 0.5 p1 5 1
210 2878 m2 1922 -0.0635185242 0.5 p1 5 1
211 2879 m3 3643 -0.206702054 0.5 p1 5 1
212 2880 m4 4693 0.842072606 0.5 p1 5 1
213 2881 m3 3514 0.739125669 0.5 p1 5 1
214 2882 m3 4185 0.0633848608 0.5 p1 5 1
216 2883 m5 1121 0.148223072 0.5 p1 5 1
218 2884 m5 2490 0.0392161906 0.5 p1 5 1
220 2885 m5 3243 0.101271704 0.5 p1 5 1
221 2886 m5 4499 0.408750325 0.5 p1 5 1
222 2887 m4 4744 0.736101031 0.5 p1 5 1
223 2888 m5 3119 0.15465714 0.5 p1 5 1
224 2889 m3 3471 0.826028526 0.5 p1 5 1
225 2890 m3 4082 -0.780676842 0.5 p1 5 1
226 2891 m2 2026 -0.301011026 0.5 p1 5 1
227 2892 m1 591 -0.349926889 0.5 p1 5 1
229 2893 m1 971 0.0850453004 0.5 p1 5 1
230 2894 m1 932 0.321405441 0.5 p1 5 1
232 2895 m4 4961 0.391687125 0.5 p1 5 1
234 2896 m3 3686 -0.360605896 0.5 p1 5 1
236 2897 m4 5051 -0.0588945448 0.5 p1 5 1
238 2898 m1 525 0.0260496605 0.5 p1 5 1
239 2899 m5 3395 -0.109347843 0.5 p1 5 1
240 2900 m5 3222 0.654533327 0.5 p1 5 1
243 2901 m5 2467 -0.133740693 0.5 p1 5 1
245 2902 m2 1565 -0.233927935 0.5 p1 5 1
248 2903 m3 3718 -0.26510033 0.5 p1 5 1
249 2904 m2 1205 -0.180059537 0.5 p1 5 1
250 2905 m3 3800 0.305615097 0.5 p1 5 1
251 2906 m5 1105 0.625204921 0.5 p1 5 1
253 2907 m5 3153 -0.908220112 0.5 p1 5 1
254 2908 m4 4975 -0.434692264 0.5 p1 5 1
255 2909 m4 4907 0.115253337 0.5 p1 5 1
256 2910 m3 4315 -0.5 0.5 p1 5 1
258 2911 m4 4654 0.310328841 0.5 p1 5 1
259 2912 m2 1895 -0.305673629 0.5 p1 5 1
264 2913 m1 738 0.114278667 0.5 p1 5 1
266 2914 m5 3312 0.97829932 0.5 p1 5 1
269 2915 m2 1769 0.140677437 0.5 p1 5 1
272 2916 m1 527 0.210828394 0.5 p1 5 1
273 2917 m4 5356 0.643270731 0.5 p1 5 1
274 2918 m4 5484 0.508935213 0.5 p1 5 1
276 2919 m5 2273 -0.757181108 0.5 p1 5 1
278 2920 m1 319 0.616757333 0.5 p1 5 1
280 2921 m5 3283 0.0170689709 0.5 p1 5 1
282 2922 m4 4684 0.0748049989 0.5 p1 5 1
285 2923 m5 4453 -0.654637098 0.5 p1 5 1
286 2924 m4 4948 0.644447863 0.5 p1 5 1
287 2925 m5 2493 -0.074918054 0.5 p1 5 1
288 2926 m5 2800 -0.365637392 0.5 p1 5 1
289 2927 m2 2193 0.0735410824 0.5 p1 5 1
290 2928 m5 2729 -0.560219467 0.5 p1 5 1
292 2929 m1 110 0.302170992 0.5 p1 5 1
293 2930 m2 1272 0.14368628 0.5 p1 5 1
294 2931 m1 488 0.5 0.5 p1 5 1
299 2932 m4 5436 -0.331983209 0.5 p1 5 1
300 2933 m1 310 -0.5 0.5 p1 5 1
301 2934 m2 1755 0.453474462 0.5 p1 5 1
303 2935 m1 683 0.0811535046 0.5 p1 5 1
304 2936 m2 1661 0.39545083 0.5 p1 5 1
305 2937 m5 2740 0.627638936 0.5 p1 5 1
309 2938 m3 4086 0.603021026 0.5 p1 5 1
310 2939 m3 3885 0.356148779 0.5 p1 5 1
311 2940 m4 5315 0.308477551 0.5 p1 5 1
312 2941 m2 1318 -0.0143316202 0.5 p1 5 1
313 2942 m3 4148 -0.0748310983 0.5 p1 5 1
315 2943 m5 2719 0.314947665 0.5 p1 5 1
317 2944 m5 2814 -0.650599778 0.5 p1 5 1
318 2945 m1 653 -0.239754945 0.5 p1 5 1
319 2946 m4 5244 -0.238102585 0.5 p1 5 1
321 2947 m5 2848 0.935916543 0.5 p1 5 1
323 2948 m4 5345 -0.272482306 0.5 p1 5 1
325 2949 m1 648 -0.392250717 0.5 p1 5 1
326 2950 m5 2436 0.226470739 0.5 p1 5 1
327 2951 m1 776 -0.845715165 0.5 p1 5 1
328 2952 m2 1528 0.247942105 0.5 p1 5 1
330 2953 m3 3916 0.633752108 0.5 p1 5 1
331 2954 m2 1239 0.276370645 0.5 p1 5 1
332 2955 m2 1341 -0.1238923 0.5 p1 5 1
334 2956 m2 1578 0.218413234 0.5 p1 5 1
337 2957 m4 4609 -0.393037468 0.5 p1 5 1
340 2958 m5 2879 0.216958463 0.5 p1 5 1
347 2959 m3 4263 0.526719511 0.5 p1 5 1
350 2960 m1 362 0.385182291 0.5 p1 5 1
352 2961 m3 4218 -0.516221106 0.5 p1 5 1
353 2962 m2 1838 -0.198298559 0.5 p1 5 1
354 2963 m1 571 -0.320331216 0.5 p1 5 1
355 2964 m5 2422 -0.298547924 0.5 p1 5 1
356 2965 m3 4211 -0.311342746 0.5 p1 5 1
358 2966 m4 5398 -0.723189354 0.5 p1 5 1
359 2967 m5 3201 -0.5 0.5 p1 5 1
361 2968 m5 3393 0.445662498 0.5 p1 5 1
362 2969 m5 2612 0.200518101 0.5 p1 5 1
363 2970 m2 1981 0.554437995 0.5 p1 5 1
364 2971 m1 104 0.67364198 0.5 p1 5 1
366 2972 m5 2753 -0.220449552 0.5 p1 5 1
367 2973 m5 2369 0.496715546 0.5 p1 5 1
370 2974 m4 5455 0.130396649 0.5 p1 5 1
371 2975 m1 466 -0.581975937 0.5 p1 5 1
372 2976 m3 3593 -0.5 0.5 p1 5 1
374 2977 m2 2072 -0.457109332 0.5 p1 5 1
375 2978 m2 1502 0.750840068 0.5 p1 5 1
376 2979 m4 4876 -0.5 0.5 p1 5 1
377 2980 m4 4893 0.431759685 0.5 p1 5 1
378 2981 m2 1293 0.373643875 0.5 p1 5 1
379 2982 m5 2332 0.193210527 0.5 p1 5 1
380 2983 m3 3898 -0.33919847 0.5 p1 5 1
381 2984 m1 1066 -0.0956991687 0.5 p1 5 1
383 2985 m1 364 0.17357713 0.5 p1 5 1
384 2986 m4 5426 0.339501143 0.5 p1 5 1
388 2987 m1 286 -0.106647938 0.5 p1 5 1
389 2988 m2 2037 0.182946712 0.5 p1 5 1
390 2989 m2 1494 0.0464522056 0.5 p1 5 1
391 2990 m3 3964 0.600879014 0.5 p1 5 1
392 2991 m5 3333 -0.553077698 0.5 p1 5 1
393 2992 m2 1249 -0.443541914 0.5 p1 5 1
394 2993 m1 1018 0.309561044 0.5 p1 5 1
395 2994 m3 4392 0.655887187 0.5 p1 5 1
397 2995 m5 3118 -0.132252172 0.5 p1 5 1
399 2996 m5 4483 0.00752867199 0.5 p1 5 1
401 2997 m5 3290 0.777439117 0.5 p1 5 1
402 2998 m1 1029 -0.291486681 0.5 p1 5 1
405 2999 m3 4289 -0.201385602 0.5 p1 5 1
406 3000 m5 2261 -0.217352971 0.5 p1 5 1
407 3001 m3 4322 0.319705397 0.5 p1 5 1
408 3002 m3 3881 0.572566628 0.5 p1 5 1
409 3003 m3 3658 -0.386947393 0.5 p1 5 1
410 3004 m2 1931 -0.370615065 0.5 p1 5 1
411 3005 m5 3353 -0.376917571 0.5 p1 5 1
414 3006 m4 5435 0.353161454 0.5 p1 5 1
415 3007 m3 4246 -0.241727114 0.5 p1 5 1
417 3008 m3 3557 0.209804952 0.5 p1 5 1
419 3009 m2 1309 0.273506105 0.5 p1 5 1
420 3010 m2 1732 0.523156703 0.5 p1 5 1
421 3011 m2 1400 0.218882173 0.5 p1 5 1
422 3012 m1 393 -0.709929705 0.5 p1 5 1
425 3013 m2 1296 0.276626676 0.5 p1 5 1
429 3014 m2 2088 -0.799137592 0.5 p1 5 1
431 3015 m2 1956 -0.324290216 0.5 p1 5 1
432 3016 m3 3710 -0.235386565 0.5 p1 5 1
433 3017 m2 1503 0.0368762054 0.5 p1 5 1
435 3018 m3 4166 0.132067919 0.5 p1 5 1
438 3019 m2 1784 0.366157055 0.5 p1 5 1
439 3020 m5 5566 -0.0375550687 0.5 p1 5 1
440 3021 m3 3508 0.330388665 0.5 p1 5 1
441 3022 m5 4410 0.300871253 0.5 p1 5 1
442 3023 m5 2261 0.403682381 0.5 p1 5 1
443 3024 m3 3760 -0.345007867 0.5 p1 5 1
444 3025 m5 3046 0.726927638 0.5 p1 5 1
445 3026 m5 2423 -0.234675914 0.5 p1 5 1
447 3027 m5 2649 -0.820533156 0.5 p1 5 1
448 3028 m1 162 -0.123651974 0.5 p1 5 1
449 3029 m1 664 0.233742878 0.5 p1 5 1
451 3030 m3 4011 -0.214623496 0.5 p1 5 1
452 3031 m5 2689 0.142751098 0.5 p1 5 1
453 3032 m1 752 0.416732848 0.5 p1 5 1
454 3033 m5 3057 -0.126679227 0.5 p1 5 1
455 3034 m5 2216 0.41126278 0.5 p1 5 1
456 3035 m4 4755 -0.59215498 0.5 p1 5 1
457 3036 m5 2569 0.241084576 0.5 p1 5 1
458 3037 m1 900 -0.498588681 0.5 p1 5 1
461 3038 m1 359 0.5 0.5 p1 5 1
462 3039 m5 4412 -0.382669508 0.5 p1 5 1
463 3040 m2 1387 -0.139592245 0.5 p1 5 1
464 3041 m2 2069 -0.403308183 0.5 p1 5 1
465 3042 m5 5522 -0.0127058811 0.5 p1 5 1
466 3043 m2 1632 0.00551424222 0.5 p1 5 1
467 3044 m5 2838 0.0888053328 0.5 p1 5 1
468 3045 m5 5500 0.304395318 0.5 p1 5 1
469 3046 m4 5115 0.468484581 0.5 p1 5 1
470 3047 m5 2873 0.92287457 0.5 p1 5 1
473 3048 m2 2149 -0.200607538 0.5 p1 5 1
474 3049 m2 2018 -0.5 0.5 p1 5 1
476 3050 m1 895 0.098909393 0.5 p1 5 1
477 3051 m3 3624 -0.285104334 0.5 p1 5 1
478 3052 m4 4839 0.861009955 0.5 p1 5 1
480 3053 m3 3416 0.599069893 0.5 p1 5 1
481 3054 m3 3986 -0.196100667 0.5 p1 5 1
482 3055 m5 2632 0.347365171 0.5 p1 5 1
483 3056 m1 399 -0.0180700663 0.5 p1 5 1
484 3057 m3 3599 0.145662382 0.5 p1 5 1
485 3058 m1 137 0.0428890549 0.5 p1 5 1
486 3059 m5 1113 0.876691282 0.5 p1 5 1
487 3060 m4 5412 0.103993148 0.5 p1 5 1
488 3061 m1 350 -0.407348871 0.5 p1 5 1
489 3062 m3 3474 -0.0417445675 0.5 p1 5 1
491 3063 m4 5123 -0.174468592 0.5 p1 5 1
493 3064 m5 2615 0.383508474 0.5 p1 5 1
494 3065 m1 122 0.502536952 0.5 p1 5 1
495 3066 m3 3967 0.404754668 0.5 p1 5 1
499 3067 m1 260 0.0156638268 0.5 p1 5 1
500 3068 m3 4309 -0.323679835 0.5 p1 5 1
503 3069 m5 2959 -0.245737284 0.5 p1 5 1
504 3070 m3 4299 -0.18797642 0.5 p1 5 1
506 3071 m1 523 -0.0792774335 0.5 p1 5 1
507 3072 m4 5351 0.0999002904 0.5 p1 5 1
509 3073 m3 4003 0.298885882 0.5 p1 5 1
510 3074 m2 1839 -0.303580374 0.5 p1 5 1
513 3075 m1 1000 -0.193614438 0.5 p1 5 1
514 3076 m4 4574 0.305364519 0.5 p1 5 1
515 3077 m1 997 0.5 0.5 p1 5 1
517 3078 m5 2959 0.172061384 0.5 p1 5 1
518 3079 m3 3654 -0.0188275296 0.5 p1 5 1
519 3080 m5 2424 0.449756354 0.5 p1 5 1
520 3081 m5 2531 0.40943101 0.5 p1 5 1
521 3082 m1 503 0.264544636 0.5 p1 5 1
522 3083 m5 3330 0.451804668 0.5 p1 5 1
523 3084 m4 4845 0.332446724 0.5 p1 5 1
524 3085 m1 199 0.356675655 0.5 p1 5 1
526 3086 m3 3425 0.436570078 0.5 p1 5 1
527 3087 m5 3190 -0.392755359 0.5 p1 5 1
528 3088 m2 1239 0.422028005 0.5 p1 5 1
529 3089 m2 1738 -0.714758754 0.5 p1 5 1
530 3090 m5 2499 0.147948191 0.5 p1 5 1
531 3091 m3 4304 0.111384422 0.5 p1 5 1
532 3092 m5 2415 -0.998895168 0.5 p1 5 1
533 3093 m3 4083 0.0139103895 0.5 p1 5 1
534 3094 m3 4015 0.5 0.5 p1 5 1
536 3095 m2 1904 0.133864641 0.5 p1 5 1
537 3096 m3 4036 0.504720688 0.5 p1 5 1
539 3097 m3 3828 0.417167276 0.5 p1 5 1
540 3098 m2 1977 0.0105658434 0.5 p1 5 1
542 3099 m2 1611 -0.352557868 0.5 p1 5 1
543 3100 m5 4444 -0.655038834 0.5 p1 5 1
544 3101 m4 4762 -0.5 0.5 p1 5 1
545 3102 m5 2275 -0.73772198 0.5 p1 5 1
546 3103 m4 4572 -0.120737284 0.5 p1 5 1
547 3104 m3 4025 0.133019075 0.5 p1 5 1
548 3105 m5 1110 0.400794983 0.5 p1 5 1
549 3106 m2 1605 0.49081558 0.5 p1 5 1
550 3107 m5 2750 0.0762076974 0.5 p1 5 1
551 3108 m3 4170 0.5 0.5 p1 5 1
552 3109 m2 1345 0.121293746 0.5 p1 5 1
553 3110 m3 4320 0.465689808 0.5 p1 5 1
554 3111 m3 4223 -0.368152559 0.5 p1 5 1
555 3112 m5 4479 -0.216952458 0.5 p1 5 1
556 3113 m5 2635 0.580779612 0.5 p1 5 1
557 3114 m3 3924 -0.574748039 0.5 p1 5 1
558 3115 m4 5028 0.527721405 0.5 p1 5 1
559 3116 m4 4680 -0.108963579 0.5 p1 5 1
560 3117 m5 5579 -0.65404743 0.5 p1 5 1
561 3118 m3 3652 -0.422378182 0.5 p1 5 1
562 3119 m5 65 0.630628645 0.5 p1 5 1
563 3120 m1 511 -0.0589188002 0.5 p1 5 1
564 3121 m5 3284 -0.120622672 0.5 p1 5 1
565 3122 m4 5067 -0.488722533 0.5 p1 5 1
566 3123 m1 209 -0.264951855 0.5 p1 5 1
567 3124 m3 3665 0.229428142 0.5 p1 5 1
568 3125 m5 73 0.193920985 0.5 p1 5 1
569 3126 m2 1830 -0.644338548 0.5 p1 5 1
570 3127 m4 4565 0.428902924 0.5 p1 5 1
573 3128 m5 1102 -0.546196461 0.5 p1 5 1
574 3129 m3 3921 0.252845407 0.5 p1 5 1
575 3130 m5 2725 0.0540031344 0.5 p1 5 1
576 3131 m2 2053 0.65856874 0.5 p1 5 1
577 3132 m5 2578 -0.83377558 0.5 p1 5 1
578 3133 m4 4764 0.523099184 0.5 p1 5 1
579 3134 m1 137 0.493743181 0.5 p1 5 1
580 3135 m2 1829 0.166727006 0.5 p1 5 1
581 3136 m5 2974 -0.483100593 0.5 p1 5 1
583 3137 m1 395 0.608440936 0.5 p1 5 1
584 3138 m5 3121 0.40572232 0.5 p1 5 1
587 3139 m2 1979 -0.260152221 0.5 p1 5 1
588 3140 m5 2514 -0.412344217 0.5 p1 5 1
589 3141 m3 4206 0.462325454 0.5 p1 5 1
591 3142 m5 2202 -0.241388559 0.5 p1 5 1
592 3143 m5 3031 0.0167646687 0.5 p1 5 1
593 3144 m4 4844 0.5 0.5 p1 5 1
594 3145 m5 2973 0.735148489 0.5 p1 5 1
595 3146 m2 1268 0.582163513 0.5 p1 5 1
596 3147 m4 5296 0.532567084 0.5 p1 5 1
597 3148 m2 2186 -0.0550699234 0.5 p1 5 1
598 3149 m3 3445 0.291446 0.5 p1 5 1
599 3150 m3 3543 0.77181828 0.5 p1 5 1
601 3151 m5 1180 0.0561703593 0.5 p1 5 1
602 3152 m5 2609 -0.975724399 0.5 p1 5 1
603 3153 m3 4002 -0.268238038 0.5 p1 5 1
604 3154 m2 1784 -0.564022243 0.5 p1 5 1
605 3155 m1 770 0.25478375 0.5 p1 5 1
606 3156 m4 4920 0.21310772 0.5 p1 5 1
608 3157 m3 3666 -0.310081065 0.5 p1 5 1
609 3158 m5 2352 -0.0654911026 0.5 p1 5 1
611 3159 m5 2869 -0.618129849 0.5 p1 5 1
612 3160 m3 3447 0.433270067 0.5 p1 5 1
613 3161 m1 215 0.770250797 0.5 p1 5 1
614 3162 m2 2192 0.932534754 0.5 p1 5 1
616 3163 m1 680 -0.349733233 0.5 p1 5 1
617 3164 m2 1415 -0.280698329 0.5 p1 5 1
618 3165 m2 1462 -0.0526461489 0.5 p1 5 1
619 3166 m1 791 0.5 0.5 p1 5 1
621 3167 m1 109 -0.380656213 0.5 p1 5 1
622 3168 m2 2014 0.59607625 0.5 p1 5 1
624 3169 m2 1493 -0.0417162292 0.5 p1 5 1
625 3170 m5 95 0.221323878 0.5 p1 5 1
626 3171 m5 3284 -0.463300705 0.5 p1 5 1
627 3172 m1 607 0.0528916493 0.5 p1 5 1
629 3173 m4 4531 -0.803299308 0.5 p1 5 1
630 3174 m2 2020 0.218261138 0.5 p1 5 1
633 3175 m1 1052 0.238362327 0.5 p1 5 1
634 3176 m5 2326 -0.480057448 0.5 p1 5 1
635 3177 m4 5304 0.214983702 0.5 p1 5 1
636 3178 m1 207 -0.0333374552 0.5 p1 5 1
637 3179 m2 1602 0.644955516 0.5 p1 5 1
640 3180 m3 3507 -0.511881351 0.5 p1 5 1
641 3181 m1 749 -0.149235159 0.5 p1 5 1
642 3182 m2 2063 0.5 0.5 p1 5 1
643 3183 m4 5096 0.205446884 0.5 p1 5 1
644 3184 m2 2109 -0.00794357806 0.5 p1 5 1
645 3185 m5 2610 -0.688471735 0.5 p1 5 1
646 3186 m5 2635 -0.00388093363 0.5 p1 5 1
647 3187 m4 5338 -0.814153314 0.5 p1 5 1
648 3188 m1 414 -0.175471187 0.5 p1 5 1
649 3189 m5 2217 -0.440196633 0.5 p1 5 1
650 3190 m5 2466 -0.613466322 0.5 p1 5 1
653 3191 m2 1492 0.328409076 0.5 p1 5 1
654 3192 m1 939 -0.5 0.5 p1 5 1
655 3193 m4 4650 0.0439722352 0.5 p1 5 1
657 3194 m5 2982 0.217962325 0.5 p1 5 1
658 3195 m4 4545 0.28751573 0.5 p1 5 1
659 3196 m1 694 -0.35497281 0.5 p1 5 1
661 3197 m5 3214 -0.596766114 0.5 p1 5 1
662 3198 m1 596 -0.266174346 0.5 p1 5 1
663 3199 m5 1102 0.43880567 0.5 p1 5 1
665 3200 m1 841 0.259016216 0.5 p1 5 1
666 3201 m2 1583 -0.304055303 0.5 p1 5 1
667 3202 m4 5164 0.373286426 0.5 p1 5 1
668 3203 m4 4913 0.944222867 0.5 p1 5 1
669 3204 m5 60 0.227354288 0.5 p1 5 1
670 3205 m1 561 0.277313739 0.5 p1 5 1
671 3206 m1 481 -0.736518264 0.5 p1 5 1
672 3207 m5 3370 -0.296014667 0.5 p1 5 1
673 3208 m4 4657 -0.0584939644 0.5 p1 5 1
674 3209 m3 4314 -0.214621201 0.5 p1 5 1
678 3210 m2 1459 0.0930133834 0.5 p1 5 1
680 3211 m2 1518 0.541186452 0.5 p1 5 1
681 3212 m4 5292 -0.570104718 0.5 p1 5 1
682 3213 m2 1210 0.632026196 0.5 p1 5 1
683 3214 m5 2618 0.659465015 0.5 p1 5 1
684 3215 m2 1888 -0.531393945 0.5 p1 5 1
686 3216 m5 8 -0.761342824 0.5 p1 5 1
687 3217 m5 1195 0.337974817 0.5 p1 5 1
688 3218 m2 1215 0.484200388 0.5 p1 5 1
689 3219 m5 2618 0.601373196 0.5 p1 5 1
691 3220 m4 5353 -0.666508257 0.5 p1 5 1
692 3221 m5 2981 0.495628804 0.5 p1 5 1
693 3222 m2 2077 0.674466789 0.5 p1 5 1
694 3223 m3 3920 -0.518658221 0.5 p1 5 1
695 3224 m2 1564 -0.60710156 0.5 p1 5 1
698 3225 m2 1849 -0.00517858472 0.5 p1 5 1
699 3226 m4 4884 0.118942007 0.5 p1 5 1
700 3227 m1 518 -0.226314127 0.5 p1 5 1
701 3228 m3 3677 0.16696088 0.5 p1 5 1
702 3229 m2 1460 -0.00774289621 0.5 p1 5 1
703 3230 m2 1556 -0.0427284501 0.5 p1 5 1
704 3231 m5 3025 -0.245027363 0.5 p1 5 1
705 3232 m1 215 0.460420281 0.5 p1 5 1
706 3233 m5 4480 0.174389511 0.5 p1 5 1
707 3234 m5 2583 -0.333538473 0.5 p1 5 1
708 3235 m3 3952 0.133427456 0.5 p1 5 1
709 3236 m2 2197 0.5 0.5 p1 5 1
710 3237 m4 4853 -0.666774154 0.5 p1 5 1
711 3238 m4 5332 0.331260562 0.5 p1 5 1
712 3239 m3 3883 0.785234332 0.5 p1 5 1
713 3240 m1 409 -0.563375652 0.5 p1 5 1
715 3241 m3 4099 0.633990943 0.5 p1 5 1
718 3242 m5 3387 -0.392592669 0.5 p1 5 1
719 3243 m3 4290 0.538548231 0.5 p1 5 1
720 3244 m3 3700 -0.538136482 0.5 p1 5 1
721 3245 m3 3701 0.566925824 0.5 p1 5 1
722 3246 m4 4596 -0.514395058 0.5 p1 5 1
723 3247 m5 4420 0.149516582 0.5 p1 5 1
724 3248 m5 2337 -0.493860215 0.5 p1 5 1
725 3249 m5 3236 0.217455611 0.5 p1 5 1
726 3250 m4 5429 0.671428442 0.5 p1 5 1
727 3251 m5 1102 0.0198683683 0.5 p1 5 1
728 3252 m5 2647 0.32739225 0.5 p1 5 1
729 3253 m4 4856 -0.123911515 0.5 p1 5 1
730 3254 m5 4445 -0.112457708 0.5 p1 5 1
731 3255 m5 2628 0.0253642127 0.5 p1 5 1
733 3256 m1 272 0.5 0.5 p1 5 1
734 3257 m1 831 0.5 0.5 p1 5 1
735 3258 m5 2438 -0.543289602 0.5 p1 5 1
736 3259 m2 1349 -0.409534842 0.5 p1 5 1
737 3260 m4 5267 0.153171793 0.5 p1 5 1
738 3261 m5 1177 0.717540741 0.5 p1 5 1
739 3262 m5 2240 -0.300924033 0.5 p1 5 1
740 3263 m5 3144 -0.581153035 0.5 p1 5 1
741 3264 m4 4721 -0.0405010246 0.5 p1 5 1
742 3265 m5 2760 0.115890458 0.5 p1 5 1
743 3266 m5 2959 0.266417891 0.5 p1 5 1
744 3267 m4 5283 0.534394503 0.5 p1 5 1
745 3268 m5 2519 -0.30212304 0.5 p1 5 1
746 3269 m1 495 0.3084158 0.5 p1 5 1
747 3270 m2 1542 0.5 0.5 p1 5 1
748 3271 m5 2602 -0.455559999 0.5 p1 5 1
749 3272 m5 1152 -0.0364497453 0.5 p1 5 1
750 3273 m4 4519 0.137499332 0.5 p1 5 1
751 3274 m5 3387 -0.321771652 0.5 p1 5 1
752 3275 m2 1269 0.0043685846 0.5 p1 5 1
753 3276 m5 2623 -0.396349192 0.5 p1 5 1
754 3277 m4 4775 -0.73363328 0.5 p1 5 1
755 3278 m5 2306 0.227872074 0.5 p1 5 1
756 3279 m4 5129 -0.220888168 0.5 p1 5 1
757 3280 m1 840 0.541062355 0.5 p1 5 1
758 3281 m5 2390 -0.0370892584 0.5 p1 5 1
759 3282 m2 1300 -0.104429089 0.5 p1 5 1
760 3283 m2 1656 0.867764533 0.5 p1 5 1
761 3284 m5 1156 0.679138482 0.5 p1 5 1
762 3285 m5 5590 -0.458425254 0.5 p1 5 1
763 3286 m4 4692 0.307999492 0.5 p1 5 1
764 3287 m5 2943 0.0277835187 0.5 p1 5 1
765 3288 m5 3351 -0.576672971 0.5 p1 5 1
766 3289 m4 4738 -0.440774679 0.5 p1 5 1
767 3290 m4 4820 0.00799512677 0.5 p1 5 1
769 3291 m1 1016 0.566933632 0.5 p1 5 1
770 3292 m5 2582 -0.172838748 0.5 p1 5 1
771 3293 m5 2907 0.374063849 0.5 p1 5 1
772 3294 m2 1934 0.0676395297 0.5 p1 5 1
773 3295 m3 3815 0.337596387 0.5 p1 5 1
774 3296 m5 2566 0.167188615 0.5 p1 5 1
776 3297 m3 3651 0.77099669 0.5 p1 5 1
777 3298 m4 5322 -0.395572037 0.5 p1 5 1
778 3299 m4 4953 -0.0648476705 0.5 p1 5 1
779 3300 m4 5429 0.575089633 0.5 p1 5 1
780 3301 m5 2832 0.0809354112 0.5 p1 5 1
781 3302 m3 4097 -0.55335325 0.5 p1 5 1
782 3303 m4 4698 0.303068221 0.5 p1 5 1
783 3304 m4 5286 -0.966201544 0.5 p1 5 1
784 3305 m4 4530 -0.193147883 0.5 p1 5 1
785 3306 m5 2604 0.438590646 0.5 p1 5 1
786 3307 m5 84 0.496902496 0.5 p1 5 1
787 3308 m5 3073 -0.47665903 0.5 p1 5 1
788 3309 m4 4956 0.0694362968 0.5 p1 5 1
789 3310 m1 601 0.00735597499 0.5 p1 5 1
790 3311 m4 4556 0.561705232 0.5 p1 5 1
791 3312 m3 3749 0.640228629 0.5 p1 5 1
792 3313 m5 1104 -0.143274024 0.5 p1 5 1
793 3314 m4 5045 0.0551108606 0.5 p1 5 1
794 3315 m2 1278 -0.351783246 0.5 p1 5 1
795 3316 m3 3890 -0.555761158 0.5 p1 5 1
796 3317 m1 880 -0.482678145 0.5 p1 5 1
797 3318 m4 4509 -0.252892405 0.5 p1 5 1
798 3319 m2 1763 -0.736726284 0.5 p1 5 1
799 3320 m1 914 -0.443662494 0.5 p1 5 1
800 3321 m4 5377 0.158400342 0.5 p1 5 1
801 3322 m2 1771 0.324927628 0.5 p1 5 1
802 3323 m4 5195 0.449634701 0.5 p1 5 1
804 3324 m4 5282 -0.5 0.5 p1 5 1
805 3325 m2 1211 -0.186992064 0.5 p1 5 1
806 3326 m4 5386 -0.25358817 0.5 p1 5 1
807 3327 m1 686 -0.223749638 0.5 p1 5 1
808 3328 m5 2891 -0.0494552739 0.5 p1 5 1
809 3329 m2 1949 -0.540886283 0.5 p1 5 1
811 3330 m5 1185 -0.853327036 0.5 p1 5 1
812 3331 m5 2980 0.0683667287 0.5 p1 5 1
813 3332 m3 4205 0.111763172 0.5 p1 5 1
814 3333 m2 1387 -0.49525094 0.5 p1 5 1
815 3334 m3 4105 -0.359498978 0.5 p1 5 1
816 3335 m1 181 0.666373074 0.5 p1 5 1
817 3336 m5 2724 -0.0081171263 0.5 p1 5 1
818 3337 m4 4640 0.786184371 0.5 p1 5 1
819 3338 m4 4815 0.0321148187 0.5 p1 5 1
820 3339 m5 3102 0.97359544 0.5 p1 5 1
821 3340 m3 3708 0.450562119 0.5 p1 5 1
822 3341 m1 266 0.5 0.5 p1 5 1
823 3342 m5 2378 -0.437565535 0.5 p1 5 1
824 3343 m3 4231 -0.097574465 0.5 p1 5 1
825 3344 m2 2023 -0.135437608 0.5 p1 5 1
826 3345 m5 2848 0.274355978 0.5 p1 5 1
827 3346 m5 3384 0.324765563 0.5 p1 5 1
828 3347 m5 2739 0.406223327 0.5 p1 5 1
829 3348 m2 1746 0.086836569 0.5 p1 5 1
830 3349 m5 1159 0.0519321598 0.5 p1 5 1
831 3350 m4 4973 0.423469096 0.5 p1 5 1
832 3351 m5 2306 -0.491725594 0.5 p1 5 1
833 3352 m3 3735 0.59517765 0.5 p1 5 1
834 3353 m2 1538 -0.0928387567 0.5 p1 5 1
835 3354 m3 3599 0.778210461 0.5 p1 5 1
836 3355 m4 4841 0.00971929636 0.5 p1 5 1
838 3356 m3 4324 -0.102360182 0.5 p1 5 1
839 3357 m1 699 0.351579159 0.5 p1 5 1
840 3358 m3 3955 0.109204784 0.5 p1 5 1
841 3359 m5 4406 0.386150867 0.5 p1 5 1
843 3360 m5 2837 -0.0844044015 0.5 p1 5 1
846 3361 m5 2692 -0.536508262 0.5 p1 5 1
847 3362 m4 4500 -0.246762544 0.5 p1 5 1
848 3363 m2 1217 -0.5 0.5 p1 5 1
849 3364 m4 4679 0.319780976 0.5 p1 5 1
850 3365 m4 4661 0.752945006 0.5 p1 5 1
851 3366 m3 3811 -0.369854391 0.5 p1 5 1
852 3367 m5 3176 -0.314396858 0.5 p1 5 1
854 3368 m4 5013 -0.218215972 0.5 p1 5 1
855 3369 m1 405 0.135031536 0.5 p1 5 1
856 3370 m5 2428 -0.5 0.5 p1 5 1
857 3371 m1 347 -0.5 0.5 p1 5 1
858 3372 m5 2382 -0.860607624 0.5 p1 5 1
859 3373 m5 2917 0.23982504 0.5 p1 5 1
860 3374 m2 1307 -0.5 0.5 p1 5 1
862 3375 m2 1254 0.148086965 0.5 p1 5 1
863 3376 m5 3164 0.398941398 0.5 p1 5 1
864 3377 m3 4206 -0.963532865 0.5 p1 5 1
865 3378 m2 1697 0.428844333 0.5 p1 5 1
866 3379 m5 2798 -0.0332024023 0.5 p1 5 1
867 3380 m1 330 0.50684011 0.5 p1 5 1
868 3381 m2 1410 -0.408792675 0.5 p1 5 1
869 3382 m5 2680 0.656874061 0.5 p1 5 1
870 3383 m3 3748 -0.231483087 0.5 p1 5 1
871 3384 m4 4801 0.126381665 0.5 p1 5 1
872 3385 m4 4880 0.394619584 0.5 p1 5 1
873 3386 m5 2634 0.746542394 0.5 p1 5 1
875 3387 m1 793 0.773459256 0.5 p1 5 1
876 3388 m4 4621 0.269684494 0.5 p1 5 1
878 3389 m3 3897 0.836178243 0.5 p1 5 1
879 3390 m5 4489 0.362523943 0.5 p1 5 1
880 3391 m4 5142 -0.460569233 0.5 p1 5 1
881 3392 m4 5312 0.283887178 0.5 p1 5 1
882 3393 m2 1608 -0.498669863 0.5 p1 5 1
883 3394 m2 1849 -0.34460333 0.5 p1 5 1
884 3395 m5 3262 -0.936394751 0.5 p1 5 1
885 3396 m5 2665 -0.413381606 0.5 p1 5 1
886 3397 m3 3608 0.417034268 0.5 p1 5 1
887 3398 m3 4108 0.0522939824 0.5 p1 5 1
888 3399 m4 5284 0.584611714 0.5 p1 5 1
889 3400 m4 4914 0.141216785 0.5 p1 5 1
890 3401 m5 3014 -0.369512916 0.5 p1 5 1
891 3402 m1 809 0.333227277 0.5 p1 5 1
892 3403 m2 1718 -0.5 0.5 p1 5 1
893 3404 m5 2774 0.257044405 0.5 p1 5 1
894 3405 m2 1904 0.134050295 0.5 p1 5 1
895 3406 m4 5232 0.462225407 0.5 p1 5 1
896 3407 m5 2619 -0.230892152 0.5 p1 5 1
897 3408 m2 1511 -0.282742947 0.5 p1 5 1
898 3409 m5 3207 0.17324385 0.5 p1 5 1
899 3410 m5 3383 -0.270129055 0.5 p1 5 1
900 3411 m4 4713 0.116933443 0.5 p1 5 1
901 3412 m2 1819 -0.048123315 0.5 p1 5 1
902 3413 m3 4043 0.520632565 0.5 p1 5 1
903 3414 m4 4741 -0.77020514 0.5 p1 5 1
904 3415 m4 5233 -0.625303626 0.5 p1 5 1
905 3416 m5 16 0.882864833 0.5 p1 5 1
906 3417 m4 5140 0.222552329 0.5 p1 5 1
907 3418 m5 3324 0.160464466 0.5 p1 5 1
908 3419 m3 4038 -0.0505630486 0.5 p1 5 1
909 3420 m4 4830 -0.755756736 0.5 p1 5 1
910 3421 m3 4112 0.461813122 0.5 p1 5 1
911 3422 m4 4506 -0.697301626 0.5 p1 5 1
912 3423 m1 808 -0.24606885 0.5 p1 5 1
913 3424 m5 1145 -0.5 0.5 p1 5 1
914 3425 m2 2128 -0.553075194 0.5 p1 5 1
915 3426 m5 2626 -0.192237884 0.5 p1 5 1
916 3427 m3 3823 0.0803190917 0.5 p1 5 1
917 3428 m1 994 0.558824122 0.5 p1 5 1
918 3429 m5 2453 -0.319596291 0.5 p1 5 1
919 3430 m3 4325 -0.558735251 0.5 p1 5 1
920 3431 m2 1619 -0.137945026 0.5 p1 5 1
921 3432 m2 1841 -0.134726465 0.5 p1 5 1
922 3433 m2 1658 -0.46893993 0.5 p1 5 1
923 3434 m3 4399 0.312402517 0.5 p1 5 1
924 3435 m5 3044 -0.169424802 0.5 p1 5 1
925 3436 m5 2787 -0.541734099 0.5 p1 5 1
926 3437 m2 2130 0.687141716 0.5 p1 5 1
927 3438 m2 1263 0.975313187 0.5 p1 5 1
929 3439 m4 5309 -0.5 0.5 p1 5 1
930 3440 m4 5461 0.633541942 0.5 p1 5 1
931 3441 m5 4 0.452131689 0.5 p1 5 1
932 3442 m4 4519 -0.157205686 0.5 p1 5 1
933 3443 m2 1364 -0.06993673 0.5 p1 5 1
934 3444 m4 5368 0.126962498 0.5 p1 5 1
935 3445 m4 4826 -0.403617561 0.5 p1 5 1
936 3446 m1 890 -0.225408003 0.5 p1 5 1
937 3447 m5 2780 -0.0947660059 0.5 p1 5 1
938 3448 m3 3933 0.0932034552 0.5 p1 5 1
939 3449 m1 580 -0.365171909 0.5 p1 5 1
940 3450 m3 3960 0.144592091 0.5 p1 5 1
941 3451 m4 5411 -0.753648877 0.5 p1 5 1
942 3452 m5 4486 0.534162641 0.5 p1 5 1
943 3453 m1 1029 0.327230901 0.5 p1 5 1
944 3454 m4 5315 0.0849418566 0.5 p1 5 1
945 3455 m1 488 0.497884601 0.5 p1 5 1
947 3456 m1 417 0.434699863 0.5 p1 5 1
948 3457 m3 4066 0.642635822 0.5 p1 5 1
949 3458 m4 4701 -0.5 0.5 p1 5 1
951 3459 m5 2628 -0.858693659 0.5 p1 5 1
952 3460 m4 4539 0.474223971 0.5 p1 5 1
953 3461 m4 5022 0.0703362375 0.5 p1 5 1
954 3462 m4 5278 -0.126306206 0.5 p1 5 1
955 3463 m1 811 0.417031437 0.5 p1 5 1
957 3464 m5 2641 0.293723643 0.5 p1 5 1
959 3465 m5 2488 0.30879271 0.5 p1 5 1
960 3466 m5 3239 0.0261162873 0.5 p1 5 1
961 3467 m5 5559 -0.0353858247 0.5 p1 5 1
962 3468 m3 4259 0.322241217 0.5 p1 5 1
963 3469 m2 1210 0.516088367 0.5 p1 5 1
Individuals:
p1:i0 H p1:0 p1:1
p1:i1 H p1:2 p1:3
p1:i2 H p1:4 p1:5
p1:i3 H p1:6 p1:7
p1:i4 H p1:8 p1:9
p1:i5 H p1:10 p1:11
p1:i6 H p1:12 p1:13
p1:i7 H p1:14 p1:15
p1:i8 H p1:16 p1:17
p1:i9 H p1:18 p1:19
p1:i10 H p1:20 p1:21
p1:i11 H p1:22 p1:23
p1:i12 H p1:24 p1:25
p1:i13 H p1:26 p1:27
p1:i14 H p1:28 p1:29
p1:i15 H p1:30 p1:31
p1:i16 H p1:32 p1:33
p1:i17 H p1:34 p1:35
p1:i18 H p1:36 p1:37
p1:i19 H p1:38 p1:39
p1:i20 H p1:40 p1:41
p1:i21 H p1:42 p1:43
p1:i22 H p1:44 p1:45
p1:i23 H p1:46 p1:47
p1:i24 H p1:48 p1:49
p1:i25 H p1:50 p1:51
p1:i26 H p1:52 p1:53
p1:i27 H p1:54 p1:55
p1:i28 H p1:56 p1:57
p1:i29 H p1:58 p1:59
p1:i30 H p1:60 p1:61
p1:i31 H p1:62 p1:63
p1:i32 H p1:64 p1:65
p1:i33 H p1:66 p1:67
p1:i34 H p1:68 p1:69
p1:i35 H p1:70 p1:71
p1:i36 H p1:72 p1:73
p1:i37 H p1:74 p1:75
p1:i38 H p1:76 p1:77
p1:i39 H p1:78 p1:79
p1:i40 H p1:80 p1:81
p1:i41 H p1:82 p1:83
p1:i42 H p1:84 p1:85
p1:i43 H p1:86 p1:87
p1:i44 H p1:88 p1:89
p1:i45 H p1:90 p1:91
p1:i46 H p1:92 p1:93
p1:i47 H p1:94 p1:95
p1:i48 H p1:96 p1:97
p1:i49 H p1:98 p1:99
p1:i50 H p1:100 p1:101
p1:i51 H p1:102 p1:103
p1:i52 H p1:104 p1:105
p1:i53 H p1:106 p1:107
p1:i54 H p1:108 p1:109
p1:i55 H p1:110 p1:111
p1:i56 H p1:112 p1:113
p1:i57 H p1:114 p1:115
p1:i58 H p1:116 p1:117
p1:i59 H p1:118 p1:119
p1:i60 H p1:120 p1:121
p1:i61 H p1:122 p1:123
p1:i62 H p1:124 p1:125
p1:i63 H p1:126 p1:127
p1:i64 H p1:128 p1:129
p1:i65 H p1:130 p1:131
p1:i66 H p1:132 p1:133
p1:i67 H p1:134 p1:135
p1:i68 H p1:136 p1:137
p1:i69 H p1:138 p1:139
p1:i70 H p1:140 p1:141
p1:i71 H p1:142 p1:143
p1:i72 H p1:144 p1:145
p1:i73 H p1:146 p1:147
p1:i74 H p1:148 p1:149
p1:i75 H p1:150 p1:151
p1:i76 H p1:152 p1:153
p1:i77 H p1:154 p1:155
p1:i78 H p1:156 p1:157
p1:i79 H p1:158 p1:159
p1:i80 H p1:160 p1:161
p1:i81 H p1:162 p1:163
p1:i82 H p1:164 p1:165
p1:i83 H p1:166 p1:167
p1:i84 H p1:168 p1:169
p1:i85 H p1:170 p1:171
p1:i86 H p1:172 p1:173
p1:i87 H p1:174 p1:175
p1:i88 H p1:176 p1:177
p1:i89 H p1:178 p1:179
p1:i90 H p1:180 p1:181
p1:i91 H p1:182 p1:183
p1:i92 H p1:184 p1:185
p1:i93 H p1:186 p1:187
p1:i94 H p1:188 p1:189
p1:i95 H p1:190 p1:191
p1:i96 H p1:192 p1:193
p1:i97 H p1:194 p1:195
p1:i98 H p1:196 p1:197
p1:i99 H p1:198 p1:199
p1:i100 H p1:200 p1:201
p1:i101 H p1:202 p1:203
p1:i102 H p1:204 p1:205
p1:i103 H p1:206 p1:207
p1:i104 H p1:208 p1:209
p1:i105 H p1:210 p1:211
p1:i106 H p1:212 p1:213
p1:i107 H p1:214 p1:215
p1:i108 H p1:216 p1:217
p1:i109 H p1:218 p1:219
p1:i110 H p1:220 p1:221
p1:i111 H p1:222 p1:223
p1:i112 H p1:224 p1:225
p1:i113 H p1:226 p1:227
p1:i114 H p1:228 p1:229
p1:i115 H p1:230 p1:231
p1:i116 H p1:232 p1:233
p1:i117 H p1:234 p1:235
p1:i118 H p1:236 p1:237
p1:i119 H p1:238 p1:239
p1:i120 H p1:240 p1:241
p1:i121 H p1:242 p1:243
p1:i122 H p1:244 p1:245
p1:i123 H p1:246 p1:247
p1:i124 H p1:248 p1:249
p1:i125 H p1:250 p1:251
p1:i126 H p1:252 p1:253
p1:i127 H p1:254 p1:255
p1:i128 H p1:256 p1:257
p1:i129 H p1:258 p1:259
p1:i130 H p1:260 p1:261
p1:i131 H p1:262 p1:263
p1:i132 H p1:264 p1:265
p1:i133 H p1:266 p1:267
p1:i134 H p1:268 p1:269
p1:i135 H p1:270 p1:271
p1:i136 H p1:272 p1:273
p1:i137 H p1:274 p1:275
p1:i138 H p1:276 p1:277
p1:i139 H p1:278 p1:279
p1:i140 H p1:280 p1:281
p1:i141 H p1:282 p1:283
p1:i142 H p1:284 p1:285
p1:i143 H p1:286 p1:287
p1:i144 H p1:288 p1:289
p1:i145 H p1:290 p1:291
p1:i146 H p1:292 p1:293
p1:i147 H p1:294 p1:295
p1:i148 H p1:296 p1:297
p1:i149 H p1:298 p1:299
p1:i150 H p1:300 p1:301
p1:i151 H p1:302 p1:303
p1:i152 H p1:304 p1:305
p1:i153 H p1:306 p1:307
p1:i154 H p1:308 p1:309
p1:i155 H p1:310 p1:311
p1:i156 H p1:312 p1:313
p1:i157 H p1:314 p1:315
p1:i158 H p1:316 p1:317
p1:i159 H p1:318 p1:319
p1:i160 H p1:320 p1:321
p1:i161 H p1:322 p1:323
p1:i162 H p1:324 p1:325
p1:i163 H p1:326 p1:327
p1:i164 H p1:328 p1:329
p1:i165 H p1:330 p1:331
p1:i166 H p1:332 p1:333
p1:i167 H p1:334 p1:335
p1:i168 H p1:336 p1:337
p1:i169 H p1:338 p1:339
p1:i170 H p1:340 p1:341
p1:i171 H p1:342 p1:343
p1:i172 H p1:344 p1:345
p1:i173 H p1:346 p1:347
p1:i174 H p1:348 p1:349
p1:i175 H p1:350 p1:351
p1:i176 H p1:352 p1:353
p1:i177 H p1:354 p1:355
p1:i178 H p1:356 p1:357
p1:i179 H p1:358 p1:359
p1:i180 H p1:360 p1:361
p1:i181 H p1:362 p1:363
p1:i182 H p1:364 p1:365
p1:i183 H p1:366 p1:367
p1:i184 H p1:368 p1:369
p1:i185 H p1:370 p1:371
p1:i186 H p1:372 p1:373
p1:i187 H p1:374 p1:375
p1:i188 H p1:376 p1:377
p1:i189 H p1:378 p1:379
p1:i190 H p1:380 p1:381
p1:i191 H p1:382 p1:383
p1:i192 H p1:384 p1:385
p1:i193 H p1:386 p1:387
p1:i194 H p1:388 p1:389
p1:i195 H p1:390 p1:391
p1:i196 H p1:392 p1:393
p1:i197 H p1:394 p1:395
p1:i198 H p1:396 p1:397
p1:i199 H p1:398 p1:399
p1:i200 H p1:400 p1:401
p1:i201 H p1:402 p1:403
p1:i202 H p1:404 p1:405
p1:i203 H p1:406 p1:407
p1:i204 H p1:408 p1:409
p1:i205 H p1:410 p1:411
p1:i206 H p1:412 p1:413
p1:i207 H p1:414 p1:415
p1:i208 H p1:416 p1:417
p1:i209 H p1:418 p1:419
p1:i210 H p1:420 p1:421
p1:i211 H p1:422 p1:423
p1:i212 H p1:424 p1:425
p1:i213 H p1:426 p1:427
p1:i214 H p1:428 p1:429
p1:i215 H p1:430 p1:431
p1:i216 H p1:432 p1:433
p1:i217 H p1:434 p1:435
p1:i218 H p1:436 p1:437
p1:i219 H p1:438 p1:439
p1:i220 H p1:440 p1:441
p1:i221 H p1:442 p1:443
p1:i222 H p1:444 p1:445
p1:i223 H p1:446 p1:447
p1:i224 H p1:448 p1:449
p1:i225 H p1:450 p1:451
p1:i226 H p1:452 p1:453
p1:i227 H p1:454 p1:455
p1:i228 H p1:456 p1:457
p1:i229 H p1:458 p1:459
p1:i230 H p1:460 p1:461
p1:i231 H p1:462 p1:463
p1:i232 H p1:464 p1:465
p1:i233 H p1:466 p1:467
p1:i234 H p1:468 p1:469
p1:i235 H p1:470 p1:471
p1:i236 H p1:472 p1:473
p1:i237 H p1:474 p1:475
p1:i238 H p1:476 p1:477
p1:i239 H p1:478 p1:479
p1:i240 H p1:480 p1:481
p1:i241 H p1:482 p1:483
p1:i242 H p1:484 p1:485
p1:i243 H p1:486 p1:487
p1:i244 H p1:488 p1:489
p1:i245 H p1:490 p1:491
p1:i246 H p1:492 p1:493
p1:i247 H p1:494 p1:495
p1:i248 H p1:496 p1:497
p1:i249 H p1:498 p1:499
p1:i250 H p1:500 p1:501
p1:i251 H p1:502 p1:503
p1:i252 H p1:504 p1:505
p1:i253 H p1:506 p1:507
p1:i254 H p1:508 p1:509
p1:i255 H p1:510 p1:511
p1:i256 H p1:512 p1:513
p1:i257 H p1:514 p1:515
p1:i258 H p1:516 p1:517
p1:i259 H p1:518 p1:519
p1:i260 H p1:520 p1:521
p1:i261 H p1:522 p1:523
p1:i262 H p1:524 p1:525
p1:i263 H p1:526 p1:527
p1:i264 H p1:528 p1:529
p1:i265 H p1:530 p1:531
p1:i266 H p1:532 p1:533
p1:i267 H p1:534 p1:535
p1:i268 H p1:536 p1:537
p1:i269 H p1:538 p1:539
p1:i270 H p1:540 p1:541
p1:i271 H p1:542 p1:543
p1:i272 H p1:544 p1:545
p1:i273 H p1:546 p1:547
p1:i274 H p1:548 p1:549
p1:i275 H p1:550 p1:551
p1:i276 H p1:552 p1:553
p1:i277 H p1:554 p1:555
p1:i278 H p1:556 p1:557
p1:i279 H p1:558 p1:559
p1:i280 H p1:560 p1:561
p1:i281 H p1:562 p1:563
p1:i282 H p1:564 p1:565
p1:i283 H p1:566 p1:567
p1:i284 H p1:568 p1:569
p1:i285 H p1:570 p1:571
p1:i286 H p1:572 p1:573
p1:i287 H p1:574 p1:575
p1:i288 H p1:576 p1:577
p1:i289 H p1:578 p1:579
p1:i290 H p1:580 p1:581
p1:i291 H p1:582 p1:583
p1:i292 H p1:584 p1:585
p1:i293 H p1:586 p1:587
p1:i294 H p1:588 p1:589
p1:i295 H p1:590 p1:591
p1:i296 H p1:592 p1:593
p1:i297 H p1:594 p1:595
p1:i298 H p1:596 p1:597
p1:i299 H p1:598 p1:599
p1:i300 H p1:600 p1:601
p1:i301 H p1:602 p1:603
p1:i302 H p1:604 p1:605
p1:i303 H p1:606 p1:607
p1:i304 H p1:608 p1:609
p1:i305 H p1:610 p1:611
p1:i306 H p1:612 p1:613
p1:i307 H p1:614 p1:615
p1:i308 H p1:616 p1:617
p1:i309 H p1:618 p1:619
p1:i310 H p1:620 p1:621
p1:i311 H p1:622 p1:623
p1:i312 H p1:624 p1:625
p1:i313 H p1:626 p1:627
p1:i314 H p1:628 p1:629
p1:i315 H p1:630 p1:631
p1:i316 H p1:632 p1:633
p1:i317 H p1:634 p1:635
p1:i318 H p1:636 p1:637
p1:i319 H p1:638 p1:639
p1:i320 H p1:640 p1:641
p1:i321 H p1:642 p1:643
p1:i322 H p1:644 p1:645
p1:i323 H p1:646 p1:647
p1:i324 H p1:648 p1:649
p1:i325 H p1:650 p1:651
p1:i326 H p1:652 p1:653
p1:i327 H p1:654 p1:655
p1:i328 H p1:656 p1:657
p1:i329 H p1:658 p1:659
p1:i330 H p1:660 p1:661
p1:i331 H p1:662 p1:663
p1:i332 H p1:664 p1:665
p1:i333 H p1:666 p1:667
p1:i334 H p1:668 p1:669
p1:i335 H p1:670 p1:671
p1:i336 H p1:672 p1:673
p1:i337 H p1:674 p1:675
p1:i338 H p1:676 p1:677
p1:i339 H p1:678 p1:679
p1:i340 H p1:680 p1:681
p1:i341 H p1:682 p1:683
p1:i342 H p1:684 p1:685
p1:i343 H p1:686 p1:687
p1:i344 H p1:688 p1:689
p1:i345 H p1:690 p1:691
p1:i346 H p1:692 p1:693
p1:i347 H p1:694 p1:695
p1:i348 H p1:696 p1:697
p1:i349 H p1:698 p1:699
p1:i350 H p1:700 p1:701
p1:i351 H p1:702 p1:703
p1:i352 H p1:704 p1:705
p1:i353 H p1:706 p1:707
p1:i354 H p1:708 p1:709
p1:i355 H p1:710 p1:711
p1:i356 H p1:712 p1:713
p1:i357 H p1:714 p1:715
p1:i358 H p1:716 p1:717
p1:i359 H p1:718 p1:719
p1:i360 H p1:720 p1:721
p1:i361 H p1:722 p1:723
p1:i362 H p1:724 p1:725
p1:i363 H p1:726 p1:727
p1:i364 H p1:728 p1:729
p1:i365 H p1:730 p1:731
p1:i366 H p1:732 p1:733
p1:i367 H p1:734 p1:735
p1:i368 H p1:736 p1:737
p1:i369 H p1:738 p1:739
p1:i370 H p1:740 p1:741
p1:i371 H p1:742 p1:743
p1:i372 H p1:744 p1:745
p1:i373 H p1:746 p1:747
p1:i374 H p1:748 p1:749
p1:i375 H p1:750 p1:751
p1:i376 H p1:752 p1:753
p1:i377 H p1:754 p1:755
p1:i378 H p1:756 p1:757
p1:i379 H p1:758 p1:759
p1:i380 H p1:760 p1:761
p1:i381 H p1:762 p1:763
p1:i382 H p1:764 p1:765
p1:i383 H p1:766 p1:767
p1:i384 H p1:768 p1:769
p1:i385 H p1:770 p1:771
p1:i386 H p1:772 p1:773
p1:i387 H p1:774 p1:775
p1:i388 H p1:776 p1:777
p1:i389 H p1:778 p1:779
p1:i390 H p1:780 p1:781
p1:i391 H p1:782 p1:783
p1:i392 H p1:784 p1:785
p1:i393 H p1:786 p1:787
p1:i394 H p1:788 p1:789
p1:i395 H p1:790 p1:791
p1:i396 H p1:792 p1:793
p1:i397 H p1:794 p1:795
p1:i398 H p1:796 p1:797
p1:i399 H p1:798 p1:799
p1:i400 H p1:800 p1:801
p1:i401 H p1:802 p1:803
p1:i402 H p1:804 p1:805
p1:i403 H p1:806 p1:807
p1:i404 H p1:808 p1:809
p1:i405 H p1:810 p1:811
p1:i406 H p1:812 p1:813
p1:i407 H p1:814 p1:815
p1:i408 H p1:816 p1:817
p1:i409 H p1:818 p1:819
p1:i410 H p1:820 p1:821
p1:i411 H p1:822 p1:823
p1:i412 H p1:824 p1:825
p1:i413 H p1:826 p1:827
p1:i414 H p1:828 p1:829
p1:i415 H p1:830 p1:831
p1:i416 H p1:832 p1:833
p1:i417 H p1:834 p1:835
p1:i418 H p1:836 p1:837
p1:i419 H p1:838 p1:839
p1:i420 H p1:840 p1:841
p1:i421 H p1:842 p1:843
p1:i422 H p1:844 p1:845
p1:i423 H p1:846 p1:847
p1:i424 H p1:848 p1:849
p1:i425 H p1:850 p1:851
p1:i426 H p1:852 p1:853
p1:i427 H p1:854 p1:855
p1:i428 H p1:856 p1:857
p1:i429 H p1:858 p1:859
p1:i430 H p1:860 p1:861
p1:i431 H p1:862 p1:863
p1:i432 H p1:864 p1:865
p1:i433 H p1:866 p1:867
p1:i434 H p1:868 p1:869
p1:i435 H p1:870 p1:871
p1:i436 H p1:872 p1:873
p1:i437 H p1:874 p1:875
p1:i438 H p1:876 p1:877
p1:i439 H p1:878 p1:879
p1:i440 H p1:880 p1:881
p1:i441 H p1:882 p1:883
p1:i442 H p1:884 p1:885
p1:i443 H p1:886 p1:887
p1:i444 H p1:888 p1:889
p1:i445 H p1:890 p1:891
p1:i446 H p1:892 p1:893
p1:i447 H p1:894 p1:895
p1:i448 H p1:896 p1:897
p1:i449 H p1:898 p1:899
p1:i450 H p1:900 p1:901
p1:i451 H p1:902 p1:903
p1:i452 H p1:904 p1:905
p1:i453 H p1:906 p1:907
p1:i454 H p1:908 p1:909
p1:i455 H p1:910 p1:911
p1:i456 H p1:912 p1:913
p1:i457 H p1:914 p1:915
p1:i458 H p1:916 p1:917
p1:i459 H p1:918 p1:919
p1:i460 H p1:920 p1:921
p1:i461 H p1:922 p1:923
p1:i462 H p1:924 p1:925
p1:i463 H p1:926 p1:927
p1:i464 H p1:928 p1:929
p1:i465 H p1:930 p1:931
p1:i466 H p1:932 p1:933
p1:i467 H p1:934 p1:935
p1:i468 H p1:936 p1:937
p1:i469 H p1:938 p1:939
p1:i470 H p1:940 p1:941
p1:i471 H p1:942 p1:943
p1:i472 H p1:944 p1:945
p1:i473 H p1:946 p1:947
p1:i474 H p1:948 p1:949
p1:i475 H p1:950 p1:951
p1:i476 H p1:952 p1:953
p1:i477 H p1:954 p1:955
p1:i478 H p1:956 p1:957
p1:i479 H p1:958 p1:959
p1:i480 H p1:960 p1:961
p1:i481 H p1:962 p1:963
p1:i482 H p1:964 p1:965
p1:i483 H p1:966 p1:967
p1:i484 H p1:968 p1:969
p1:i485 H p1:970 p1:971
p1:i486 H p1:972 p1:973
p1:i487 H p1:974 p1:975
p1:i488 H p1:976 p1:977
p1:i489 H p1:978 p1:979
p1:i490 H p1:980 p1:981
p1:i491 H p1:982 p1:983
p1:i492 H p1:984 p1:985
p1:i493 H p1:986 p1:987
p1:i494 H p1:988 p1:989
p1:i495 H p1:990 p1:991
p1:i496 H p1:992 p1:993
p1:i497 H p1:994 p1:995
p1:i498 H p1:996 p1:997
p1:i499 H p1:998 p1:999
p1:i500 H p1:1000 p1:1001
p1:i501 H p1:1002 p1:1003
p1:i502 H p1:1004 p1:1005
p1:i503 H p1:1006 p1:1007
p1:i504 H p1:1008 p1:1009
p1:i505 H p1:1010 p1:1011
p1:i506 H p1:1012 p1:1013
p1:i507 H p1:1014 p1:1015
p1:i508 H p1:1016 p1:1017
p1:i509 H p1:1018 p1:1019
p1:i510 H p1:1020 p1:1021
p1:i511 H p1:1022 p1:1023
p1:i512 H p1:1024 p1:1025
p1:i513 H p1:1026 p1:1027
p1:i514 H p1:1028 p1:1029
p1:i515 H p1:1030 p1:1031
p1:i516 H p1:1032 p1:1033
p1:i517 H p1:1034 p1:1035
p1:i518 H p1:1036 p1:1037
p1:i519 H p1:1038 p1:1039
p1:i520 H p1:1040 p1:1041
p1:i521 H p1:1042 p1:1043
p1:i522 H p1:1044 p1:1045
p1:i523 H p1:1046 p1:1047
p1:i524 H p1:1048 p1:1049
p1:i525 H p1:1050 p1:1051
p1:i526 H p1:1052 p1:1053
p1:i527 H p1:1054 p1:1055
p1:i528 H p1:1056 p1:1057
p1:i529 H p1:1058 p1:1059
p1:i530 H p1:1060 p1:1061
p1:i531 H p1:1062 p1:1063
p1:i532 H p1:1064 p1:1065
p1:i533 H p1:1066 p1:1067
p1:i534 H p1:1068 p1:1069
p1:i535 H p1:1070 p1:1071
p1:i536 H p1:1072 p1:1073
p1:i537 H p1:1074 p1:1075
p1:i538 H p1:1076 p1:1077
p1:i539 H p1:1078 p1:1079
p1:i540 H p1:1080 p1:1081
p1:i541 H p1:1082 p1:1083
p1:i542 H p1:1084 p1:1085
p1:i543 H p1:1086 p1:1087
p1:i544 H p1:1088 p1:1089
p1:i545 H p1:1090 p1:1091
p1:i546 H p1:1092 p1:1093
p1:i547 H p1:1094 p1:1095
p1:i548 H p1:1096 p1:1097
p1:i549 H p1:1098 p1:1099
p1:i550 H p1:1100 p1:1101
p1:i551 H p1:1102 p1:1103
p1:i552 H p1:1104 p1:1105
p1:i553 H p1:1106 p1:1107
p1:i554 H p1:1108 p1:1109
p1:i555 H p1:1110 p1:1111
p1:i556 H p1:1112 p1:1113
p1:i557 H p1:1114 p1:1115
p1:i558 H p1:1116 p1:1117
p1:i559 H p1:1118 p1:1119
p1:i560 H p1:1120 p1:1121
p1:i561 H p1:1122 p1:1123
p1:i562 H p1:1124 p1:1125
p1:i563 H p1:1126 p1:1127
p1:i564 H p1:1128 p1:1129
p1:i565 H p1:1130 p1:1131
p1:i566 H p1:1132 p1:1133
p1:i567 H p1:1134 p1:1135
p1:i568 H p1:1136 p1:1137
p1:i569 H p1:1138 p1:1139
p1:i570 H p1:1140 p1:1141
p1:i571 H p1:1142 p1:1143
p1:i572 H p1:1144 p1:1145
p1:i573 H p1:1146 p1:1147
p1:i574 H p1:1148 p1:1149
p1:i575 H p1:1150 p1:1151
p1:i576 H p1:1152 p1:1153
p1:i577 H p1:1154 p1:1155
p1:i578 H p1:1156 p1:1157
p1:i579 H p1:1158 p1:1159
p1:i580 H p1:1160 p1:1161
p1:i581 H p1:1162 p1:1163
p1:i582 H p1:1164 p1:1165
p1:i583 H p1:1166 p1:1167
p1:i584 H p1:1168 p1:1169
p1:i585 H p1:1170 p1:1171
p1:i586 H p1:1172 p1:1173
p1:i587 H p1:1174 p1:1175
p1:i588 H p1:1176 p1:1177
p1:i589 H p1:1178 p1:1179
p1:i590 H p1:1180 p1:1181
p1:i591 H p1:1182 p1:1183
p1:i592 H p1:1184 p1:1185
p1:i593 H p1:1186 p1:1187
p1:i594 H p1:1188 p1:1189
p1:i595 H p1:1190 p1:1191
p1:i596 H p1:1192 p1:1193
p1:i597 H p1:1194 p1:1195
p1:i598 H p1:1196 p1:1197
p1:i599 H p1:1198 p1:1199
p1:i600 H p1:1200 p1:1201
p1:i601 H p1:1202 p1:1203
p1:i602 H p1:1204 p1:1205
p1:i603 H p1:1206 p1:1207
p1:i604 H p1:1208 p1:1209
p1:i605 H p1:1210 p1:1211
p1:i606 H p1:1212 p1:1213
p1:i607 H p1:1214 p1:1215
p1:i608 H p1:1216 p1:1217
p1:i609 H p1:1218 p1:1219
p1:i610 H p1:1220 p1:1221
p1:i611 H p1:1222 p1:1223
p1:i612 H p1:1224 p1:1225
p1:i613 H p1:1226 p1:1227
p1:i614 H p1:1228 p1:1229
p1:i615 H p1:1230 p1:1231
p1:i616 H p1:1232 p1:1233
p1:i617 H p1:1234 p1:1235
p1:i618 H p1:1236 p1:1237
p1:i619 H p1:1238 p1:1239
p1:i620 H p1:1240 p1:1241
p1:i621 H p1:1242 p1:1243
p1:i622 H p1:1244 p1:1245
p1:i623 H p1:1246 p1:1247
p1:i624 H p1:1248 p1:1249
p1:i625 H p1:1250 p1:1251
p1:i626 H p1:1252 p1:1253
p1:i627 H p1:1254 p1:1255
p1:i628 H p1:1256 p1:1257
p1:i629 H p1:1258 p1:1259
p1:i630 H p1:1260 p1:1261
p1:i631 H p1:1262 p1:1263
p1:i632 H p1:1264 p1:1265
p1:i633 H p1:1266 p1:1267
p1:i634 H p1:1268 p1:1269
p1:i635 H p1:1270 p1:1271
p1:i636 H p1:1272 p1:1273
p1:i637 H p1:1274 p1:1275
p1:i638 H p1:1276 p1:1277
p1:i639 H p1:1278 p1:1279
p1:i640 H p1:1280 p1:1281
p1:i641 H p1:1282 p1:1283
p1:i642 H p1:1284 p1:1285
p1:i643 H p1:1286 p1:1287
p1:i644 H p1:1288 p1:1289
p1:i645 H p1:1290 p1:1291
p1:i646 H p1:1292 p1:1293
p1:i647 H p1:1294 p1:1295
p1:i648 H p1:1296 p1:1297
p1:i649 H p1:1298 p1:1299
p1:i650 H p1:1300 p1:1301
p1:i651 H p1:1302 p1:1303
p1:i652 H p1:1304 p1:1305
p1:i653 H p1:1306 p1:1307
p1:i654 H p1:1308 p1:1309
p1:i655 H p1:1310 p1:1311
p1:i656 H p1:1312 p1:1313
p1:i657 H p1:1314 p1:1315
p1:i658 H p1:1316 p1:1317
p1:i659 H p1:1318 p1:1319
p1:i660 H p1:1320 p1:1321
p1:i661 H p1:1322 p1:1323
p1:i662 H p1:1324 p1:1325
p1:i663 H p1:1326 p1:1327
p1:i664 H p1:1328 p1:1329
p1:i665 H p1:1330 p1:1331
p1:i666 H p1:1332 p1:1333
p1:i667 H p1:1334 p1:1335
p1:i668 H p1:1336 p1:1337
p1:i669 H p1:1338 p1:1339
p1:i670 H p1:1340 p1:1341
p1:i671 H p1:1342 p1:1343
p1:i672 H p1:1344 p1:1345
p1:i673 H p1:1346 p1:1347
p1:i674 H p1:1348 p1:1349
p1:i675 H p1:1350 p1:1351
p1:i676 H p1:1352 p1:1353
p1:i677 H p1:1354 p1:1355
p1:i678 H p1:1356 p1:1357
p1:i679 H p1:1358 p1:1359
p1:i680 H p1:1360 p1:1361
p1:i681 H p1:1362 p1:1363
p1:i682 H p1:1364 p1:1365
p1:i683 H p1:1366 p1:1367
p1:i684 H p1:1368 p1:1369
p1:i685 H p1:1370 p1:1371
p1:i686 H p1:1372 p1:1373
p1:i687 H p1:1374 p1:1375
p1:i688 H p1:1376 p1:1377
p1:i689 H p1:1378 p1:1379
p1:i690 H p1:1380 p1:1381
p1:i691 H p1:1382 p1:1383
p1:i692 H p1:1384 p1:1385
p1:i693 H p1:1386 p1:1387
p1:i694 H p1:1388 p1:1389
p1:i695 H p1:1390 p1:1391
p1:i696 H p1:1392 p1:1393
p1:i697 H p1:1394 p1:1395
p1:i698 H p1:1396 p1:1397
p1:i699 H p1:1398 p1:1399
p1:i700 H p1:1400 p1:1401
p1:i701 H p1:1402 p1:1403
p1:i702 H p1:1404 p1:1405
p1:i703 H p1:1406 p1:1407
p1:i704 H p1:1408 p1:1409
p1:i705 H p1:1410 p1:1411
p1:i706 H p1:1412 p1:1413
p1:i707 H p1:1414 p1:1415
p1:i708 H p1:1416 p1:1417
p1:i709 H p1:1418 p1:1419
p1:i710 H p1:1420 p1:1421
p1:i711 H p1:1422 p1:1423
p1:i712 H p1:1424 p1:1425
p1:i713 H p1:1426 p1:1427
p1:i714 H p1:1428 p1:1429
p1:i715 H p1:1430 p1:1431
p1:i716 H p1:1432 p1:1433
p1:i717 H p1:1434 p1:1435
p1:i718 H p1:1436 p1:1437
p1:i719 H p1:1438 p1:1439
p1:i720 H p1:1440 p1:1441
p1:i721 H p1:1442 p1:1443
p1:i722 H p1:1444 p1:1445
p1:i723 H p1:1446 p1:1447
p1:i724 H p1:1448 p1:1449
p1:i725 H p1:1450 p1:1451
p1:i726 H p1:1452 p1:1453
p1:i727 H p1:1454 p1:1455
p1:i728 H p1:1456 p1:1457
p1:i729 H p1:1458 p1:1459
p1:i730 H p1:1460 p1:1461
p1:i731 H p1:1462 p1:1463
p1:i732 H p1:1464 p1:1465
p1:i733 H p1:1466 p1:1467
p1:i734 H p1:1468 p1:1469
p1:i735 H p1:1470 p1:1471
p1:i736 H p1:1472 p1:1473
p1:i737 H p1:1474 p1:1475
p1:i738 H p1:1476 p1:1477
p1:i739 H p1:1478 p1:1479
p1:i740 H p1:1480 p1:1481
p1:i741 H p1:1482 p1:1483
p1:i742 H p1:1484 p1:1485
p1:i743 H p1:1486 p1:1487
p1:i744 H p1:1488 p1:1489
p1:i745 H p1:1490 p1:1491
p1:i746 H p1:1492 p1:1493
p1:i747 H p1:1494 p1:1495
p1:i748 H p1:1496 p1:1497
p1:i749 H p1:1498 p1:1499
p1:i750 H p1:1500 p1:1501
p1:i751 H p1:1502 p1:1503
p1:i752 H p1:1504 p1:1505
p1:i753 H p1:1506 p1:1507
p1:i754 H p1:1508 p1:1509
p1:i755 H p1:1510 p1:1511
p1:i756 H p1:1512 p1:1513
p1:i757 H p1:1514 p1:1515
p1:i758 H p1:1516 p1:1517
p1:i759 H p1:1518 p1:1519
p1:i760 H p1:1520 p1:1521
p1:i761 H p1:1522 p1:1523
p1:i762 H p1:1524 p1:1525
p1:i763 H p1:1526 p1:1527
p1:i764 H p1:1528 p1:1529
p1:i765 H p1:1530 p1:1531
p1:i766 H p1:1532 p1:1533
p1:i767 H p1:1534 p1:1535
p1:i768 H p1:1536 p1:1537
p1:i769 H p1:1538 p1:1539
p1:i770 H p1:1540 p1:1541
p1:i771 H p1:1542 p1:1543
p1:i772 H p1:1544 p1:1545
p1:i773 H p1:1546 p1:1547
p1:i774 H p1:1548 p1:1549
p1:i775 H p1:1550 p1:1551
p1:i776 H p1:1552 p1:1553
p1:i777 H p1:1554 p1:1555
p1:i778 H p1:1556 p1:1557
p1:i779 H p1:1558 p1:1559
p1:i780 H p1:1560 p1:1561
p1:i781 H p1:1562 p1:1563
p1:i782 H p1:1564 p1:1565
p1:i783 H p1:1566 p1:1567
p1:i784 H p1:1568 p1:1569
p1:i785 H p1:1570 p1:1571
p1:i786 H p1:1572 p1:1573
p1:i787 H p1:1574 p1:1575
p1:i788 H p1:1576 p1:1577
p1:i789 H p1:1578 p1:1579
p1:i790 H p1:1580 p1:1581
p1:i791 H p1:1582 p1:1583
p1:i792 H p1:1584 p1:1585
p1:i793 H p1:1586 p1:1587
p1:i794 H p1:1588 p1:1589
p1:i795 H p1:1590 p1:1591
p1:i796 H p1:1592 p1:1593
p1:i797 H p1:1594 p1:1595
p1:i798 H p1:1596 p1:1597
p1:i799 H p1:1598 p1:1599
p1:i800 H p1:1600 p1:1601
p1:i801 H p1:1602 p1:1603
p1:i802 H p1:1604 p1:1605
p1:i803 H p1:1606 p1:1607
p1:i804 H p1:1608 p1:1609
p1:i805 H p1:1610 p1:1611
p1:i806 H p1:1612 p1:1613
p1:i807 H p1:1614 p1:1615
p1:i808 H p1:1616 p1:1617
p1:i809 H p1:1618 p1:1619
p1:i810 H p1:1620 p1:1621
p1:i811 H p1:1622 p1:1623
p1:i812 H p1:1624 p1:1625
p1:i813 H p1:1626 p1:1627
p1:i814 H p1:1628 p1:1629
p1:i815 H p1:1630 p1:1631
p1:i816 H p1:1632 p1:1633
p1:i817 H p1:1634 p1:1635
p1:i818 H p1:1636 p1:1637
p1:i819 H p1:1638 p1:1639
p1:i820 H p1:1640 p1:1641
p1:i821 H p1:1642 p1:1643
p1:i822 H p1:1644 p1:1645
p1:i823 H p1:1646 p1:1647
p1:i824 H p1:1648 p1:1649
p1:i825 H p1:1650 p1:1651
p1:i826 H p1:1652 p1:1653
p1:i827 H p1:1654 p1:1655
p1:i828 H p1:1656 p1:1657
p1:i829 H p1:1658 p1:1659
p1:i830 H p1:1660 p1:1661
p1:i831 H p1:1662 p1:1663
p1:i832 H p1:1664 p1:1665
p1:i833 H p1:1666 p1:1667
p1:i834 H p1:1668 p1:1669
p1:i835 H p1:1670 p1:1671
p1:i836 H p1:1672 p1:1673
p1:i837 H p1:1674 p1:1675
p1:i838 H p1:1676 p1:1677
p1:i839 H p1:1678 p1:1679
p1:i840 H p1:1680 p1:1681
p1:i841 H p1:1682 p1:1683
p1:i842 H p1:1684 p1:1685
p1:i843 H p1:1686 p1:1687
p1:i844 H p1:1688 p1:1689
p1:i845 H p1:1690 p1:1691
p1:i846 H p1:1692 p1:1693
p1:i847 H p1:1694 p1:1695
p1:i848 H p1:1696 p1:1697
p1:i849 H p1:1698 p1:1699
p1:i850 H p1:1700 p1:1701
p1:i851 H p1:1702 p1:1703
p1:i852 H p1:1704 p1:1705
p1:i853 H p1:1706 p1:1707
p1:i854 H p1:1708 p1:1709
p1:i855 H p1:1710 p1:1711
p1:i856 H p1:1712 p1:1713
p1:i857 H p1:1714 p1:1715
p1:i858 H p1:1716 p1:1717
p1:i859 H p1:1718 p1:1719
p1:i860 H p1:1720 p1:1721
p1:i861 H p1:1722 p1:1723
p1:i862 H p1:1724 p1:1725
p1:i863 H p1:1726 p1:1727
p1:i864 H p1:1728 p1:1729
p1:i865 H p1:1730 p1:1731
p1:i866 H p1:1732 p1:1733
p1:i867 H p1:1734 p1:1735
p1:i868 H p1:1736 p1:1737
p1:i869 H p1:1738 p1:1739
p1:i870 H p1:1740 p1:1741
p1:i871 H p1:1742 p1:1743
p1:i872 H p1:1744 p1:1745
p1:i873 H p1:1746 p1:1747
p1:i874 H p1:1748 p1:1749
p1:i875 H p1:1750 p1:1751
p1:i876 H p1:1752 p1:1753
p1:i877 H p1:1754 p1:1755
p1:i878 H p1:1756 p1:1757
p1:i879 H p1:1758 p1:1759
p1:i880 H p1:1760 p1:1761
p1:i881 H p1:1762 p1:1763
p1:i882 H p1:1764 p1:1765
p1:i883 H p1:1766 p1:1767
p1:i884 H p1:1768 p1:1769
p1:i885 H p1:1770 p1:1771
p1:i886 H p1:1772 p1:1773
p1:i887 H p1:1774 p1:1775
p1:i888 H p1:1776 p1:1777
p1:i889 H p1:1778 p1:1779
p1:i890 H p1:1780 p1:1781
p1:i891 H p1:1782 p1:1783
p1:i892 H p1:1784 p1:1785
p1:i893 H p1:1786 p1:1787
p1:i894 H p1:1788 p1:1789
p1:i895 H p1:1790 p1:1791
p1:i896 H p1:1792 p1:1793
p1:i897 H p1:1794 p1:1795
p1:i898 H p1:1796 p1:1797
p1:i899 H p1:1798 p1:1799
p1:i900 H p1:1800 p1:1801
p1:i901 H p1:1802 p1:1803
p1:i902 H p1:1804 p1:1805
p1:i903 H p1:1806 p1:1807
p1:i904 H p1:1808 p1:1809
p1:i905 H p1:1810 p1:1811
p1:i906 H p1:1812 p1:1813
p1:i907 H p1:1814 p1:1815
p1:i908 H p1:1816 p1:1817
p1:i909 H p1:1818 p1:1819
p1:i910 H p1:1820 p1:1821
p1:i911 H p1:1822 p1:1823
p1:i912 H p1:1824 p1:1825
p1:i913 H p1:1826 p1:1827
p1:i914 H p1:1828 p1:1829
p1:i915 H p1:1830 p1:1831
p1:i916 H p1:1832 p1:1833
p1:i917 H p1:1834 p1:1835
p1:i918 H p1:1836 p1:1837
p1:i919 H p1:1838 p1:1839
p1:i920 H p1:1840 p1:1841
p1:i921 H p1:1842 p1:1843
p1:i922 H p1:1844 p1:1845
p1:i923 H p1:1846 p1:1847
p1:i924 H p1:1848 p1:1849
p1:i925 H p1:1850 p1:1851
p1:i926 H p1:1852 p1:1853
p1:i927 H p1:1854 p1:1855
p1:i928 H p1:1856 p1:1857
p1:i929 H p1:1858 p1:1859
p1:i930 H p1:1860 p1:1861
p1:i931 H p1:1862 p1:1863
p1:i932 H p1:1864 p1:1865
p1:i933 H p1:1866 p1:1867
p1:i934 H p1:1868 p1:1869
p1:i935 H p1:1870 p1:1871
p1:i936 H p1:1872 p1:1873
p1:i937 H p1:1874 p1:1875
p1:i938 H p1:1876 p1:1877
p1:i939 H p1:1878 p1:1879
p1:i940 H p1:1880 p1:1881
p1:i941 H p1:1882 p1:1883
p1:i942 H p1:1884 p1:1885
p1:i943 H p1:1886 p1:1887
p1:i944 H p1:1888 p1:1889
p1:i945 H p1:1890 p1:1891
p1:i946 H p1:1892 p1:1893
p1:i947 H p1:1894 p1:1895
p1:i948 H p1:1896 p1:1897
p1:i949 H p1:1898 p1:1899
p1:i950 H p1:1900 p1:1901
p1:i951 H p1:1902 p1:1903
p1:i952 H p1:1904 p1:1905
p1:i953 H p1:1906 p1:1907
p1:i954 H p1:1908 p1:1909
p1:i955 H p1:1910 p1:1911
p1:i956 H p1:1912 p1:1913
p1:i957 H p1:1914 p1:1915
p1:i958 H p1:1916 p1:1917
p1:i959 H p1:1918 p1:1919
p1:i960 H p1:1920 p1:1921
p1:i961 H p1:1922 p1:1923
p1:i962 H p1:1924 p1:1925
p1:i963 H p1:1926 p1:1927
p1:i964 H p1:1928 p1:1929
p1:i965 H p1:1930 p1:1931
p1:i966 H p1:1932 p1:1933
p1:i967 H p1:1934 p1:1935
p1:i968 H p1:1936 p1:1937
p1:i969 H p1:1938 p1:1939
p1:i970 H p1:1940 p1:1941
p1:i971 H p1:1942 p1:1943
p1:i972 H p1:1944 p1:1945
p1:i973 H p1:1946 p1:1947
p1:i974 H p1:1948 p1:1949
p1:i975 H p1:1950 p1:1951
p1:i976 H p1:1952 p1:1953
p1:i977 H p1:1954 p1:1955
p1:i978 H p1:1956 p1:1957
p1:i979 H p1:1958 p1:1959
p1:i980 H p1:1960 p1:1961
p1:i981 H p1:1962 p1:1963
p1:i982 H p1:1964 p1:1965
p1:i983 H p1:1966 p1:1967
p1:i984 H p1:1968 p1:1969
p1:i985 H p1:1970 p1:1971
p1:i986 H p1:1972 p1:1973
p1:i987 H p1:1974 p1:1975
p1:i988 H p1:1976 p1:1977
p1:i989 H p1:1978 p1:1979
p1:i990 H p1:1980 p1:1981
p1:i991 H p1:1982 p1:1983
p1:i992 H p1:1984 p1:1985
p1:i993 H p1:1986 p1:1987
p1:i994 H p1:1988 p1:1989
p1:i995 H p1:1990 p1:1991
p1:i996 H p1:1992 p1:1993
p1:i997 H p1:1994 p1:1995
p1:i998 H p1:1996 p1:1997
p1:i999 H p1:1998 p1:1999
Genomes:
p1:0 A 0 1 2 3 4
p1:1 A 0 5
p1:2 A 0
p1:3 A 6 0 1
p1:4 A 0 1
p1:5 A 0
p1:6 A 0 1 7 8
p1:7 A 0
p1:8 A 9 10
p1:9 A 0 11
p1:10 A 0 12 13
p1:11 A 0 14 15 16
p1:12 A 0 17
p1:13 A 0
p1:14 A 0 18 19 20
p1:15 A 0 21 22 23 24
p1:16 A 0 1
p1:17 A 0 1
p1:18 A 0
p1:19 A 0 25 26
p1:20 A 0 1
p1:21 A 0 1 27
p1:22 A 28 0 9 29 1 27 30
p1:23 A 0
p1:24 A 0
p1:25 A 31 0 1
p1:26 A 0 1
p1:27 A 0 32
p1:28 A 0 33 1
p1:29 A 34 0
p1:30 A 0 1 35
p1:31 A 36 0 1 37
p1:32 A 0
p1:33 A 38 0 1 39
p1:34 A 0 40
p1:35 A 0 41 1 21 23
p1:36 A 0 1
p1:37 A 0 42 43 44
p1:38 A 45 0 1
p1:39 A 0 1 46
p1:40 A 34 0 1 47 22 48 49
p1:41 A 0 50 51
p1:42 A 0 52 53
p1:43 A 0
p1:44 A 0 1 54 55
p1:45 A 56 0 57 58 59
p1:46 A 0 1 60
p1:47 A 0 1 61
p1:48 A 62 0 63 64 65 55
p1:49 A 0 1
p1:50 A 0 1
p1:51 A 0 66
p1:52 A 0 67
p1:53 A 0 1
p1:54 A 0
p1:55 A 0 1
p1:56 A 0 1
p1:57 A 0
p1:58 A 0 30
p1:59 A 0 1
p1:60 A 0 9 1 68 69 30
p1:61 A 0
p1:62 A 0
p1:63 A 0 1 70
p1:64 A 0 1 71 72
p1:65 A 0
p1:66 A 0 73
p1:67 A 0
p1:68 A 0
p1:69 A 0
p1:70 A 0 1 74 75
p1:71 A 0 76 1 77
p1:72 A 0 1
p1:73 A 0 1 78 79
p1:74 A 0
p1:75 A 80 0 81
p1:76 A 0 82
p1:77 A 0 55
p1:78 A 0 1
p1:79 A 0 55
p1:80 A 0 83
p1:81 A 0
p1:82 A 0 84
p1:83 A 0
p1:84 A 85 0
p1:85 A 86 0
p1:86 A 0
p1:87 A 0 1 87
p1:88 A 0 27
p1:89 A 0 1 88
p1:90 A 0 1 89
p1:91 A 0 1 90
p1:92 A 0
p1:93 A 0
p1:94 A 91 0 92
p1:95 A 0 1
p1:96 A 0 1
p1:97 A 0
p1:98 A 0 93
p1:99 A 94 0 1 95
p1:100 A 0
p1:101 A 96 0 1
p1:102 A 97 0 1
p1:103 A 98 0 1
p1:104 A 0 30
p1:105 A 0 52 53
p1:106 A 0 1
p1:107 A 0 1 99 100
p1:108 A 0 1 101
p1:109 A 0
p1:110 A 0
p1:111 A 0 1
p1:112 A 0
p1:113 A 0 1 102
p1:114 A 0 1
p1:115 A 103 0 104
p1:116 A 105 0 1
p1:117 A 0
p1:118 A 0
p1:119 A 106 0 107 1 108
p1:120 A 0 1 65 55
p1:121 A 0 1 51 109
p1:122 A 0 9 110 111 112
p1:123 A 0 66
p1:124 A 0 1 113 114
p1:125 A 0 115
p1:126 A 0
p1:127 A 0 1
p1:128 A 0
p1:129 A 0
p1:130 A 0 1
p1:131 A 0 116
p1:132 A 0 117
p1:133 A 0 1 118
p1:134 A 0 1 119
p1:135 A 0
p1:136 A 0 1 120
p1:137 A 0 1 53
p1:138 A 0 1 121
p1:139 A 0 1 66
p1:140 A 0 122 123 124
p1:141 A 125 126 0 1 46 127
p1:142 A 0 1
p1:143 A 0 66
p1:144 A 0 1
p1:145 A 0
p1:146 A 0 1
p1:147 A 0 1 128
p1:148 A 0 129
p1:149 A 0 1 23 35
p1:150 A 0 1 130 61
p1:151 A 131 0 9 132
p1:152 A 0 1
p1:153 A 133 0
p1:154 A 134 0 51
p1:155 A 135 0 1
p1:156 A 0 115
p1:157 A 0
p1:158 A 0 1
p1:159 A 0 1 136 51 137
p1:160 A 0 138 84 59
p1:161 A 0 139 140
p1:162 A 0 1
p1:163 A 0 141
p1:164 A 142 0 1
p1:165 A 0 1
p1:166 A 143 0
p1:167 A 0 144 145
p1:168 A 146 0
p1:169 A 0 147
p1:170 A 0 17
p1:171 A 148 0 1
p1:172 A 0 149 1 150 39
p1:173 A 0 1
p1:174 A 0 1 87 151
p1:175 A 152 0 1
p1:176 A 0
p1:177 A 0 55
p1:178 A 0 1
p1:179 A 0 1 153
p1:180 A 0 154
p1:181 A 0 1 155
p1:182 A 0 149
p1:183 A 0 27
p1:184 A 0 156
p1:185 A 0
p1:186 A 0 1 157 27
p1:187 A 86 0 158
p1:188 A 0 1 159
p1:189 A 0 1
p1:190 A 0 46 160
p1:191 A 0 9 30
p1:192 A 0
p1:193 A 0 1 21 23 161
p1:194 A 0 1 71 27
p1:195 A 0 162 1 115
p1:196 A 0 1
p1:197 A 0 1 163
p1:198 A 0 1 164 165 166 167
p1:199 A 0 1
p1:200 A 0 1
p1:201 A 168 0 51
p1:202 A 0 1 169 51
p1:203 A 0 1
p1:204 A 0 1
p1:205 A 0 1
p1:206 A 0 170
p1:207 A 0 1 50
p1:208 A 0 1 171
p1:209 A 0 1 172 173
p1:210 A 0 174
p1:211 A 0 175
p1:212 A 0 176
p1:213 A 0 1
p1:214 A 0
p1:215 A 0 1 177 55 178 179
p1:216 A 0 1
p1:217 A 0 75
p1:218 A 0 1 180 181
p1:219 A 0 1
p1:220 A 0
p1:221 A 0 1
p1:222 A 0 1
p1:223 A 0 1 182
p1:224 A 0 1
p1:225 A 0 1
p1:226 A 0 55
p1:227 A 0 4
p1:228 A 183 0 1 118 184
p1:229 A 0 1
p1:230 A 0 27
p1:231 A 0 1 113
p1:232 A 86 0 1 185
p1:233 A 0 186 101
p1:234 A 0 1 27
p1:235 A 0 187 188
p1:236 A 0
p1:237 A 0 1 189 43 139
p1:238 A 0 1 190
p1:239 A 0
p1:240 A 0 1 58 59
p1:241 A 0 1 51
p1:242 A 0 77
p1:243 A 0 191 192
p1:244 A 0 1 193
p1:245 A 0
p1:246 A 134 0 194
p1:247 A 0
p1:248 A 0 1 195
p1:249 A 0 1
p1:250 A 0 1
p1:251 A 0
p1:252 A 62 0 196 197 55
p1:253 A 198 0 199
p1:254 A 200 0
p1:255 A 0 1 201 202
p1:256 A 0 1 26
p1:257 A 0 1 116 203
p1:258 A 0 1
p1:259 A 0 90
p1:260 A 0 1
p1:261 A 0 1
p1:262 A 0 1
p1:263 A 0 1
p1:264 A 34 0 204 205
p1:265 A 0 21 23 161 35 206
p1:266 A 0 59
p1:267 A 0 207
p1:268 A 0 1 30
p1:269 A 208 0
p1:270 A 0 1
p1:271 A 0 1 209
p1:272 A 0 1
p1:273 A 0 1 161
p1:274 A 0 1 27
p1:275 A 0 210 211 17
p1:276 A 0 1 212
p1:277 A 0 27
p1:278 A 0 213
p1:279 A 0 1 214
p1:280 A 0 1
p1:281 A 0
p1:282 A 0
p1:283 A 0 1
p1:284 A 0 1 155 17
p1:285 A 0
p1:286 A 0 1
p1:287 A 215 216 0 1
p1:288 A 0
p1:289 A 0 139
p1:290 A 0 1
p1:291 A 0
p1:292 A 217 86 0 218 219
p1:293 A 0
p1:294 A 0 220 221
p1:295 A 0 1 222
p1:296 A 0 1 223 224 225 196
p1:297 A 0 1 27
p1:298 A 0 1
p1:299 A 0 1
p1:300 A 0 226 1
p1:301 A 227 0 228 77
p1:302 A 229 0 1
p1:303 A 0 1
p1:304 A 0 1 202
p1:305 A 0 1 195
p1:306 A 0 1 140
p1:307 A 0 1
p1:308 A 0 1 26
p1:309 A 0 1
p1:310 A 0
p1:311 A 0
p1:312 A 0 1
p1:313 A 230 0 231
p1:314 A 0 1
p1:315 A 0 1
p1:316 A 0 1
p1:317 A 0
p1:318 A 0
p1:319 A 0 1
p1:320 A 0 1
p1:321 A 0 1
p1:322 A 0 228
p1:323 A 0
p1:324 A 0 30 232
p1:325 A 0 1
p1:326 A 0 1
p1:327 A 0
p1:328 A 0 1 30
p1:329 A 0 1 201 202
p1:330 A 0
p1:331 A 0 1
p1:332 A 0 1 233
p1:333 A 0 234 17
p1:334 A 0 1
p1:335 A 0 235 236
p1:336 A 0
p1:337 A 0 1
p1:338 A 0 1 237 194
p1:339 A 0 1
p1:340 A 238 0
p1:341 A 0 201
p1:342 A 0 1
p1:343 A 0 1 239
p1:344 A 0 9 240
p1:345 A 0 1 27 241
p1:346 A 242 0 1
p1:347 A 0 1 243
p1:348 A 0 1
p1:349 A 0 1 66
p1:350 A 0 40
p1:351 A 0 196 55
p1:352 A 0 71 27
p1:353 A 0 1 27
p1:354 A 0
p1:355 A 244 0 1
p1:356 A 131 0 245
p1:357 A 0 1
p1:358 A 0
p1:359 A 246 0 1 247 248
p1:360 A 0
p1:361 A 249 0 1
p1:362 A 0 1
p1:363 A 0 1
p1:364 A 0 1 161
p1:365 A 0 1 250
p1:366 A 0 1 58
p1:367 A 0
p1:368 A 251 0 1
p1:369 A 252 0
p1:370 A 0 1 46 160 253
p1:371 A 0 27
p1:372 A 0 1
p1:373 A 0 9 1
p1:374 A 0 254
p1:375 A 0 39
p1:376 A 0 66 255
p1:377 A 0 1
p1:378 A 0 1 90
p1:379 A 91 0 1
p1:380 A 0 1 233
p1:381 A 0 1
p1:382 A 0 256
p1:383 A 0 1 68 30
p1:384 A 0 170
p1:385 A 0 1 113
p1:386 A 0 257 258
p1:387 A 0
p1:388 A 0 259 1 260 261
p1:389 A 0 1
p1:390 A 0 1 74
p1:391 A 0 1 257 262 263
p1:392 A 0
p1:393 A 0 30
p1:394 A 0 1
p1:395 A 264 0
p1:396 A 0 66 265
p1:397 A 0 149 150
p1:398 A 0
p1:399 A 0 233 50 266
p1:400 A 0
p1:401 A 0 1 267 30
p1:402 A 0
p1:403 A 0 268
p1:404 A 0 269
p1:405 A 0 270
p1:406 A 0 1
p1:407 A 0 1
p1:408 A 0 58 207
p1:409 A 0 271 35
p1:410 A 0 54
p1:411 A 0
p1:412 A 0
p1:413 A 272 0 1 21 35 206 273
p1:414 A 0 1 274
p1:415 A 0 275
p1:416 A 0 1 113
p1:417 A 0 1 276 30 277
p1:418 A 0 1 30
p1:419 A 0 1 5 26
p1:420 A 278 279 0 1 51
p1:421 A 0 270 275
p1:422 A 0 1
p1:423 A 94 0 1
p1:424 A 0 1 42 43
p1:425 A 0
p1:426 A 94 0 1 280
p1:427 A 0 1
p1:428 A 0 65
p1:429 A 0 1 281 282
p1:430 A 283 0 284 285 286
p1:431 A 0
p1:432 A 0 1 54
p1:433 A 0 1 287 288
p1:434 A 0 1 289 290
p1:435 A 0 1 291
p1:436 A 292 293 0 163
p1:437 A 0 1
p1:438 A 294 0
p1:439 A 85 0 295 296
p1:440 A 0 209
p1:441 A 0 39
p1:442 A 0 1 175
p1:443 A 297 0 1 298
p1:444 A 0 1 196 55
p1:445 A 0 51 299
p1:446 A 0 1 61
p1:447 A 0 1
p1:448 A 0 1
p1:449 A 300 0
p1:450 A 0 1 30
p1:451 A 0 301 1 302 35
p1:452 A 0 1
p1:453 A 0 1
p1:454 A 303 0 1 228
p1:455 A 0 1
p1:456 A 0 1
p1:457 A 0 1
p1:458 A 0 201 147
p1:459 A 0
p1:460 A 105 0
p1:461 A 0
p1:462 A 0
p1:463 A 0 1 32
p1:464 A 0 304 1
p1:465 A 0 1
p1:466 A 0 1
p1:467 A 0 1 305
p1:468 A 0 163 306
p1:469 A 0 1 66 307
p1:470 A 308 0 1 123
p1:471 A 0 1 155 17
p1:472 A 0 1 309
p1:473 A 0 1 123
p1:474 A 0 1 310
p1:475 A 0 311
p1:476 A 312 0
p1:477 A 0 1 5 54
p1:478 A 0 1
p1:479 A 0 1 313
p1:480 A 0
p1:481 A 105 0
p1:482 A 0 1
p1:483 A 9 10 314 30
p1:484 A 0
p1:485 A 0 1 271 35
p1:486 A 0 1 315
p1:487 A 0 316 1 51
p1:488 A 0 1
p1:489 A 0 1 317
p1:490 A 91 0 1
p1:491 A 0 1
p1:492 A 318 0 1
p1:493 A 0 1 319
p1:494 A 0 1 27
p1:495 A 0 1 40
p1:496 A 0 1 320 4
p1:497 A 0 23 161
p1:498 A 0 321
p1:499 A 0 1
p1:500 A 0 1 322
p1:501 A 0 323
p1:502 A 0 324
p1:503 A 0 1 65
p1:504 A 0
p1:505 A 0 1 231 118
p1:506 A 325 0 1
p1:507 A 0 326
p1:508 A 0
p1:509 A 0 21 23
p1:510 A 327 0 40
p1:511 A 0 1 268
p1:512 A 0 1
p1:513 A 0 328 1 329 330
p1:514 A 331 332 0 53
p1:515 A 0 1 333
p1:516 A 0
p1:517 A 0 1
p1:518 A 105 0 1 268
p1:519 A 0 1
p1:520 A 0 334 1
p1:521 A 85 0 1 335 295
p1:522 A 0 1 65
p1:523 A 0
p1:524 A 0 1 27
p1:525 A 0
p1:526 A 0 76
p1:527 A 0
p1:528 A 336 0 55
p1:529 A 0
p1:530 A 0 1
p1:531 A 0 1
p1:532 A 0 35 337
p1:533 A 0 1 338
p1:534 A 0
p1:535 A 0 1
p1:536 A 0 339 118
p1:537 A 0 340
p1:538 A 0 1 35
p1:539 A 0
p1:540 A 0 341
p1:541 A 0 1 342
p1:542 A 0 1
p1:543 A 0 1
p1:544 A 0 343 344
p1:545 A 0 55
p1:546 A 0 1 345
p1:547 A 0 1
p1:548 A 0
p1:549 A 0
p1:550 A 346 0 347 348
p1:551 A 0 207
p1:552 A 36 0 1 349
p1:553 A 0 149 1 150
p1:554 A 0 1
p1:555 A 350 131 351 0 9 352 132
p1:556 A 0 353
p1:557 A 0 1 10
p1:558 A 0 1
p1:559 A 0 1
p1:560 A 354 0 1 40
p1:561 A 0 55
p1:562 A 346 0 355 356
p1:563 A 0 1 357
p1:564 A 0
p1:565 A 0
p1:566 A 0 1 55 358
p1:567 A 0
p1:568 A 0 1 359 360
p1:569 A 0 1 361
p1:570 A 0 1
p1:571 A 0 362 35 27
p1:572 A 0 363 118
p1:573 A 0 342
p1:574 A 0
p1:575 A 0 1 46
p1:576 A 0
p1:577 A 364 0
p1:578 A 0 1
p1:579 A 34 365 0 1 22
p1:580 A 0
p1:581 A 0 9 366 68 30
p1:582 A 0 1
p1:583 A 0 1
p1:584 A 0
p1:585 A 0
p1:586 A 0
p1:587 A 0
p1:588 A 0 92
p1:589 A 0 1
p1:590 A 0 1
p1:591 A 0 1 35 27
p1:592 A 0 1 367 55
p1:593 A 0 1 368
p1:594 A 0
p1:595 A 0 1
p1:596 A 0 87
p1:597 A 244 369 0
p1:598 A 91 0
p1:599 A 0
p1:600 A 0 370
p1:601 A 371 0 1 265
p1:602 A 0 372 373
p1:603 A 0 176
p1:604 A 0 190
p1:605 A 0 1 374 30
p1:606 A 0 1 23
p1:607 A 0 375 376 377
p1:608 A 378 0 1 379 380 55
p1:609 A 0 1
p1:610 A 0 111
p1:611 A 0 1 65
p1:612 A 0
p1:613 A 381 0 1 136 51 65 137
p1:614 A 0 1
p1:615 A 0 382 1 54
p1:616 A 383 0 1 268 384
p1:617 A 0
p1:618 A 385 0 1
p1:619 A 0 386 30
p1:620 A 0
p1:621 A 0 387 115
p1:622 A 0 1
p1:623 A 0 35 27
p1:624 A 0 1
p1:625 A 0 1 27
p1:626 A 388 0
p1:627 A 0
p1:628 A 0 1
p1:629 A 0 9 1 68
p1:630 A 0 1 30
p1:631 A 0 389 1
p1:632 A 0 1 30 341
p1:633 A 0 390
p1:634 A 0
p1:635 A 0 1
p1:636 A 0 1 391
p1:637 A 0 1
p1:638 A 0 392
p1:639 A 393 0 1 35 27
p1:640 A 96 0 1 113
p1:641 A 394 0
p1:642 A 0 1 87 395
p1:643 A 0 30
p1:644 A 0 1 396 397 398
p1:645 A 0
p1:646 A 0 1 151
p1:647 A 0 66
p1:648 A 365 0 22
p1:649 A 0 1 399
p1:650 A 369 0 1
p1:651 A 85 0 335 87
p1:652 A 400 1
p1:653 A 0 1 401 74 75
p1:654 A 0
p1:655 A 0 1
p1:656 A 402 0 1
p1:657 A 0 403
p1:658 A 0 404
p1:659 A 0 1
p1:660 A 0 1
p1:661 A 0 176
p1:662 A 0 1 405 386
p1:663 A 0 406 298
p1:664 A 0 1 52 407
p1:665 A 0 257 40
p1:666 A 0 408
p1:667 A 0 268
p1:668 A 0 1
p1:669 A 0 409 55
p1:670 A 0 1 55
p1:671 A 0 1
p1:672 A 0 1
p1:673 A 0 1 30
p1:674 A 0 65
p1:675 A 0 410
p1:676 A 0
p1:677 A 0 27
p1:678 A 0 9 1 386 30
p1:679 A 0 1 411
p1:680 A 0 53
p1:681 A 412 0 1 104 413 414
p1:682 A 0 1 27
p1:683 A 246 0 415 416
p1:684 A 0 338 417
p1:685 A 418 1
p1:686 A 0
p1:687 A 242 0 1
p1:688 A 0 9 1 30
p1:689 A 419 0 257
p1:690 A 0 420 1 404
p1:691 A 365 0 22 48
p1:692 A 421 0 190
p1:693 A 0
p1:694 A 422 423 0 1 163
p1:695 A 0 1 193
p1:696 A 0 345
p1:697 A 424 425 0 1
p1:698 A 0 7
p1:699 A 34 365 0 22 48
p1:700 A 0 17
p1:701 A 0 1 233 17
p1:702 A 0 426 209
p1:703 A 0 427 194
p1:704 A 428 0
p1:705 A 0 429
p1:706 A 0 50
p1:707 A 430 0 431 1 432
p1:708 A 0 30
p1:709 A 0 1 231
p1:710 A 0 170
p1:711 A 0
p1:712 A 0 433 1 27
p1:713 A 0 1 434
p1:714 A 0 1 435
p1:715 A 0 436
p1:716 A 0 1
p1:717 A 0 1 403
p1:718 A 0
p1:719 A 0 1 51
p1:720 A 0
p1:721 A 0 386
p1:722 A 0 1
p1:723 A 437 0 1 386
p1:724 A 0
p1:725 A 424 0
p1:726 A 0 438 53
p1:727 A 0 1 233 439
p1:728 A 0 1 281
p1:729 A 0 27
p1:730 A 0
p1:731 A 0 1 434
p1:732 A 0 1 440
p1:733 A 94 0
p1:734 A 0 27
p1:735 A 0 1 27
p1:736 A 0 1 441
p1:737 A 0 1
p1:738 A 105 0 442
p1:739 A 0 1 55
p1:740 A 0 443
p1:741 A 0 1 444 27
p1:742 A 0 1 445
p1:743 A 0 1 59
p1:744 A 0 1
p1:745 A 0 1 228 164 165 167
p1:746 A 297 0 298
p1:747 A 0 1 339
p1:748 A 0
p1:749 A 0 446
p1:750 A 0 1 35
p1:751 A 0 1 219 398
p1:752 A 0 1 447 84 59
p1:753 A 448 0 324
p1:754 A 0 1 150
p1:755 A 0
p1:756 A 0 1
p1:757 A 449 0 1
p1:758 A 0 51 450
p1:759 A 0 55
p1:760 A 0
p1:761 A 0 1 451
p1:762 A 0 1 39
p1:763 A 0 1 452
p1:764 A 0 1
p1:765 A 0 1 61
p1:766 A 297 0 1 298
p1:767 A 0 228 165 167
p1:768 A 0 1 175
p1:769 A 242 0
p1:770 A 453 0 454 53
p1:771 A 0 455 46
p1:772 A 0 17 456
p1:773 A 0 1 457
p1:774 A 458 0 1 459 241
p1:775 A 0 434
p1:776 A 0 9
p1:777 A 94 0 1 268
p1:778 A 0 1 436
p1:779 A 86 0
p1:780 A 0
p1:781 A 460 0
p1:782 A 461 0
p1:783 A 0 462
p1:784 A 463 0
p1:785 A 0
p1:786 A 0 1 71
p1:787 A 0 1
p1:788 A 0 464
p1:789 A 0 1
p1:790 A 0 21 161 465
p1:791 A 0
p1:792 A 246 0 466 467 416
p1:793 A 0 434
p1:794 A 0 1
p1:795 A 0 468
p1:796 A 0 9 1
p1:797 A 0 1 436
p1:798 A 0 27 469
p1:799 A 0 76 1 77
p1:800 A 0 1 470 87
p1:801 A 0 17 471
p1:802 A 0
p1:803 A 0 1
p1:804 A 0 1 472
p1:805 A 0 1
p1:806 A 0 1 473 341
p1:807 A 385 0 1
p1:808 A 0
p1:809 A 0 474 1 475
p1:810 A 476 0
p1:811 A 0 338 195
p1:812 A 0 1
p1:813 A 0 1 54
p1:814 A 0
p1:815 A 0 1 436
p1:816 A 0 228 167
p1:817 A 0 1
p1:818 A 0 71 477 27 478
p1:819 A 0 1
p1:820 A 0
p1:821 A 0 1 165 46
p1:822 A 0
p1:823 A 0 201 202
p1:824 A 479 0 1
p1:825 A 0 1 480 481
p1:826 A 0
p1:827 A 0
p1:828 A 0 482
p1:829 A 0 1
p1:830 A 0 9 68 30
p1:831 A 0
p1:832 A 0
p1:833 A 483 0 1
p1:834 A 0 1 35 484
p1:835 A 485 0 1 284
p1:836 A 0 1 7
p1:837 A 486 0 1 52
p1:838 A 0 257 487
p1:839 A 0 1
p1:840 A 0 1 21 23
p1:841 A 488 0 489
p1:842 A 0 490 491
p1:843 A 0 1 492
p1:844 A 0 1
p1:845 A 0 1 493
p1:846 A 494 0 495
p1:847 A 0 1 496 87
p1:848 A 0
p1:849 A 497 0 472
p1:850 A 0 1
p1:851 A 91 0 1 498 92
p1:852 A 0 1 71 27
p1:853 A 0 1 104
p1:854 A 0 65 55
p1:855 A 499 0 59
p1:856 A 0 500
p1:857 A 0 501 502
p1:858 A 0 503
p1:859 A 0 1 35 504
p1:860 A 0
p1:861 A 0 1 26 54 55
p1:862 A 125 126 0 1 505 46
p1:863 A 0 302
p1:864 A 506 0 507
p1:865 A 283 0 1
p1:866 A 0 1 471 61
p1:867 A 0 1 508
p1:868 A 0 1 509
p1:869 A 0 1
p1:870 A 0 1
p1:871 A 0
p1:872 A 0 1 84
p1:873 A 0 1
p1:874 A 0
p1:875 A 0
p1:876 A 0 510 1 268
p1:877 A 511 0
p1:878 A 512 0 1
p1:879 A 513 0 84 514 59
p1:880 A 0 1
p1:881 A 0 1 118
p1:882 A 515 0 66 268
p1:883 A 0 150 39
p1:884 A 0 516 517
p1:885 A 0 1 58 207
p1:886 A 0 518
p1:887 A 0 1 51
p1:888 A 0 1 329 30
p1:889 A 0 519 284
p1:890 A 0 1
p1:891 A 91 0 498 92
p1:892 A 0 1 436 333
p1:893 A 0
p1:894 A 0
p1:895 A 0 1
p1:896 A 0 520
p1:897 A 0
p1:898 A 0 1
p1:899 A 0 1 165 46
p1:900 A 521 0 163
p1:901 A 0 1 522 87 523
p1:902 A 524 0 1
p1:903 A 0
p1:904 A 0
p1:905 A 0 1 341
p1:906 A 0 1
p1:907 A 0 5 26 54
p1:908 A 0
p1:909 A 525 0 526
p1:910 A 0 527
p1:911 A 0 386
p1:912 A 528 0 1
p1:913 A 0
p1:914 A 0 165
p1:915 A 279 0 1
p1:916 A 0 1 436
p1:917 A 0
p1:918 A 0 529 1 530 531
p1:919 A 0 1 291
p1:920 A 0 1 416
p1:921 A 246 0 247 532 416
p1:922 A 0 1 87
p1:923 A 0 1
p1:924 A 0 533
p1:925 A 0 1 163 306
p1:926 A 0 1
p1:927 A 336 0 55
p1:928 A 0 534 74
p1:929 A 535 0 536
p1:930 A 0 65 537 55
p1:931 A 0 1
p1:932 A 538 0 436 539
p1:933 A 0 1 17 471
p1:934 A 0 1 42
p1:935 A 0 540
p1:936 A 0 1
p1:937 A 0 233 17
p1:938 A 0 202
p1:939 A 0 541 53
p1:940 A 0 1
p1:941 A 0 542 1 543 39
p1:942 A 0 1
p1:943 A 0 26
p1:944 A 0
p1:945 A 0 1
p1:946 A 0 544
p1:947 A 0 1
p1:948 A 0 17
p1:949 A 0 1 545
p1:950 A 0 403 546
p1:951 A 0 547
p1:952 A 548 0
p1:953 A 0 201
p1:954 A 0 1
p1:955 A 0 549 550
p1:956 A 0 1
p1:957 A 0
p1:958 A 0 165 167
p1:959 A 0 1 195
p1:960 A 0
p1:961 A 0 78 54
p1:962 A 0
p1:963 A 0 1 551
p1:964 A 552 0
p1:965 A 0
p1:966 A 0 1
p1:967 A 0 92
p1:968 A 0 9 553 386 30
p1:969 A 0 233
p1:970 A 0 1
p1:971 A 0 1
p1:972 A 0 1 554
p1:973 A 36 0 349
p1:974 A 0 1
p1:975 A 0 1 555
p1:976 A 346 0 1
p1:977 A 0 1
p1:978 A 34 365 0 1 22 48
p1:979 A 0 1
p1:980 A 0 1 556
p1:981 A 0
p1:982 A 0
p1:983 A 0 1
p1:984 A 0
p1:985 A 0 39
p1:986 A 0 9 1 27 30
p1:987 A 0 1 190
p1:988 A 0 557 558
p1:989 A 0 559 560
p1:990 A 0 561 267
p1:991 A 0
p1:992 A 562 563 0
p1:993 A 0 564 65 55 565
p1:994 A 566 0 1
p1:995 A 283 0 284 567
p1:996 A 0 1 201 202
p1:997 A 0 1
p1:998 A 568 0 569
p1:999 A 0 386 570
p1:1000 A 0
p1:1001 A 0 1 571 118 572
p1:1002 A 0
p1:1003 A 34 365 573 0 1 22
p1:1004 A 0 574
p1:1005 A 0 1 426 209
p1:1006 A 0
p1:1007 A 0 1 51
p1:1008 A 0 1
p1:1009 A 0 1 575
p1:1010 A 0 149 1 150 39
p1:1011 A 0
p1:1012 A 0 576
p1:1013 A 0 165
p1:1014 A 369 0 1
p1:1015 A 0 90
p1:1016 A 0 1 577 235
p1:1017 A 0 382 1 54 578
p1:1018 A 134 0 51
p1:1019 A 579 0 580 1 17
p1:1020 A 0 1 26 54 55
p1:1021 A 0 581
p1:1022 A 0 1 516
p1:1023 A 582 0 1
p1:1024 A 0 1 160
p1:1025 A 0
p1:1026 A 0 1
p1:1027 A 0
p1:1028 A 0
p1:1029 A 583 0 1 584 50
p1:1030 A 0 65 55
p1:1031 A 585 0 586
p1:1032 A 0
p1:1033 A 0 1
p1:1034 A 0 587 588 589 590
p1:1035 A 0 1 591 27
p1:1036 A 0 1
p1:1037 A 0
p1:1038 A 0 1 592 202
p1:1039 A 0
p1:1040 A 0 35 27 593
p1:1041 A 0 594
p1:1042 A 595 0 1 596
p1:1043 A 0 1
p1:1044 A 0 1 74
p1:1045 A 0
p1:1046 A 0 55
p1:1047 A 0 1 84 59
p1:1048 A 91 0
p1:1049 A 0 1
p1:1050 A 94 0 1
p1:1051 A 0
p1:1052 A 0 1 17 61
p1:1053 A 0 1 597 329
p1:1054 A 0 1 598
p1:1055 A 208 0
p1:1056 A 0 1
p1:1057 A 0 1 21 77
p1:1058 A 0 26
p1:1059 A 0 599
p1:1060 A 600 0 1
p1:1061 A 0 1 416
p1:1062 A 0 1
p1:1063 A 0 267
p1:1064 A 601 0 602 196 55
p1:1065 A 0 1 5 26 603
p1:1066 A 0 604 1 260 261
p1:1067 A 0 1 436
p1:1068 A 0
p1:1069 A 0 1
p1:1070 A 0
p1:1071 A 605 0 404
p1:1072 A 0 1
p1:1073 A 0 606
p1:1074 A 0 1 50
p1:1075 A 0
p1:1076 A 0 1 607 608
p1:1077 A 0 1
p1:1078 A 0 1 609
p1:1079 A 460 0
p1:1080 A 0 144 610
p1:1081 A 0 26 54
p1:1082 A 0 1 54
p1:1083 A 0 611 53
p1:1084 A 0 612
p1:1085 A 0 1
p1:1086 A 0
p1:1087 A 613 0 1 614
p1:1088 A 0 1 59
p1:1089 A 105 0 615 268
p1:1090 A 134 0 237 427 194
p1:1091 A 616 0 617 335
p1:1092 A 0 618 1 187
p1:1093 A 619 0 54
p1:1094 A 0 1 434
p1:1095 A 0 71
p1:1096 A 134 0 492
p1:1097 A 0 382 27
p1:1098 A 0
p1:1099 A 0
p1:1100 A 0
p1:1101 A 0 27
p1:1102 A 620 0 1
p1:1103 A 0 1 39
p1:1104 A 621 0 17
p1:1105 A 525 0 622
p1:1106 A 0 1
p1:1107 A 0 155
p1:1108 A 0
p1:1109 A 0 1 27
p1:1110 A 0 1
p1:1111 A 0 623
p1:1112 A 0 4
p1:1113 A 0 1
p1:1114 A 0 624 1
p1:1115 A 0 1
p1:1116 A 0 1 302
p1:1117 A 0 1 113
p1:1118 A 625 0 626
p1:1119 A 627 0 1 65 55 628
p1:1120 A 0 629
p1:1121 A 0 1 170
p1:1122 A 0 630 1
p1:1123 A 0
p1:1124 A 631 0 1 632
p1:1125 A 633 0 634 196
p1:1126 A 0 268 635
p1:1127 A 636 0 637 1
p1:1128 A 0 1 58 207 59
p1:1129 A 0 9 30
p1:1130 A 0 1 638
p1:1131 A 279 0
p1:1132 A 0 302 639
p1:1133 A 582 0 640
p1:1134 A 0
p1:1135 A 0 1 30
p1:1136 A 0 434 516
p1:1137 A 0 1
p1:1138 A 34 0 48
p1:1139 A 641 0 343
p1:1140 A 0 642 68 30
p1:1141 A 0 281
p1:1142 A 0 186 101 643
p1:1143 A 0 1
p1:1144 A 0 1
p1:1145 A 0 1
p1:1146 A 0 541 644 141
p1:1147 A 0 1 73
p1:1148 A 0 1
p1:1149 A 0 43
p1:1150 A 0 645
p1:1151 A 0
p1:1152 A 0 646 55
p1:1153 A 0
p1:1154 A 0 647
p1:1155 A 0
p1:1156 A 648 0 9 1
p1:1157 A 91 0 1 649 35
p1:1158 A 91 0 92
p1:1159 A 0 1
p1:1160 A 0 1 17 471
p1:1161 A 0
p1:1162 A 0
p1:1163 A 0
p1:1164 A 0
p1:1165 A 0
p1:1166 A 0 270
p1:1167 A 0 1
p1:1168 A 0 1
p1:1169 A 0 360
p1:1170 A 0 650 104
p1:1171 A 0 1 22 23
p1:1172 A 0 1 257 40
p1:1173 A 0 1
p1:1174 A 0 1 177 179
p1:1175 A 0 1
p1:1176 A 0 1 398
p1:1177 A 651 0 257 652
p1:1178 A 0 653 1
p1:1179 A 654 0 1
p1:1180 A 0 344 202
p1:1181 A 0
p1:1182 A 0 1 155
p1:1183 A 0 1 508 655
p1:1184 A 0 1 656
p1:1185 A 0 1
p1:1186 A 0 657
p1:1187 A 0 1 23 161 35 206
p1:1188 A 0 1 403 658
p1:1189 A 0 1 65
p1:1190 A 0 1
p1:1191 A 0 1 345
p1:1192 A 0
p1:1193 A 0 9 1 68 30
p1:1194 A 659 0 1
p1:1195 A 0 71 27
p1:1196 A 585 246 0 660 586
p1:1197 A 0 434 661
p1:1198 A 0 1 165 46
p1:1199 A 662 94 0 268
p1:1200 A 36 0 1 66 349
p1:1201 A 36 0 1 66 349
p1:1202 A 663 0 1
p1:1203 A 0 1 65 664 55
p1:1204 A 665 0
p1:1205 A 0 666 1
p1:1206 A 0 1 667
p1:1207 A 0 1 5 26
p1:1208 A 0 1 25 668
p1:1209 A 0 1
p1:1210 A 0 1 17
p1:1211 A 0 306
p1:1212 A 669 0 541
p1:1213 A 0
p1:1214 A 283 437 0 1
p1:1215 A 670 0 1
p1:1216 A 671 0 1
p1:1217 A 0 1
p1:1218 A 0 1 21 35 206
p1:1219 A 0
p1:1220 A 0 672 195
p1:1221 A 0 1
p1:1222 A 0
p1:1223 A 0
p1:1224 A 0 673 55
p1:1225 A 0 1 674 27
p1:1226 A 0 1
p1:1227 A 0 1
p1:1228 A 0 1 27
p1:1229 A 0 1
p1:1230 A 0 1 165 675
p1:1231 A 525 676 0
p1:1232 A 0 1
p1:1233 A 0 1
p1:1234 A 0 1 65
p1:1235 A 0 298
p1:1236 A 0 1 677
p1:1237 A 0 590
p1:1238 A 0 141 53
p1:1239 A 0 193
p1:1240 A 0 1 30
p1:1241 A 0 678
p1:1242 A 279 0 1
p1:1243 A 0
p1:1244 A 134 679 0 680 501 681
p1:1245 A 0 161 206
p1:1246 A 682 0 683 50
p1:1247 A 0
p1:1248 A 0 684 1 65
p1:1249 A 91 0 1
p1:1250 A 0 1
p1:1251 A 0 685
p1:1252 A 0 1
p1:1253 A 385 0 1
p1:1254 A 686 0 1 265
p1:1255 A 0
p1:1256 A 0 74 75
p1:1257 A 0
p1:1258 A 687 0 50
p1:1259 A 688 0
p1:1260 A 0 65 196
p1:1261 A 0 1 689
p1:1262 A 690 0 1 434
p1:1263 A 0 1
p1:1264 A 0
p1:1265 A 0 691
p1:1266 A 0 51
p1:1267 A 0 692
p1:1268 A 91 0 92
p1:1269 A 0 1 113
p1:1270 A 0 693 291
p1:1271 A 0 694 195
p1:1272 A 0 695 1
p1:1273 A 0 1
p1:1274 A 0 1
p1:1275 A 696 0 1 697 136 51
p1:1276 A 0
p1:1277 A 0 698
p1:1278 A 0 58 207 699
p1:1279 A 0 302
p1:1280 A 91 0 35
p1:1281 A 0 1 27
p1:1282 A 700 0
p1:1283 A 0
p1:1284 A 0 701 65 55
p1:1285 A 0 471
p1:1286 A 0 1 17
p1:1287 A 0
p1:1288 A 0 342
p1:1289 A 0
p1:1290 A 0 702
p1:1291 A 0 703
p1:1292 A 0 1 314 30
p1:1293 A 0 704 386
p1:1294 A 0 1 201
p1:1295 A 0 1 54
p1:1296 A 0 1 23
p1:1297 A 0 1
p1:1298 A 0 1 118
p1:1299 A 705 0 1 302 706
p1:1300 A 336 0 1 55
p1:1301 A 0 1
p1:1302 A 0 707 708
p1:1303 A 0 709
p1:1304 A 0 9 1 710
p1:1305 A 96 0
p1:1306 A 0
p1:1307 A 94 0 1
p1:1308 A 0 1 195 711
p1:1309 A 0 1 87 30
p1:1310 A 0 712 235
p1:1311 A 713 0 9 30
p1:1312 A 714 0 1
p1:1313 A 0
p1:1314 A 0
p1:1315 A 0
p1:1316 A 0 1 50 715
p1:1317 A 716 0 717
p1:1318 A 0
p1:1319 A 0 4
p1:1320 A 0 1 231 118
p1:1321 A 0 1 718 719 196
p1:1322 A 0 720
p1:1323 A 0 84
p1:1324 A 0
p1:1325 A 0 1
p1:1326 A 0 1 92
p1:1327 A 0 1 721 61
p1:1328 A 0 1 722
p1:1329 A 0 1 71
p1:1330 A 0 1 436
p1:1331 A 0 1
p1:1332 A 0 307 723
p1:1333 A 0 1 87
p1:1334 A 0 724 508
p1:1335 A 0 1
p1:1336 A 0
p1:1337 A 0 1 725 726
p1:1338 A 727 0 728 729
p1:1339 A 0 730
p1:1340 A 0 66 265
p1:1341 A 0 1
p1:1342 A 0
p1:1343 A 0 1 731 732
p1:1344 A 0
p1:1345 A 0 1
p1:1346 A 0 1
p1:1347 A 34 733 365 0 22
p1:1348 A 0 55
p1:1349 A 0
p1:1350 A 734 0 39
p1:1351 A 0 66
p1:1352 A 0 735
p1:1353 A 36 0
p1:1354 A 0 685
p1:1355 A 0 55
p1:1356 A 0 1 35
p1:1357 A 736 0 1
p1:1358 A 0 51 737
p1:1359 A 0 1
p1:1360 A 98 738 0 324
p1:1361 A 0 17 471 61
p1:1362 A 0 1
p1:1363 A 0 1 55
p1:1364 A 0 1 195
p1:1365 A 0 1 739
p1:1366 A 0 1 740 741
p1:1367 A 0 1
p1:1368 A 0 386
p1:1369 A 0 742 27
p1:1370 A 0 237 427
p1:1371 A 0
p1:1372 A 0
p1:1373 A 134 0 743 744
p1:1374 A 0 745
p1:1375 A 0
p1:1376 A 0 339 118
p1:1377 A 512 0 1
p1:1378 A 746 0 1 403
p1:1379 A 0 747 1 748
p1:1380 A 0 1 59
p1:1381 A 0 1
p1:1382 A 0
p1:1383 A 749 0 1
p1:1384 A 134 0
p1:1385 A 0 1 235
p1:1386 A 0
p1:1387 A 0
p1:1388 A 105 0 1 615 268
p1:1389 A 0 55
p1:1390 A 0 750
p1:1391 A 0 1 71 27
p1:1392 A 511 0 1
p1:1393 A 0 751
p1:1394 A 0 1 320
p1:1395 A 752 0 753
p1:1396 A 0 1 754 30
p1:1397 A 0 755 756
p1:1398 A 0 1 675
p1:1399 A 0 71
p1:1400 A 0 201
p1:1401 A 134 0
p1:1402 A 105 0 1
p1:1403 A 0 55
p1:1404 A 0 262
p1:1405 A 0 9 1
p1:1406 A 0 54
p1:1407 A 757 0 1 758 35 92
p1:1408 A 0
p1:1409 A 0
p1:1410 A 365 0 1 48 386
p1:1411 A 759 0 39
p1:1412 A 0
p1:1413 A 0 132
p1:1414 A 85 0 760 1 335 295
p1:1415 A 0 1 386
p1:1416 A 242 0 1
p1:1417 A 761 0 1 46 160
p1:1418 A 0
p1:1419 A 0 1 306
p1:1420 A 0 762
p1:1421 A 0 1 763
p1:1422 A 0 1
p1:1423 A 0 257
p1:1424 A 497 0 9 1
p1:1425 A 336 0 1 55
p1:1426 A 0
p1:1427 A 0 196
p1:1428 A 0
p1:1429 A 0
p1:1430 A 0 1 30
p1:1431 A 0 155
p1:1432 A 0 1
p1:1433 A 0 1 764 765
p1:1434 A 0
p1:1435 A 0 1
p1:1436 A 0 766 767
p1:1437 A 0 1
p1:1438 A 585 246 0 1 660
p1:1439 A 0 1
p1:1440 A 0 1
p1:1441 A 0 30
p1:1442 A 0 1
p1:1443 A 0 1 459 27 241
p1:1444 A 0
p1:1445 A 91 0 498
p1:1446 A 0 116 27
p1:1447 A 0
p1:1448 A 0 1
p1:1449 A 0 1
p1:1450 A 0 1 768
p1:1451 A 0 155 17
p1:1452 A 0 1 333
p1:1453 A 0 165
p1:1454 A 769 0 1 770
p1:1455 A 0
p1:1456 A 0 1 675
p1:1457 A 0 149 1 150
p1:1458 A 0 1 607 771
p1:1459 A 0 32
p1:1460 A 0
p1:1461 A 0 1
p1:1462 A 0 1
p1:1463 A 0
p1:1464 A 0 772 228 20
p1:1465 A 94 0 773 268
p1:1466 A 0
p1:1467 A 0 607
p1:1468 A 283 0
p1:1469 A 0 1 233
p1:1470 A 0 1
p1:1471 A 0 51
p1:1472 A 0 136 50
p1:1473 A 0 1
p1:1474 A 0 1 774
p1:1475 A 600 0 1
p1:1476 A 0 775
p1:1477 A 0 1 50
p1:1478 A 0 1 776
p1:1479 A 0 25 26 777
p1:1480 A 0 55 778
p1:1481 A 0 779
p1:1482 A 0 159 61
p1:1483 A 0 780
p1:1484 A 0 1 84 59
p1:1485 A 0 1 781
p1:1486 A 0 1
p1:1487 A 0 475
p1:1488 A 0 1 26
p1:1489 A 0 1
p1:1490 A 0 782 27 783
p1:1491 A 0
p1:1492 A 0 1
p1:1493 A 0 1
p1:1494 A 0 1 5 26
p1:1495 A 0 1 27
p1:1496 A 0 1 475 784
p1:1497 A 460 0 1
p1:1498 A 460 0 785
p1:1499 A 786 0
p1:1500 A 0 1 787 590
p1:1501 A 479 0 1 788
p1:1502 A 0 1 26
p1:1503 A 0 1 207
p1:1504 A 789 0 1 790
p1:1505 A 0 1 791
p1:1506 A 0 1
p1:1507 A 34 0
p1:1508 A 252 6 0
p1:1509 A 792 0 1
p1:1510 A 0 793
p1:1511 A 0
p1:1512 A 0 9 1 30
p1:1513 A 794 0 40
p1:1514 A 0 68
p1:1515 A 105 0 1
p1:1516 A 0 247 416
p1:1517 A 0 459 241
p1:1518 A 0 795 345
p1:1519 A 0 1
p1:1520 A 85 796 0 335 797 296
p1:1521 A 0 1 459 27
p1:1522 A 0 798 1
p1:1523 A 799 0 1 800
p1:1524 A 0 1
p1:1525 A 0 1
p1:1526 A 0 801 1 802
p1:1527 A 0
p1:1528 A 0 1 61
p1:1529 A 0
p1:1530 A 0 1 339
p1:1531 A 0 803
p1:1532 A 0 1
p1:1533 A 0
p1:1534 A 0 1 804
p1:1535 A 98 805 0 1 806
p1:1536 A 0 1
p1:1537 A 0 1
p1:1538 A 0 1
p1:1539 A 0
p1:1540 A 0 1 30
p1:1541 A 0 1
p1:1542 A 807 0 808
p1:1543 A 0 1 267
p1:1544 A 0 809 1
p1:1545 A 0 348
p1:1546 A 810 811 1 812 813
p1:1547 A 0 1
p1:1548 A 0 434
p1:1549 A 0
p1:1550 A 814 0
p1:1551 A 0 1 815
p1:1552 A 0 1
p1:1553 A 0 74
p1:1554 A 0 1 39
p1:1555 A 0 1
p1:1556 A 0 35
p1:1557 A 0 1
p1:1558 A 0 508
p1:1559 A 86 0 1 685
p1:1560 A 0 1
p1:1561 A 0 196
p1:1562 A 816 0 1 65 55
p1:1563 A 308 0 1 817 123
p1:1564 A 217 0 1 398
p1:1565 A 0 818
p1:1566 A 0 1 71 27
p1:1567 A 0 1 819 55
p1:1568 A 0 21 23 161
p1:1569 A 217 0 820 163
p1:1570 A 0
p1:1571 A 0
p1:1572 A 0 1 5 26 54
p1:1573 A 0 1 257
p1:1574 A 0
p1:1575 A 0 21 821
p1:1576 A 0 1 26 54
p1:1577 A 822 0 1
p1:1578 A 0 27
p1:1579 A 0
p1:1580 A 0
p1:1581 A 365 0 22 48 386
p1:1582 A 385 0
p1:1583 A 0
p1:1584 A 0 1
p1:1585 A 0 1 54
p1:1586 A 0 1
p1:1587 A 0 1 823 824
p1:1588 A 0 348
p1:1589 A 0
p1:1590 A 0 1 320
p1:1591 A 0 1 30
p1:1592 A 0 196
p1:1593 A 0 27
p1:1594 A 0 1
p1:1595 A 0
p1:1596 A 0 1
p1:1597 A 0 1
p1:1598 A 0
p1:1599 A 0 825
p1:1600 A 0 826 827
p1:1601 A 0 58 59
p1:1602 A 0
p1:1603 A 0
p1:1604 A 308 0
p1:1605 A 430 0 828 219 163
p1:1606 A 0
p1:1607 A 0 1 92
p1:1608 A 0 1 55
p1:1609 A 0
p1:1610 A 0
p1:1611 A 0
p1:1612 A 0 1 82
p1:1613 A 0 1 118
p1:1614 A 0 1
p1:1615 A 0 1 21 23
p1:1616 A 0
p1:1617 A 0 1
p1:1618 A 0 1
p1:1619 A 0
p1:1620 A 0 1
p1:1621 A 0 1
p1:1622 A 0 51
p1:1623 A 0 829 1 775
p1:1624 A 0
p1:1625 A 830 0 1
p1:1626 A 36 0 1
p1:1627 A 0 1
p1:1628 A 0
p1:1629 A 0 831
p1:1630 A 0 1
p1:1631 A 0 1 832
p1:1632 A 0 1 833
p1:1633 A 0
p1:1634 A 0 87 151
p1:1635 A 0 268
p1:1636 A 0 175
p1:1637 A 0 1
p1:1638 A 0
p1:1639 A 0 373
p1:1640 A 0 71
p1:1641 A 62 0 1 65 196 55
p1:1642 A 0
p1:1643 A 0 459 241
p1:1644 A 0 386
p1:1645 A 0 1
p1:1646 A 0 1
p1:1647 A 0 1 123
p1:1648 A 0 1
p1:1649 A 0 1
p1:1650 A 0 834 1 118
p1:1651 A 0 1 835
p1:1652 A 0 1 271 35 27
p1:1653 A 0 54
p1:1654 A 0 836 20
p1:1655 A 0
p1:1656 A 0 1
p1:1657 A 0 27
p1:1658 A 0 1 35 27
p1:1659 A 0 1
p1:1660 A 80 837 0 1
p1:1661 A 0 35
p1:1662 A 0 1 838
p1:1663 A 0
p1:1664 A 839 0 320 4
p1:1665 A 0 1
p1:1666 A 0 1 840 841 333
p1:1667 A 0 1 307
p1:1668 A 0 1
p1:1669 A 0
p1:1670 A 0 1 842
p1:1671 A 0 1 66 349
p1:1672 A 0 843
p1:1673 A 0 1 13 844
p1:1674 A 0 1
p1:1675 A 0 4 845
p1:1676 A 0 1
p1:1677 A 0
p1:1678 A 0 78
p1:1679 A 0 846 847
p1:1680 A 0
p1:1681 A 848 0 1 71 27
p1:1682 A 0 1
p1:1683 A 0 1 144 610
p1:1684 A 0
p1:1685 A 0 1 136 51 137
p1:1686 A 0 849
p1:1687 A 0 74 75
p1:1688 A 0 1
p1:1689 A 0 1 267
p1:1690 A 0
p1:1691 A 0
p1:1692 A 0 660 850 586
p1:1693 A 0 541 851
p1:1694 A 0 852
p1:1695 A 853 0
p1:1696 A 0 1 854
p1:1697 A 855 0 1
p1:1698 A 0
p1:1699 A 0 1
p1:1700 A 0 856
p1:1701 A 0 1 291
p1:1702 A 620 0
p1:1703 A 0 149 1 150 39
p1:1704 A 857 0 1 284
p1:1705 A 0 1 30 277
p1:1706 A 0 1 59
p1:1707 A 85 0 335 87
p1:1708 A 0 1
p1:1709 A 0 348
p1:1710 A 0 22 48 386
p1:1711 A 0 23 161
p1:1712 A 0
p1:1713 A 0 1
p1:1714 A 0 1 373
p1:1715 A 0 1 281
p1:1716 A 0 1
p1:1717 A 0 858
p1:1718 A 0 1 859
p1:1719 A 0 1
p1:1720 A 860 0 87 296
p1:1721 A 0
p1:1722 A 0 861
p1:1723 A 0
p1:1724 A 0
p1:1725 A 0 607
p1:1726 A 0
p1:1727 A 862 0 1 341
p1:1728 A 0 195
p1:1729 A 0 1 55
p1:1730 A 0
p1:1731 A 0 1 863 14 15
p1:1732 A 0 864
p1:1733 A 0 1
p1:1734 A 0 257
p1:1735 A 0 104
p1:1736 A 0 865 27
p1:1737 A 0 82
p1:1738 A 0 866
p1:1739 A 0 66
p1:1740 A 0
p1:1741 A 0 1
p1:1742 A 0 150 39
p1:1743 A 0
p1:1744 A 0 1 71
p1:1745 A 125 0 1
p1:1746 A 0 1 104
p1:1747 A 0 1
p1:1748 A 34 365 0 22
p1:1749 A 0 1
p1:1750 A 0 35
p1:1751 A 867 0 87
p1:1752 A 582 0 868 1 869 870
p1:1753 A 0
p1:1754 A 134 0 1
p1:1755 A 0 1 265
p1:1756 A 497 0 472
p1:1757 A 0 1 871
p1:1758 A 0 64 65 872 55
p1:1759 A 0 1 873 193
p1:1760 A 0 1 368 341
p1:1761 A 0 874
p1:1762 A 34 875 0 1
p1:1763 A 0 876
p1:1764 A 877 0 257 878 879
p1:1765 A 0 880
p1:1766 A 0
p1:1767 A 36 0 1 66 349 881
p1:1768 A 0 1 27
p1:1769 A 0 1
p1:1770 A 0
p1:1771 A 0
p1:1772 A 336 0 882 1
p1:1773 A 0 9 883 884
p1:1774 A 0 35
p1:1775 A 0 1
p1:1776 A 0 1 40
p1:1777 A 0 1
p1:1778 A 0 21 885
p1:1779 A 0 1 257
p1:1780 A 0 1 886
p1:1781 A 0
p1:1782 A 0 1 887 55
p1:1783 A 0 1
p1:1784 A 511 0
p1:1785 A 0
p1:1786 A 283 437 0
p1:1787 A 0
p1:1788 A 535 0
p1:1789 A 0 329 888
p1:1790 A 6 0 1
p1:1791 A 0 889
p1:1792 A 0 1
p1:1793 A 0 890
p1:1794 A 0 71
p1:1795 A 891 0 1
p1:1796 A 0 27
p1:1797 A 0
p1:1798 A 0 55 178 179
p1:1799 A 0 1
p1:1800 A 0
p1:1801 A 252 0 1
p1:1802 A 0 1 35
p1:1803 A 0 892 893 201
p1:1804 A 0 1
p1:1805 A 0 894 1
p1:1806 A 0 9
p1:1807 A 0 895
p1:1808 A 0 1 341
p1:1809 A 0
p1:1810 A 0 1
p1:1811 A 0 896
p1:1812 A 0 897
p1:1813 A 0 9 1 898 899
p1:1814 A 0 1 900
p1:1815 A 0 901 1 51
p1:1816 A 0
p1:1817 A 0
p1:1818 A 0 1 902 118 903
p1:1819 A 0
p1:1820 A 0 1 233
p1:1821 A 0 1 904
p1:1822 A 0 27
p1:1823 A 0 1
p1:1824 A 905 0 1 490
p1:1825 A 0 1 55
p1:1826 A 460 0
p1:1827 A 0 1 71 27
p1:1828 A 0 1 27
p1:1829 A 0 1 426 906 209
p1:1830 A 0
p1:1831 A 0 1
p1:1832 A 297 0 1 298
p1:1833 A 0 202
p1:1834 A 242 0 1
p1:1835 A 217 86 0 1 219 907
p1:1836 A 0 51
p1:1837 A 0 908 55
p1:1838 A 0 909
p1:1839 A 0 910 911
p1:1840 A 912 0 1 55
p1:1841 A 913 0
p1:1842 A 0
p1:1843 A 0 1 914 915
p1:1844 A 0 916
p1:1845 A 917 0
p1:1846 A 0
p1:1847 A 0 1
p1:1848 A 0 918
p1:1849 A 0 1
p1:1850 A 0 1 471 919 61
p1:1851 A 0
p1:1852 A 0 1
p1:1853 A 86 0 920 921 1
p1:1854 A 0 922 247 416
p1:1855 A 0 1 320 4
p1:1856 A 430 0 219 163
p1:1857 A 0
p1:1858 A 0 396
p1:1859 A 0 1 176
p1:1860 A 0 1 233 17
p1:1861 A 0 187
p1:1862 A 0 23 923
p1:1863 A 0 1 206
p1:1864 A 0
p1:1865 A 0 1 924 195
p1:1866 A 0 9 1 925
p1:1867 A 0 1
p1:1868 A 0 65
p1:1869 A 0 1 768
p1:1870 A 0
p1:1871 A 0 1
p1:1872 A 0 1 35
p1:1873 A 208 0 1
p1:1874 A 0 1
p1:1875 A 0 1 176
p1:1876 A 0 1 82
p1:1877 A 0
p1:1878 A 497 0 9
p1:1879 A 0 1 320
p1:1880 A 0 1
p1:1881 A 0
p1:1882 A 0 1 349
p1:1883 A 0 149 1 150
p1:1884 A 0 1 926 87
p1:1885 A 0 185
p1:1886 A 0 1
p1:1887 A 927 0 1 160
p1:1888 A 0 73
p1:1889 A 0 165 928
p1:1890 A 0 1 35 206
p1:1891 A 0 257
p1:1892 A 0
p1:1893 A 0
p1:1894 A 0 1
p1:1895 A 125 0
p1:1896 A 0 1 929
p1:1897 A 0 1 51 930
p1:1898 A 0 1
p1:1899 A 0 1
p1:1900 A 0
p1:1901 A 931 0 1 22 48
p1:1902 A 0 155 17
p1:1903 A 0 1 27
p1:1904 A 0 84 59
p1:1905 A 0 1 174
p1:1906 A 0 1 40 932
p1:1907 A 0 1 110 111
p1:1908 A 0
p1:1909 A 0
p1:1910 A 0 84
p1:1911 A 86 0 1 163
p1:1912 A 933 0 306
p1:1913 A 0 934
p1:1914 A 85 0 335
p1:1915 A 0 193 935
p1:1916 A 0
p1:1917 A 0 1 17
p1:1918 A 0
p1:1919 A 936 0 508
p1:1920 A 0 1 937
p1:1921 A 0 30
p1:1922 A 0 186 101
p1:1923 A 385 0 39
p1:1924 A 538 0 333
p1:1925 A 714 0 938
p1:1926 A 0 1 175
p1:1927 A 939 0 7
p1:1928 A 0
p1:1929 A 0 1 257 262 263
p1:1930 A 0 1
p1:1931 A 0 1 623
p1:1932 A 0 40 35
p1:1933 A 0 1
p1:1934 A 0 104 940
p1:1935 A 0 1 196
p1:1936 A 0 1 219 163
p1:1937 A 0 1 27
p1:1938 A 0 151
p1:1939 A 0 160
p1:1940 A 0
p1:1941 A 0 1 228 387 115 941
p1:1942 A 0 275
p1:1943 A 86 0 685 185
p1:1944 A 0 1 21 23
p1:1945 A 0 1
p1:1946 A 0 228 20
p1:1947 A 0 1
p1:1948 A 0 386 942
p1:1949 A 943 0 1 66 307
p1:1950 A 0 1 944
p1:1951 A 497 0 1
p1:1952 A 244 945 0 1
p1:1953 A 946 0 1
p1:1954 A 0
p1:1955 A 947 0 1 948
p1:1956 A 0 949
p1:1957 A 0 1 228 164 165 167
p1:1958 A 0 1
p1:1959 A 0 1 950 951 952
p1:1960 A 0 1 233 50
p1:1961 A 0 1 195
p1:1962 A 0
p1:1963 A 0 1 50 51
p1:1964 A 0 607
p1:1965 A 0
p1:1966 A 0 1 114 953 954
p1:1967 A 0 1
p1:1968 A 0 1
p1:1969 A 0 1
p1:1970 A 877 0 1 257
p1:1971 A 0
p1:1972 A 0 1
p1:1973 A 0 1 74
p1:1974 A 0 1
p1:1975 A 0 1
p1:1976 A 955 0 956
p1:1977 A 0 1
p1:1978 A 0 1 957 638
p1:1979 A 714 0
p1:1980 A 0
p1:1981 A 0 958 1
p1:1982 A 0 959
p1:1983 A 0 1
p1:1984 A 0
p1:1985 A 0 65
p1:1986 A 0 345
p1:1987 A 0 9 1 960 30
p1:1988 A 105 0 1 615
p1:1989 A 85 0 335 87 296 961
p1:1990 A 0 1 61
p1:1991 A 0
p1:1992 A 0 962
p1:1993 A 0
p1:1994 A 0 1
p1:1995 A 963 0 32
p1:1996 A 0 1 30
p1:1997 A 0 66 307
p1:1998 A 0
p1:1999 A 0 1
