0 1.67012272789223 5.06572508141862
1 1.61354097562637 5.06572509656425
2 1.73917858550549 5.04778330879757
3 1.68978002569078 5.06875906092989
4 1.66743540236105 5.07349456887874
5 1.62657856371026 5.04778345924143
6 1.77178706193759 5.07267974972904
7 1.66674020206316 5.06572507481484
8 1.65581337978222 5.06572497104909
9 1.665756604047 5.04778345550965
10 1.69053443928458 5.06492932894084
11 1.65548386102548 5.0655486906062
12 1.62453660087093 5.06171219102249
13 1.66742535873963 5.07339881132138
14 1.6985493089405 5.04778328963128
15 2.05773937743443 5.07044377393951
16 2.05724515711613 5.06468445774691
17 1.78315830573875 5.0651162968209
18 1.67037985745051 5.06572472648958
19 1.66575326280481 5.04669279728415
20 1.78293320774165 5.047783486742
21 1.75669397751418 5.06627288016067
22 1.61071779350165 5.06573354136046
23 1.67578005282319 5.06572503616414
24 1.78004046824799 5.06482714212788
25 1.7948660606985 5.06572514194341
26 1.66178030690588 5.0657249675336
27 1.66523147838172 5.06765578924556
28 1.64064540483276 5.06572476578633
29 1.64793208015794 5.0657250891647
30 1.65243383506649 5.06734910196692
31 1.66710217279581 5.07007106994828
32 1.66616907616464 5.05737989032764
33 1.86246174656625 5.04778336557788
34 1.77067350380401 5.05923915117628
35 1.67431281372996 5.06517563256582
36 1.67703499655365 5.067633313897
37 1.73863209293522 5.06573369319366
38 1.65733216353432 5.06639277141336
39 1.66675014817368 5.06819080492217
40 1.62657780738618 5.04742877234023
41 2.07955442670758 5.06572473990208
42 1.65500644040223 5.07017986409589
43 1.65061028594562 5.0657247298442
44 1.59017380458237 5.07278727700595
45 1.66612838998058 5.05618382288647
46 1.74030504980948 5.06495368852439
47 1.69053443928458 5.06492932894084
48 1.66625258943268 5.0583561010381
49 1.84604850308685 4.99569601503573
50 1.67378166690903 5.06572513801071
51 1.65835518167497 5.06711108707227
52 1.66713633918194 5.07044629336993
53 1.65904874607796 5.06870068286941
54 1.62657856371026 5.04778345924143
55 1.75539291311744 5.07044396948049
56 1.67421230732901 5.07002061530238
57 1.665756604047 5.04778345550965
58 1.63942519768187 5.04778344385121
59 1.80193366884241 5.07539347261991
60 1.66620368499404 5.0574846479486
61 1.66673933160889 5.06551120881945
62 1.66633799756946 5.05980898313545
63 1.55103483783462 5.04716530780349
64 1.74054960932832 5.06572493268016
65 1.66674020206316 5.06572507481484
66 1.84034575957423 5.05923904418394
67 1.63821117520838 5.06993127416893
68 1.62657856371026 5.04778345924143
69 1.63915742806534 5.06572500615471
70 1.61691493678657 5.0658560489676
71 1.6665419766364 5.06545328515886
72 1.66698853749361 5.06861403448895
73 1.66626450351559 5.05856776933756
74 1.66674020206316 5.06572507481484
75 1.667136224298 5.07044384796873
76 2.15150281134108 5.06572463018084
77 1.65069408547504 5.0685262415971
78 1.63024441880518 5.06572494376367
79 1.64965554711111 5.04778341631188
80 1.64050238727674 5.06599581989468
81 1.66673968355783 5.06561014549882
82 1.69754328669241 5.07028454141281
83 1.66674751653115 5.06752495220754
84 1.44937148653783 5.06572511390086
85 1.67009805692165 5.0533274970552
86 1.77113746259267 5.06572492282952
87 1.86641697486655 5.06335171079675
88 1.63296411393301 5.06056234678615
89 1.64440950772512 5.06573361113001
90 1.71577640092701 5.0571179319819
91 1.66674020206316 5.06572507481484
92 1.66660710942079 5.06472935232547
93 1.66622667715285 5.05946555999818
94 1.66193620416777 5.06572511662284
95 1.68397770903239 5.06492960296623
96 1.66736700235626 5.07282851531226
97 1.66728544262457 5.07201046502902
98 1.60399231808655 5.06572490599964
99 1.67981156211527 5.06572491896967
