0 19.2865946098453 5.06705992242416
1 17.9895214348867 5.06633545506124
2 20.0571711746987 5.06591632506283
3 19.1743002864582 5.06629496356196
4 20.0868754523193 5.06571580291951
5 19.2692607688349 5.06573229060097
6 19.3897203827173 5.06818685628859
7 19.1986833971971 5.06626335179904
8 20.2504248064408 5.07067770984793
9 20.1382577873545 5.06509119449119
10 19.7869685037273 5.0657675799975
11 19.3122817141005 5.05941267780811
12 20.543806143472 5.06589392113394
13 20.242181480999 5.06689794300762
14 20.6427317758747 5.06571583585178
15 19.9921945126811 5.06571594983722
16 18.5793260720036 5.06571601841507
17 20.3980998860254 5.04302141847008
18 19.6983745637554 5.06680687138106
19 20.2422662192945 5.06743136604101
20 18.9815145033172 5.06571603965969
21 20.0572077435623 5.06617005514286
22 17.7694206669427 5.05346644288167
23 19.4160255688684 5.06612930221362
24 17.4615429913051 5.06967944702097
25 20.3545066289723 5.06626351155996
26 20.0570523429526 5.06514569878602
27 20.4714910834992 5.05993529957777
28 18.298994855597 5.06626338655063
29 20.1644734104092 5.06556484673568
30 20.5159262250791 5.05941250648376
31 20.1230898639167 5.06591103653412
32 19.3079116838423 5.06477077625444
33 21.0195869923194 5.06701096076924
34 22.0442860466723 5.06576772851376
35 20.0573442067672 5.0670598939936
36 20.1384938269283 5.0666146892405
37 18.6832665974268 5.06689811680738
38 19.1742145414441 5.06571596602251
39 20.4807506120162 5.06571590277398
40 19.2475394670232 5.06052710944296
41 20.0571361242493 5.06571576345249
42 20.0720213158776 5.06541245888183
43 20.0528337787381 5.06316283581059
44 19.5073467325299 5.06689807579715
45 19.4045527362778 5.06571578685278
46 19.3294146344229 5.0684730549933
47 16.4727047858733 5.06557947114894
48 18.1707857645695 5.0696664851594
49 20.0438449939301 5.05941547962076
50 19.7001305275172 5.06491894220329
51 20.3356054345287 5.06737224194716
52 19.8286853039045 5.06571587961219
53 18.3620126481808 5.06571586720023
54 16.903414611936 5.0657159257665
55 20.34044037249 5.06702542975427
56 20.1644989389167 5.06571601294256
57 20.0571942047352 5.06606564549713
58 19.7666208113359 5.06514572094972
59 18.4821200913815 5.0662634859428
60 20.1297376255279 5.06702516426368
61 20.1460332933205 5.06626331066157
62 19.0645119245584 5.06626336226738
63 19.3288621275543 5.06571589681049
64 19.842063797745 5.06571582819633
65 20.5315518889352 5.06655434953753
66 20.0337938618963 5.054826966612
67 18.9245160866163 5.06571591551211
68 19.7742602269071 5.06571579318093
69 19.5969600365413 5.06723592845363
70 20.3438560737172 5.05622476141991
71 20.0572220732737 5.06626352264832
72 19.9005782138815 5.06626345281759
73 18.4785207969187 5.05999951602541
74 19.3289257763122 5.06506435592924
75 19.9182799918088 5.05518885773825
76 19.5854351588515 5.06732985955404
77 20.1644000366647 5.06510765541036
78 21.2575405155405 5.06743135347503
79 20.1030850369988 5.06737218676592
80 20.0452701400341 5.06629498682266
81 20.0132333565643 5.05478834569104
82 20.1397971200411 5.06581146414853
83 20.1119128720688 5.06584740679355
84 20.2063641030112 5.06571588643468
85 19.8350964899172 5.06571590525723
86 19.0059592411844 5.0650644378433
87 19.9251349116227 5.06712870257176
88 19.1134285441701 5.0670598148038
89 20.3405825492401 5.06571586481986
90 20.1603890233698 5.06360658051265
91 20.0371096472797 5.06581147986936
92 20.5070832884258 5.0566959396487
93 20.9742483956089 5.06934394533795
94 20.4491952916247 5.06787329558021
95 17.0366596381601 5.06571586345197
96 20.0870296409142 5.05790556085484
97 19.7309278181655 5.06360670079105
98 19.3361818964691 5.05358865983234
99 19.1133369563872 5.06680669108122
