0 2.52674684028807 5.18782129610528
1 2.45443547613989 5.18702107415607
2 2.52597127035426 5.18655828804923
3 2.49788606863209 5.18697644897167
4 2.52688318739867 5.18633613665953
5 2.46937669771848 5.18635420082402
6 2.51999938681885 5.19638172983772
7 2.46960683642843 5.18694246889801
8 2.57863179213941 5.20548367587273
9 2.54615894921889 5.18564465573663
10 2.52598705963768 5.18639368925996
11 2.50064052777262 5.16471398834798
12 2.64696421682336 5.18653384011931
13 2.57194522791949 5.18764277193563
14 2.54359821229426 5.18633557131241
15 2.47458724595664 5.18633614499091
16 2.47783249807764 5.18633611456718
17 2.59025320971652 5.11370079414155
18 2.58482713955773 5.18754203290007
19 2.57194945768804 5.18823123741266
20 2.49149154727644 5.1863355628426
21 2.52597286464014 5.18683864359005
22 2.6335951592733 5.14343687341292
23 2.50576752235009 5.18679303883501
24 2.45156682979891 5.20564412696657
25 2.59989380139165 5.18694168774858
26 2.52596495561131 5.18570529210497
27 2.53663436824576 5.16515986830328
28 2.52750740871834 5.18694159446021
29 2.55266262140797 5.18616896511878
30 2.64273707616922 5.16296974523453
31 2.54242393060826 5.18710966778971
32 2.49733469684116 5.18263407841429
33 2.67095263603584 5.18776708842332
34 2.72890226446242 5.18639382083605
35 2.52597977234298 5.18782107686534
36 2.54617066525402 5.18732997081562
37 2.55395726196288 5.18764232668639
38 2.4978820425244 5.18633630243675
39 2.53880004228083 5.18633620313773
40 2.48478463274973 5.1642004431446
41 2.52596950672606 5.18633606339624
42 2.52967820727763 5.18600048546273
43 2.52466344026649 5.17749158536819
44 2.54850297741035 5.18764281942413
45 2.50539560979738 5.18633603482561
46 2.50296662612609 5.18937925138269
47 2.44971138406014 5.18618491039391
48 2.50512485564235 5.19897080819899
49 2.52533363223645 5.16298081929216
50 2.51484146252582 5.18545437452588
51 2.59516040951048 5.18816590131851
52 2.53649411334685 5.18633592690786
53 2.47027600774017 5.18633619990125
54 2.46969110537735 5.18633603380378
55 2.59637282293178 5.18778290599602
56 2.55266379412805 5.18633614043748
57 2.52597234803087 5.18672338147616
58 2.51693778674846 5.18570512746651
59 2.47447259975995 5.18694191634953
60 2.54398202461318 5.18778279219602
61 2.54805604086839 5.18694159097941
62 2.60557161308406 5.18694173623268
63 2.50294144445272 5.18633652509835
64 2.47512656689893 5.18633639086958
65 2.64663790379275 5.18745956114209
66 2.52663616549007 5.14771802031639
67 2.59143281243345 5.18633637635756
68 2.62170067256742 5.1863360831577
69 2.4781520386342 5.18801565138907
70 2.58397252108996 5.14925942333939
71 2.52597364640481 5.18694167551443
72 2.55990778934351 5.18694147417086
73 2.58843382994665 5.16502194704785
74 2.50294183592528 5.18561532396431
75 2.49829099765858 5.14887365924036
76 2.60564614321807 5.18811918352664
77 2.55265934077459 5.18566391481049
78 2.64798611139228 5.18823135477984
79 2.5373435748123 5.18816609957472
80 2.52300077306713 5.18697708480949
81 2.52152330836977 5.14767501086737
82 2.54654294324627 5.18671312826668
83 2.53961954195068 5.1867525732595
84 2.53053915815036 5.18633625792518
85 2.47075758673292 5.18633631061329
86 2.73492968665125 5.18561498350256
87 2.56074104779693 5.18809341732553
88 2.49587485580117 5.18782103242184
89 2.59644927933883 5.18633626991494
90 2.55137930531317 5.17817420021322
91 2.52101944500175 5.1867131082754
92 2.57154153288361 5.15377531510993
93 2.65762829100823 5.20128242204045
94 2.62338877266298 5.18871907848489
95 2.4577176312781 5.18633623292078
96 2.53777287594373 5.15780958719942
97 2.51467961346886 5.17817411118322
98 2.505501109623 5.14357227254737
99 2.48217981683036 5.18754129797361
