0 2.5302849404734 5.18633617467764
1 2.45765217167484 5.18633604310054
2 2.58341723807525 5.1459149103319
3 2.55697343220119 5.19404694840587
4 2.53359650604765 5.20667598898173
5 2.46884409951286 5.14591486772839
6 2.62217426134023 5.20444668632949
7 2.52596950672606 5.18633606339624
8 2.51199309784942 5.18633606997825
9 2.51896630628153 5.14591469475464
10 2.54272653608223 5.18583897514005
11 2.51277548047411 5.18622562066253
12 2.47054420539235 5.17350731757091
13 2.53342842395346 5.20641337015857
14 2.54708134489602 5.14591485277426
15 2.86539083689051 5.19845465531692
16 2.86148970848276 5.18568681446173
17 2.62600577677956 5.18595574796964
18 2.53061855866216 5.18633611670248
19 2.51894033746516 5.14525788413585
20 2.61284775833117 5.14591486990355
21 2.606460552941 5.18770665347789
22 2.45729813515706 5.18634220684244
23 2.53750996523215 5.18633572111153
24 2.62326154322239 5.18553811428602
25 2.64170895831435 5.18633609338773
26 2.51962882910429 5.186336166561
27 2.52388038229451 5.18676836456579
28 2.49254513063083 5.18633636715799
29 2.50189470312328 5.18633615583585
30 2.50766383207204 5.18735986391793
31 2.5290288646486 5.19747021105569
32 2.52358300672697 5.1655801330614
33 2.68760535347069 5.14591472531651
34 2.61358729230267 5.17075871026382
35 2.53563885109737 5.18599296171567
36 2.53347565745509 5.19095968179934
37 2.59291994849649 5.18634157348007
38 2.51726339686093 5.18675529403978
39 2.52598012583426 5.18789574502058
40 2.46883403384009 5.14570044853372
41 2.88065877878297 5.18633601893255
42 2.51741863271805 5.189174487616
43 2.50532814216219 5.1863358653626
44 2.45871834515943 5.19087901868868
45 2.52348997972044 5.16365059645694
46 2.58917524581865 5.18585404065869
47 2.54272653608223 5.18583897514005
48 2.52380756302285 5.16872674434826
49 2.64430391450033 5.0635001173708
50 2.53496056287424 5.18633631779524
51 2.51524583031003 5.1872088294407
52 2.52941064700363 5.19846127658834
53 2.5210040151767 5.19389637325496
54 2.46884409951286 5.14591486772839
55 2.59558581274504 5.19845518287109
56 2.53880889348676 5.19891012765742
57 2.51896630628153 5.14591469475464
58 2.48531926759211 5.1459144909522
59 2.649307896611 5.20768937687642
60 2.52367407793528 5.16674464002773
61 2.52596842459476 5.18620194631985
62 2.52407091744476 5.17208158542649
63 2.40382464657112 5.1455418343432
64 2.57747816521625 5.1863357989271
65 2.52596950672606 5.18633606339624
66 2.6734175912993 5.17075904722604
67 2.4910917338016 5.19519902209924
68 2.46884409951286 5.14591486772839
69 2.49063415468967 5.18633629267501
70 2.47357285032895 5.18794990603087
71 2.52484310949404 5.18090232396623
72 2.52789541372518 5.19402278929852
73 2.52384281266817 5.16921395274497
74 2.52596950672606 5.18633606339624
75 2.52940802340526 5.1984542822522
76 2.948665248118 5.18633595542705
77 2.51028327226161 5.19378712456462
78 2.48248229540343 5.1863362372546
79 2.49841314225415 5.14591485824978
80 2.49236090499698 5.18650614975332
81 2.52596883138983 5.18626377969135
82 2.55170737977579 5.19803542810781
83 2.52597723245608 5.18747214319218
84 2.25935416194984 5.18633643842079
85 2.47878233526717 5.15754378020345
86 2.61566729177849 5.18633612859223
87 2.69775813240708 5.18049638254481
88 2.49822532496389 5.17573853319334
89 2.4973761174506 5.18634192565641
90 2.54146762223649 5.16591488388047
91 2.52596950672606 5.18633606339624
92 2.5251856402146 5.18229031769773
93 2.52372304997837 5.16848103792886
94 2.51982850946292 5.18633588787373
95 2.54796002132976 5.18583916991901
96 2.53248551474881 5.20485441469956
97 2.5312847061143 5.20263542024748
98 2.4623881983443 5.18633584340122
99 2.50102810941846 5.18633606374408
