0 9.23101881023633 5.36802398704966
1 8.23755218381816 5.36617298104831
2 8.54885577520514 5.40971427111984
3 8.55457902162034 5.36613569961468
4 8.33124314166519 5.3142367130502
5 8.19444486928379 5.29243721600422
6 8.44945468062958 5.43394793560853
7 8.237001857444 5.3702087000807
8 8.51881925132363 5.36613477339685
9 8.27673460682818 5.34176506508335
10 8.10974710858837 5.35895677785113
11 8.21044266678718 5.3661354614933
12 8.19437986927792 5.33567974059937
13 8.36274656690781 5.36613453749278
14 8.15167848824489 5.29150009676372
15 8.30278208551932 5.36613514028815
16 8.68308841343137 5.36644739091445
17 8.48749035564329 5.36680496294599
18 8.15647752447318 5.36800397872085
19 8.35710390306623 5.2954052206608
20 8.36673215291741 5.43940260964002
21 8.31351085120589 5.40877313467951
22 8.03777063564476 5.25145520080301
23 7.84821284988447 5.3695696343844
24 8.40623981335889 5.36598915997861
25 8.21994992584266 5.33027017335202
26 8.04150396360082 5.37156517828342
27 8.11562707415895 5.36613526881078
28 8.21261652490538 5.33043713920482
29 8.34253079806937 5.39671271779988
30 8.58464243271297 5.36613537037015
31 8.60170293001549 5.42658867129825
32 8.16383833470873 5.36613465347438
33 8.3269557716137 5.38748067439655
34 8.30263688801572 5.36929288780365
35 7.68467675633552 5.32157205223705
36 8.26751014448195 5.36729806056376
37 8.50785898620386 5.34386815535301
38 8.30231613133999 5.36613486434201
39 8.22330482781416 5.37071263053451
40 8.3357297756842 5.37662362320844
41 8.17977613080573 5.31570468468245
42 8.09878573757468 5.30438237465235
43 8.30526218025201 5.40968816844395
44 8.13865115249623 5.27590133150995
45 8.30259035562561 5.36882480101836
46 8.39251685973708 5.36613508063545
47 8.30231613133999 5.36613486434201
48 8.09897192522786 5.24914079687154
49 8.30231613133999 5.36613486434201
50 8.2304433836467 5.36613560342907
51 8.26172870497926 5.34568375880663
52 8.23483909490561 5.36613490132376
53 7.84844432357275 5.3722671346974
54 8.30947418565475 5.37037976424283
55 8.1279818157441 5.33594705400588
56 8.31166354412053 5.37579981568237
57 8.37715785852844 5.37337272419438
58 8.30236761317024 5.36662605349462
59 8.30231613133999 5.36613486434201
60 8.30231613133999 5.36613486434201
61 8.30231613133999 5.36613486434201
62 8.56989894455188 5.36613556080996
63 8.29345169779852 5.36824972851267
64 7.97466204949803 5.36613510782386
65 8.55457902162034 5.36613569961468
66 8.47242315673624 5.3498613778229
67 8.19465306771834 5.36551613170808
68 8.64368849158594 5.36613476915333
69 8.34835587802644 5.32471275393351
70 8.05810241300803 5.31948207504365
71 8.24558500308649 5.31777027275639
72 8.22624491334544 5.36613538553276
73 8.03152825334813 5.34287054826525
74 7.27039792667386 5.36613519416966
75 8.29081610681638 5.3661352878547
76 8.30231613133999 5.36613486434201
77 8.26888771014146 5.36838947974463
78 8.30231613133999 5.36613486434201
79 8.25622012140507 5.34436299673955
80 8.30230316908331 5.36599528566061
81 7.96543662626174 5.29966271807346
82 8.32507613811171 5.36613576097984
83 8.30236547332044 5.36660162427136
84 8.43873917634289 5.36613474317913
85 7.924446837514 5.38136699832442
86 8.31097965015618 5.36705432479573
87 8.33046760840009 5.36544146610111
88 9.223816397102 5.37264977791816
89 8.34399074316799 5.40271713802395
90 8.54171377398542 5.40423866801297
91 8.17528751509852 5.36613505077898
92 8.29400062405315 5.36800441111369
93 8.28483971305833 5.34986153661512
94 8.21851609396628 5.33188334969428
95 8.30224060923194 5.36538973581757
96 8.30245338895067 5.36745440949341
97 8.30231613133999 5.36613486434201
98 8.30231613133999 5.36613486434201
99 8.28843463420621 5.29540483220457
100 8.30251289820433 5.36805120534625
101 7.95813330958987 5.35394353274465
102 8.46763117559101 5.45495762076771
103 8.30259320547404 5.36883790077516
104 8.41654244350911 5.36613545558754
105 8.29576588607163 5.35740585182692
106 8.30231613133999 5.36613486434201
107 8.30231613133999 5.36613486434201
108 7.70649172326242 5.31928287076582
109 8.38382867772547 5.42139045709765
110 8.64019991717112 5.40724966206284
111 8.59696264436974 5.38766179418745
112 8.51278454534291 5.43302553162663
113 8.55330503755401 5.36411349289351
114 8.135708622196 5.36730718480731
115 8.30277968378546 5.37071239274506
116 7.70992470020161 5.28071795271549
117 8.34203961935543 5.3661350800769
118 7.92600911634253 5.36613514174706
119 8.30607619709151 5.37041109847006
120 8.18932316631789 5.33181324638445
121 7.95603850842154 5.30392796323189
122 7.92092752858021 5.36613565359983
123 8.03618585919693 5.24808023415163
124 8.35701816930859 5.36613496392434
125 8.29827603619596 5.36231250281585
126 8.45687281075356 5.36842095245337
127 8.19240908251299 5.32171147430436
128 8.30266706188124 5.36957417050683
129 8.29620983513071 5.33375012019676
130 8.09313631745574 5.36828072979189
131 8.49932858030127 5.36613512258482
132 7.90268047112696 5.32436763275684
133 8.46233605870373 5.36613501464269
134 8.35739045799551 5.36561318770827
135 8.32629619197638 5.36784814549375
136 8.3025097878568 5.36802631224174
137 8.35256960179176 5.36613593553317
138 7.89144723736195 5.36792414900374
139 8.27423875592905 5.3489001104747
140 8.26659212475444 5.3876384967869
141 8.17427007526046 5.28990823373902
142 8.23716305919163 5.32874492888866
143 8.31187734315044 5.37042969814368
144 8.22217138568247 5.36613576850895
145 8.30231613133999 5.36613486434201
146 8.25104866466446 5.3661354936691
147 8.11144638029709 5.36613581263292
148 8.17777918098337 5.31617461638853
149 7.9024061003731 5.27868325273825
150 7.59151788194077 5.23189485058765
151 7.91697807367236 5.36986810842
152 8.30230344170697 5.36601351725559
153 8.30239113570289 5.36685017855384
154 8.39808276484257 5.36613553570503
155 8.37405178043815 5.36176704475747
156 8.064655817116 5.36613547860816
157 8.30231613133999 5.36613486434201
158 8.41983393292397 5.29219398847347
159 8.22581275977022 5.33354126747067
160 7.91376205900332 5.36613559955498
161 7.97596156170388 5.36613488075475
162 8.30287552840482 5.37170171596298
163 8.36471157431864 5.31512937283268
164 8.30231613133999 5.36613486434201
165 7.90825508649441 5.28903915064413
166 8.2927699483137 5.36496863573072
167 8.3401261026751 5.39530012360042
168 8.26420212851817 5.34527172661799
169 7.22494688943654 5.24281706321429
170 8.30991119122355 5.36462139045553
171 8.30231613133999 5.36613486434201
172 8.32729902513586 5.28528555676592
173 8.13110207510045 5.26889731861252
174 8.30261304090843 5.36905055218748
175 8.17045355540861 5.2395657012755
176 7.1569437773369 5.3449438100865
177 8.00267902155043 5.28903887952467
178 8.23319180848652 5.33184445804434
179 8.30231613133999 5.36613486434201
180 7.50077087998149 5.36613583925727
181 9.72790372671364 5.32247383113712
182 8.30231613133999 5.36613486434201
183 8.47035880595732 5.36613543025646
184 8.02282435279585 5.36613545415476
185 7.8189402399328 5.4359284769009
186 8.09089929774626 5.34386826876136
187 8.52987083454534 5.36192588920394
188 8.28188973651295 5.36745345460827
189 8.84347599121754 5.36613546259746
190 8.30213704504048 5.36440099673474
191 8.18446122611632 5.3177698638789
192 8.30231613133999 5.36613486434201
193 8.32355218937257 5.38508558289474
194 8.01737728341992 5.23012381171255
195 8.30248346329892 5.36775052872932
196 7.84103483348684 5.37173065619232
197 8.26480602146994 5.36613493837737
198 7.94545580611095 5.30795086133264
199 8.10881606529438 5.25576575163548
200 8.24163209570272 5.33868526542852
201 8.50734155553253 5.37076750435766
202 8.1007873904675 5.39468647828422
203 8.68218763433864 5.36495526904335
204 8.34091510341539 5.36613519542871
205 8.30231613133999 5.36613486434201
206 8.44635461968232 5.3661350712306
207 8.30231613133999 5.36613486434201
208 8.45821110739999 5.3733548702262
209 8.20015127843914 5.30330546962423
210 8.91746742932533 5.43531114026294
211 8.30231613133999 5.36613486434201
212 8.30067527179749 5.36613512779208
213 8.20597395816657 5.37996907527739
214 8.17303478370803 5.31099418087878
215 8.33096598189467 5.36634699380115
216 8.46222072957105 5.36613554435472
217 7.99644064709317 5.3192826163266
218 8.05178390865863 5.24896776502942
219 8.09039200618968 5.36613524217539
220 8.13787053648112 5.36613504444287
221 8.15780617741004 5.29913950199464
222 8.09441831995958 5.31036359266294
223 8.38500804393355 5.30287784294455
224 7.84808877981537 5.38597245363391
225 7.90638279232594 5.27934395443887
226 8.56002233131536 5.32396115446835
227 8.30225493101251 5.36555112763813
228 8.24722382040639 5.36126760775863
229 8.22133015144772 5.3676031373848
230 8.14998506177475 5.28969799496727
231 9.19717377920126 5.42122773820692
232 8.064655817116 5.36613547860816
233 8.39349680408656 5.41221026183014
234 8.11654518448984 5.27590149815611
235 8.09596028604734 5.2985586596405
236 8.39541808514926 5.36613497050904
237 8.2115016399546 5.30739113406984
238 8.23483909490561 5.36613490132376
239 8.21392260072984 5.36613438109746
240 8.47494445167472 5.37058037299606
241 8.36372221396622 5.4037727773241
242 8.23229271827367 5.3035975874537
243 8.21490925408754 5.36578501405765
244 8.03119303591233 5.36923667083871
245 8.30259100883819 5.36881002539059
246 7.57668285216341 5.36655094076153
247 8.23192561425459 5.33700880411875
248 8.33026844180206 5.36613473807822
249 7.95487361152816 5.31693559586762
250 8.30231613133999 5.36613486434201
251 8.1628749786913 5.10449748183867
252 8.38831842783633 5.36450127455408
253 8.34301257604369 5.36846284292269
254 8.11644369603043 5.31835669419053
255 9.52876154780476 5.36613540226321
256 8.30231613133999 5.36613486434201
257 8.36516681490681 5.37197248383545
258 7.97459238163365 5.3653951021536
259 8.26081462254047 5.37030362725516
260 8.10368614745888 5.36882550558607
261 8.07471733035272 5.40434212206467
262 8.15163436557736 5.29166577670021
263 7.97268058474855 5.42651161713641
264 8.1383022520191 5.36698567476138
265 8.3024543875284 5.36747105045277
266 7.84790821086153 5.36613552047785
267 8.29565059914158 5.36613613527013
268 8.22121355496965 5.36644709487573
269 8.25590214262112 5.36442345341601
270 8.50045600086447 5.39863963291743
271 8.28579018993809 5.36613580102748
272 8.33888851832578 5.36800401498307
273 6.82783346426658 5.36634485159928
274 8.56902741882661 5.36270652910954
275 8.23791393802166 5.3376869364155
276 8.44711066602884 5.36613524810453
277 8.30729780127935 5.37167703023312
278 8.30253191122131 5.36824944626929
279 8.45190970626972 5.40434168432521
280 8.20368689355096 5.36613540238001
281 8.03452210585951 5.34252494591733
282 8.3670355767874 5.3665509482015
283 8.06626575643642 5.25522137137239
284 8.29689979474995 5.36613548902885
285 8.23971821363871 5.3659805716403
286 8.38625420270158 5.37241167787056
287 9.02835761011783 5.36489167660275
288 8.35205625200841 5.20461650359226
289 8.30224377874055 5.36544217026868
290 9.39196061254313 5.36956886666158
291 8.25293745246036 5.3727465569855
292 8.36421923543603 5.40427701794314
293 8.30231613133999 5.36613486434201
294 8.072924729547 5.22955181283483
295 8.30227404571468 5.36571996717048
296 7.89144638656817 5.36793024565006
297 8.30145261619647 5.41511039191916
298 8.24055917498985 5.36613542619398
299 8.32377184301254 5.35789906857767
300 8.30297129577206 5.37268106464479
301 8.17649462006655 5.25346554708224
302 8.30240215177033 5.36696019142123
303 8.12944993478562 5.27255838541283
304 8.54349641993291 5.43560104205973
305 8.32440857079411 5.3574066766146
306 8.30231613133999 5.36613486434201
307 8.38115690728556 5.3653956332002
308 8.52799941896073 5.36613540399386
309 8.21555143680036 5.36496902635396
310 8.65936586399765 5.32069671853211
311 8.30384622229464 5.36807062632238
312 8.30231613133999 5.36613486434201
313 8.23257773187542 5.36520294942832
314 8.38069456268492 5.36673451387443
315 8.00003427730931 5.32900818159054
316 8.29573437755607 5.35708978804863
317 8.15417131440226 5.36755879149923
318 8.30231613133999 5.36613486434201
319 8.26246141461122 5.36613531817486
320 7.94522511155896 5.33454221099417
321 8.44979683158622 5.43406174268873
322 8.41342359177175 5.27590153811255
323 8.10282704858049 5.37890582850164
324 8.37624131403175 5.36967191938138
325 8.30231613133999 5.36613486434201
326 7.82811517535555 5.35509469637923
327 8.30234973509174 5.36644218534174
328 8.1597842587054 5.36613483480896
329 7.60206058793926 5.36613539618465
330 8.19287777903633 5.32355818998719
331 8.53481622542127 5.36656033451206
332 8.26710194241017 5.36613539879047
333 8.33682168752335 5.36613086090287
334 8.37099272288142 5.36613505143015
335 8.23226240947891 5.36613490370895
336 8.46386697277095 5.36627728832147
337 8.23483909490561 5.36613490132376
338 8.20765254288439 5.39759897907445
339 8.17323552459622 5.36613560846619
340 8.21922967747161 5.36613527364416
341 8.33867598888676 5.39552352490822
342 8.30231613133999 5.36613486434201
343 8.52677579911229 5.29866807657415
344 8.2933677133673 5.35469844548089
345 8.32429957125211 5.36613543566509
346 8.44368351105613 5.40873302661177
347 8.79448601504315 5.37053710564213
348 8.2862385014329 5.35461263441242
349 8.32245268157705 5.32719794877145
350 8.07724418903628 5.28381235562867
351 8.16598776692167 5.22882967995328
352 8.30377120250017 5.36736253251922
353 7.75421456281372 5.36262441908458
354 8.30693037737667 5.37129848200983
355 8.08927911438309 5.36613525260453
356 8.38328781596386 5.37310548308564
357 9.02641211557372 5.35976541056028
358 8.32645015100319 5.3231383238877
359 8.17738888062043 5.36533134117807
360 8.32261190308881 5.36613533956251
361 7.90132650627801 5.16883557792138
362 8.31985925950742 5.36613551555537
363 8.30231613133999 5.36613486434201
364 8.30264064669961 5.3693105084495
365 8.57432241848307 5.36555141307002
366 8.30915918002999 5.3679038927614
367 8.29241466628598 5.36613531637212
368 8.40284515822387 5.36882217694181
369 8.14970136623226 5.36480569647636
370 8.42657263153548 5.36613568218846
371 8.29923149455413 5.36613562187512
372 8.36156443990234 5.36613553246581
373 8.01311640912783 5.22656570099782
374 8.00053113007101 5.17879795735383
375 8.22106956657325 5.36501170314188
376 8.16267588469021 5.29000848226489
377 8.09141187983809 5.36613541143527
378 8.30949375709428 5.36384684582122
379 8.30240032355064 5.36693675728475
380 8.60849081374776 5.35817260262372
381 8.83024605175072 5.36698137289528
382 8.30231613133999 5.36613486434201
383 7.89334445533365 5.36613530154696
384 8.45857632405345 5.44431779664041
385 8.15215451504575 5.33384004582646
386 7.78059066954465 5.32630505282861
387 8.39756627101786 5.36613505210979
388 7.74547181433468 5.28903870005086
389 8.20916731420899 5.35219495536582
390 8.29926074419684 5.35915776054322
391 8.10170955962144 5.3278856992495
392 8.23760267785716 5.3362636078436
393 7.8309905375618 5.199866643424
394 8.07033375246405 5.25661898016524
395 8.41737899317363 5.366136023854
396 8.15128640140298 5.25294936047526
397 8.3516338956477 5.37020936698044
398 8.09241240648456 5.2632707567737
399 8.21635451709614 5.36613436932062
400 8.3466996757212 5.39766355770285
401 8.49658007970458 5.36613529758311
402 8.41049908495111 5.41986553673894
403 8.21816979476755 5.39030648962752
404 8.33300987269675 5.39030606686128
405 8.33274004136892 5.39209359128673
406 8.54786408271606 5.38292391886657
407 8.42593152139949 5.41391968172202
408 8.45148459082706 5.44028187272514
409 7.9796846454487 5.36667152955497
410 8.0705198470544 5.36626406485418
411 8.57097699793677 5.3661349369955
412 8.36693455313947 5.37911055887738
413 8.3395518409743 5.36613508037668
414 8.37465302990022 5.36613514424721
415 8.34542815269878 5.40737972548387
416 8.39947709941573 5.41775924652613
417 8.30220892161574 5.36508519412485
418 8.30231613133999 5.36613486434201
419 8.20159416912273 5.24979891357308
420 7.96894131354403 5.36613517266222
421 8.88777161201648 5.2778350652695
422 7.81590996227164 5.36530230505087
423 8.1702192432039 5.36613568652283
424 8.45586602154769 5.36548715733072
425 8.2826671281406 5.36613538468932
426 8.18495910353155 5.35467767333633
427 8.38947992991854 5.36613494380885
428 8.15816335039018 5.30167128290956
429 8.32172397601278 5.36613561593505
430 8.03304755895575 5.22875575464334
431 8.31679064530936 5.36613518067578
432 7.82998100360306 5.36457123213264
433 8.43027837123086 5.42138987092613
434 7.98328233046618 5.24660324896026
435 8.61728356118294 5.36613553876004
436 8.30231613133999 5.36613486434201
437 8.29793843063284 5.36036252061837
438 8.24718713029431 5.34234944934995
439 8.26127202577403 5.34380498624562
440 8.16543798547719 5.37924257132201
441 8.07695407683609 5.36553376192119
442 8.26302709155086 5.42840466163115
443 7.39611481800601 5.27747065032013
444 7.35123433091858 5.36929282853435
445 8.30329039512223 5.36613561947338
446 8.28475472368101 5.36613536412967
447 8.38504097734098 5.2985579663138
448 8.2111435578245 5.41571021707844
449 8.30231613133999 5.36613486434201
450 8.26974043953691 5.36760339547651
451 8.60088281759448 5.3662591936905
452 8.17366398197698 5.36613551645774
453 9.75132432198822 5.29953395312369
454 8.27671623511548 5.36613513601877
455 8.14036192781049 5.36613552621149
456 8.16405489081239 5.36613461182711
457 8.58042680123678 5.43971505080985
458 8.2454481662732 5.36613474516808
459 8.3027095630024 5.37000404114883
460 8.30216953004556 5.36472525333573
461 8.28381936669344 5.34999066322449
462 8.29364642421987 5.32163883902923
463 8.23922974313335 5.36586829566034
464 8.30231613133999 5.36613486434201
465 8.20220275279936 5.36880755239459
466 8.22108489810941 5.36613441058246
467 7.32964201272919 5.36956849175474
468 8.55058271879831 5.37020891894544
469 8.36709927004001 5.36778143989377
470 7.42819209683294 5.36613518863708
471 8.56827899405044 5.36613573769108
472 8.18446122611632 5.3177698638789
473 8.77053628720718 5.36613559980686
474 7.920907193415 5.36613513760623
475 8.28650934893629 5.40404164348483
476 8.34247103433452 5.36675352251332
477 7.79189073478424 5.36535963215846
478 8.30231613133999 5.36613486434201
479 8.06315376710453 5.36728816238504
480 8.30231613133999 5.36613486434201
481 8.62457709873487 5.36613555947674
482 8.30231613133999 5.36613486434201
483 8.39614592869094 5.36728634836096
484 8.24704089672846 5.36183035975195
485 8.18283782895917 5.3677816023019
486 8.12958096950479 5.39526805079245
487 8.55331408205304 5.37033118624486
488 8.30223991246833 5.36539489488066
489 8.33300987269675 5.39030606686128
490 8.22506759762267 5.36650173208509
491 8.13865115249623 5.27590133150995
492 8.02261879025157 5.11035399643639
493 8.19983888052915 5.23945000505656
494 8.27145475310377 5.36613596042999
495 7.97147990893663 5.4032858999578
496 8.16859243858907 5.36674239982068
497 8.28936473515601 5.30764496563303
498 7.93205000400867 5.36613550531219
499 8.22111580281087 5.3298469687574
500 7.86062502138314 5.3867206323268
501 8.28729908614627 5.42041261151602
502 8.49260171811513 5.36442139742021
503 8.37172773438233 5.36613554087407
504 8.44644104577817 5.36800449230747
505 8.29866301036174 5.36110953958758
506 7.57579011554931 5.34986077485206
507 7.84807155085869 5.12392483288424
508 8.3209992481292 5.36613480021189
509 8.27671623511548 5.36613513601877
510 8.46024782104562 5.41917156759732
511 8.06590600879093 5.44004129754423
512 8.26220839693434 5.36825068977395
513 8.61548289669452 5.45119097911893
514 8.79111007888121 5.36613563903344
515 8.05028034540272 5.37116067265467
516 8.36024694441229 5.36613533760192
517 8.23791393802166 5.3376869364155
518 8.12322834743471 5.31654058433385
519 8.18446122611632 5.3177698638789
520 8.17493050602304 5.36613465803185
521 8.40991069789848 5.37020930387298
522 8.17405335718676 5.36613576774015
523 7.65335665130545 5.32609292849662
524 9.13370693137496 5.36613546491331
525 8.22636739125996 5.29166575661214
526 8.73251050369662 5.36963278727653
527 8.10874079011696 5.3661356481277
528 8.19493070354923 5.24099466073541
529 8.39564400851514 5.4163949109742
530 8.66145138299603 5.41520224509554
531 8.36252406860125 5.35185302950613
532 8.06822918492339 5.25084114166189
533 8.35915437908211 5.37218903328147
534 8.30231613133999 5.36613486434201
535 8.30231613133999 5.36613486434201
536 8.31377364741129 5.36613561846072
537 8.84329990664797 5.36613581078151
538 8.30231613133999 5.36613486434201
539 8.37603015420357 5.36758210835377
540 8.14395965683308 5.28059038760019
541 8.19041846181167 5.24698383998125
542 8.39904282858903 5.36521497150523
543 8.41605403328253 5.41762550902484
544 8.29423512435543 5.36613537410351
545 8.31619959129691 5.36605945809408
546 8.31271010897525 5.36613525818836
547 8.30257757142888 5.3686832134085
548 8.52783365316148 5.36458487476602
549 8.44193409276746 5.35433534785443
550 8.16536532668006 5.36626222849032
551 8.35459219298483 5.36508828746022
552 8.36018127780873 5.36677180882115
553 8.16296605340495 5.24553188776147
554 8.27660536572755 5.36613533795024
555 7.49284241991575 5.36613603668706
556 8.01267758421304 5.22557633683026
557 9.00273543854107 5.26208385779277
558 8.23780818807517 5.37608022295343
559 8.03123170360939 5.29855829841753
560 8.30217639409346 5.36477243510325
561 8.28509792400398 5.36733762953219
562 8.51717748037685 5.4756673688358
563 8.20588778597726 5.32739548057287
564 8.30231613133999 5.36613486434201
565 8.21814073757981 5.36824996497422
566 8.30223991246833 5.36539489488066
567 8.28732146145977 5.3680734772222
568 8.30904440009427 5.36613523160802
569 8.30231613133999 5.36613486434201
570 8.13014795570701 5.48647278877018
571 8.1349499007651 5.3661342379622
572 8.44635461968232 5.3661350712306
573 8.08175983183575 5.36613478963841
574 8.35630358424875 5.37043004945256
575 8.33427401495686 5.43701803456492
576 8.2040843620789 5.33567983779905
577 8.89452843758998 5.367865113453
578 8.6148889834067 5.36805142241043
579 8.00496722351982 5.21838037837984
580 8.43955387592879 5.36544105827595
581 8.31614824259604 5.37950466510914
582 8.30219308552991 5.36493496581249
583 8.24503314241281 5.30038411147389
584 8.61478580286013 5.42992310871765
585 8.30224252884198 5.36540284683021
586 8.53363877221108 5.36613521381202
587 7.99500326478869 5.36613529134981
588 9.44548682587505 5.3647046469955
589 8.60107936369805 5.3715430394355
590 8.30961617457958 5.3559143182096
591 7.89125663025178 5.36613588139948
592 7.02445250136198 5.36613576691213
593 8.38258689456813 5.36613518828915
594 8.21448943399331 5.33052414400614
595 8.35246092192717 5.36868327091883
596 8.43799853926542 5.42371294377986
597 8.22835474928904 5.3661357673999
598 8.47088194995049 5.45777372485525
599 8.18875237590353 5.36597059755056
600 8.30295939535142 5.37255867929367
601 8.47823637952984 5.36778792944537
602 8.30246729247195 5.36760317057591
603 7.82502867822359 5.36613557489698
604 8.29599314239557 5.35648773144217
605 8.31219955090669 5.36679125024026
606 8.30241275205488 5.36705689730901
607 8.61464080874481 5.36572870450879
608 8.01104197588093 5.27831140132089
609 8.30266706188124 5.36957417050683
610 8.23131161990346 5.37014976367153
611 8.80186255781508 5.36596990008883
612 8.49007574719981 5.36613540132392
613 8.29691798078674 5.36511545301389
614 7.9662252191181 5.36613509184995
615 8.43608741233731 5.4227619606381
616 8.37586591294519 5.36727283210192
617 8.16318990443936 5.30359722513365
618 8.41790934160253 5.36824994280085
619 8.14181377265543 5.36613574975999
620 8.17350892634635 5.36610512411619
621 8.56441923368124 5.43770478030971
622 8.50330895185247 5.31444009387345
623 7.9329591562761 5.24122364617468
624 8.17295888301645 5.36301549746994
625 7.89190688291914 5.36800495981712
626 8.11084585258646 5.26625701948147
627 8.28515336546182 5.3661346871493
628 8.30742484532497 5.36613569632878
629 8.49334214212848 5.36613515157741
630 8.39569761853523 5.41325229105557
631 8.35155462717198 5.34085703515521
632 8.12770751577311 5.34351742107699
633 7.49775206256465 5.36691483061646
634 8.35432710010781 5.25957752656132
635 7.58946819113464 5.36689738975417
636 8.37717640888962 5.41182563495245
637 8.14116945097237 5.36613524733543
638 8.30215664272536 5.36459232653882
639 8.56001900149268 5.36613576383474
640 8.35538531991556 5.36613531186163
641 7.88574558927185 5.36613543195879
642 8.19086223139782 5.34252400474639
643 8.30231613133999 5.36613486434201
644 8.30231371278745 5.36610014591959
645 8.39265797552442 5.24112703623046
646 8.24016829567165 5.36613556897117
647 8.15538925690937 5.30176345720462
648 8.29090064364091 5.36613472853468
649 7.96206683171556 5.17330885053743
650 8.32429957125211 5.36613543566509
651 8.47262340602811 5.45267600772259
652 8.2672661061116 5.34596412971441
653 8.37363731033292 5.36613551850527
654 7.20801377668142 5.36613571460749
655 7.86240618555253 5.36778117030206
656 8.162126549908 5.36792983215369
657 7.84332710326316 5.36613591395349
658 8.37946393272408 5.36613558612052
659 7.91910032152216 5.17523149151354
660 8.29446483194768 5.36613522374714
661 8.13613009519602 5.27940658906387
662 8.00509012994499 5.21859587478968
663 8.19604767211662 5.36613467789729
664 8.38120360272896 5.27772258384634
665 7.4237780832642 5.29690879853094
666 8.21494442538122 5.36613504855562
667 8.19239000361482 5.36613436091221
668 8.13507285498681 5.37798800815727
669 8.37587913665324 5.36613534550102
670 8.30849085684194 5.29790014503426
671 8.30231613133999 5.36613486434201
672 8.30231613133999 5.36613486434201
673 8.07879385501877 5.24825971980761
674 8.21096325416597 5.32823525495196
675 8.05065328112391 5.2491742076019
676 8.22178882978445 5.3684127093526
677 7.82385633446606 5.37232275616729
678 7.78324741915876 5.37043059699089
679 8.09681983557179 5.30339145571306
680 8.35916475339665 5.37797457082403
681 8.24878578190081 5.28164690413295
682 8.23519549675216 5.36613539313696
683 8.35407540112669 5.36698621565097
684 8.29517825231063 5.35666650407837
685 7.96276715612541 5.36544117455064
686 8.25422859118943 5.36580021555983
687 8.27921072948047 5.39209326796554
688 8.28419632697782 5.44043018205352
689 8.30245338895067 5.36745440949341
690 8.33131442618555 5.3661344676138
691 8.16685907991488 5.30657107203146
692 8.49990173844097 5.47061787937246
693 8.30231613133999 5.36613486434201
694 8.4355063683065 5.32313877385447
695 8.62635226702092 5.37197077587595
696 8.67041493035831 5.36673393204453
697 8.32434698851476 5.44047805818663
698 7.82734690107664 5.34971668351374
699 8.06751751216688 5.27831136740526
700 8.30231613133999 5.36613486434201
701 8.41279197278008 5.43895532956175
702 8.06554552945081 5.35735191754179
703 7.84602123229126 5.22463279425575
704 8.15366332387794 5.30550525873034
705 7.69980365170849 5.36613556930776
706 8.3023742234017 5.36668780820426
707 8.34192833827336 5.36613514214964
708 8.65487353670414 5.36613523564273
709 8.29469633158371 5.35609712364551
710 8.52033763205636 5.33209704311761
711 8.13277130698353 5.34066330369672
712 8.62897961844554 5.36613460062539
713 8.46474851605955 5.41519796674903
714 8.28482102139089 5.39875315954887
715 8.18941867085661 5.32092810184564
716 7.83477799426008 5.10465638566639
717 8.5835957238625 5.37819587513662
718 8.31128854027695 5.36465848125944
719 8.50045600086447 5.39863963291743
720 8.11275864416316 5.36667036786881
721 8.19015615241386 5.36956780524696
722 8.19153938423255 5.3665601942365
723 8.70047455161091 5.38197804928235
724 6.87357614516011 5.36800433231022
725 8.1145683670831 5.32540498676015
726 7.6004319971543 5.36613595715527
727 8.30268760390406 5.36978154533567
728 8.22206597205974 5.36543189492932
729 8.45019596297311 5.34135181141879
730 8.17411821349392 5.36644739492803
731 8.59424396632593 5.36613520292518
732 7.87340002701357 5.30141350442648
733 8.30231613133999 5.36613486434201
734 8.30225043473161 5.36548744098611
735 8.59575791387748 5.39523307784582
736 7.07089478765584 5.36956858903311
737 8.19921690882473 5.41818394555485
738 8.21290560568434 5.36882484071317
739 8.30231613133999 5.36613486434201
740 8.07406724228455 5.30459419600676
741 8.30231613133999 5.36613486434201
742 8.90142934936245 5.47351262446733
743 8.27713135913007 5.38511203429199
744 8.54800546641297 5.36613496182869
745 8.5272099260032 5.32627979052693
746 8.06759335621984 5.24742444529205
747 8.31599378618032 5.36613473537525
748 7.75405197557282 5.36912601887573
749 8.25486337294272 5.36481091534947
750 8.248715227029 5.37078019603702
751 8.01163981473403 5.36613536732041
752 8.56203747424755 5.36613507587154
753 8.33031320603795 5.38814402844194
754 8.45164006255989 5.36613463240956
755 8.14680246395478 5.34409099523812
756 8.10635276108643 5.42747630082833
757 7.8475521444951 5.36689760870275
758 7.98304091352958 5.26830476558458
759 8.14322599045576 5.29328745304947
760 8.08930827396401 5.3648040867357
761 8.55457902162034 5.36613569961468
762 8.33207587595676 5.35509451151672
763 8.27687836816328 5.36882533111399
764 8.30250886490743 5.36800459508447
765 8.30218698077395 5.36489119312802
766 8.19692893890651 5.36737554700319
767 8.30240416004441 5.36698143275847
768 8.17873318133006 5.35652962593937
769 7.99408850886398 5.2026056956774
770 7.61247269065924 5.25084156434022
771 8.25129667223386 5.37262202604711
772 8.21127502571219 5.33981225375291
773 8.40499229642778 5.34420781054699
774 8.1686176720257 5.30735529680414
775 8.14815612676728 5.37679939318788
776 7.44124002339783 5.36523637722777
777 8.39637384691311 5.36613525552642
778 8.46936165527951 5.36942229676535
779 8.07010607513518 5.25654200104593
780 8.33569047470471 5.36613574604141
781 8.21993361829583 5.36613533902898
782 8.73945143280734 5.30362665422261
783 8.2610192527633 5.36921788684926
784 8.32152850311948 5.3541079415209
785 8.37647284004296 5.4073799694092
786 8.3027513577325 5.37042974977816
787 8.37456091648237 5.36689707496885
788 8.30253191122131 5.36824944626929
789 8.24944923436287 5.36613509761272
790 8.42741006944404 5.36613527172931
791 8.40102918329574 5.41481902375752
792 8.4285365588334 5.36008737775927
793 8.1969592533426 5.3661349623944
794 8.30250886490743 5.36800459508447
795 8.31490585236102 5.35728371996702
796 8.27746181906024 5.40638994180088
797 8.30231613133999 5.36613486434201
798 7.65067871074976 5.3546131695515
799 8.03385276568044 5.2410365251275
800 8.07649594692528 5.36613570074738
801 8.20587324563575 5.37913673898935
802 7.78288572398962 5.3662595373812
803 8.30555746350771 5.36613493075089
804 8.43852191792568 5.38878282063988
805 8.22893206149706 5.3351372749042
806 7.83938054379933 5.36800438970887
807 8.33047719567823 5.390666593741
808 8.16199974771949 5.36664078990614
809 8.06378928308476 5.36613546043548
810 8.62505241228901 5.3694876915124
811 8.30231613133999 5.36613486434201
812 8.13511352154785 5.31861871558531
813 8.26159619381108 5.3440508092857
814 8.32971716952099 5.36851496638336
815 8.18876850626261 5.36613503304858
816 8.08659569609137 5.36868375748843
817 8.18463760915995 5.31900942950884
818 8.24298425957218 5.36613475869346
819 8.37805993433759 5.36596893692644
820 8.28683733859556 5.40342956616538
821 8.21011256184785 5.36802543351963
822 8.30535635304415 5.3696387201043
823 8.29253851959009 5.36613563305664
824 8.34013391596837 5.33268679569406
825 8.4415206701472 5.40725858611794
826 8.34219006871788 5.26014351505227
827 8.41989484436077 5.36747375733425
828 7.85927908452197 5.29843945209508
829 8.33314547111485 5.389704824573
830 8.12525957844016 5.25233365771248
831 8.30225244035395 5.36550780931923
832 8.33932612326531 5.36846312229779
833 8.59971431589824 5.44138726542184
834 8.29531695889236 5.36613528441247
835 8.24715819172329 5.36458486165294
836 8.01270297259719 5.36613551651731
837 8.3667652639715 5.40434110417769
838 9.02338192225591 5.39438791340082
839 8.30280120703859 5.37095146624738
840 8.30231613133999 5.36613486434201
841 8.393276479803 5.36968555631007
842 8.29106385203018 5.36925930115506
843 8.46628986685513 5.36440125177725
844 8.40155759242021 5.36623740833143
845 8.28465020959563 5.36882549597833
846 8.5004799447229 5.3987626827159
847 8.36013211150366 5.32868295260311
848 8.30231613133999 5.36613486434201
849 8.49706433394324 5.46825568758848
850 8.39298717613835 5.3668507721113
851 8.18054357847779 5.37225374294148
852 8.28058326343585 5.41786619689624
853 8.20298988776353 5.32626142785777
854 8.4862144720218 5.33831124907885
855 8.43162622655264 5.40701213607036
856 8.30231613133999 5.36613486434201
857 8.40076468079545 5.36613571758712
858 8.10122017028256 5.32827945179681
859 8.3473364982637 5.36459781365575
860 8.45177325869203 5.36613481163059
861 7.87832968468908 5.22619335136373
862 8.30231613133999 5.36613486434201
863 7.96592591312983 5.24917437961743
864 8.08609729758013 5.36613458670726
865 8.12661972603057 5.40434134805413
866 8.50937266977377 5.3687166517221
867 8.29023882587072 5.46859357008743
868 8.16159961389506 5.36613546274745
869 8.27154037299482 5.28089317403629
870 7.60802348651313 5.36957355032891
871 8.18942107757654 5.36613555343834
872 8.32847816977799 5.38777469311759
873 8.30214646474601 5.36450088488354
874 8.08577745691251 5.36730701587399
875 7.73110313783767 5.35467819084229
876 8.30231613133999 5.36613486434201
877 8.24559690906696 5.36760845862916
878 8.55368896432626 5.36611889856292
879 8.10835167208973 5.27963226179598
880 8.08584030809257 5.29224996421115
881 8.68951311772049 5.42242519249257
882 8.239404200107 5.29866732464103
883 8.38849074453587 5.36613564733355
884 8.20671339618935 5.32770998469538
885 8.17969316108481 5.36456240897778
886 8.49999891255749 5.3661347020309
887 8.40822960064435 5.36613464265119
888 8.35693416784912 5.3860763823446
889 8.30231613133999 5.36613486434201
890 8.22819203269566 5.36613547326364
891 8.3022307141236 5.36530097955799
892 8.31166354412053 5.37579981568237
893 8.38012096411415 5.36698091829727
894 8.36829028315189 5.41221543580288
895 8.35365665986577 5.36613542754634
896 8.2156177605079 5.36762888080174
897 8.20834570030381 5.32929384535022
898 7.89809376460827 5.16917494576908
899 8.30273628981733 5.3702805801488
900 8.35365665986577 5.36613542754634
901 8.21704829510064 5.37722760945909
902 8.30314374929113 5.37450060108746
903 8.22165807596505 5.37095027913005
904 8.59474419252795 5.4232986106241
905 8.31825963275178 5.38109871218061
906 8.13643948947522 5.36613580253685
907 8.17795354461695 5.366135114181
908 8.36267591626166 5.35080250712256
909 7.81585587480676 5.36470663872194
910 8.29576588607163 5.35740585182692
911 8.18744317009944 5.32164824748035
912 8.30231613133999 5.36613486434201
913 8.03586910193008 5.2420997049903
914 8.10780657249579 5.33665761592523
915 8.22650705305094 5.3074233929129
916 7.59137214962597 5.36826695727038
917 8.43740342774903 5.44630732053851
918 8.30250886490743 5.36800459508447
919 8.30216174577451 5.36464285015395
920 8.41598455434021 5.33632924692035
921 8.03072713033424 5.29608967029169
922 8.43911075047119 5.36597001028382
923 8.25353246503848 5.3654686200826
924 8.41975374783254 5.36613490776923
925 8.24586786440423 5.34386810283895
926 7.74423740397893 5.36613533990435
927 7.95459417475465 5.36793009683404
928 8.09691451552045 5.27459124448841
929 8.21392260072984 5.36613438109746
930 8.49356950267453 5.36824982285177
931 8.16318990443936 5.30359722513365
932 8.63798250107803 5.36544149115202
933 8.30231613133999 5.36613486434201
934 7.87938020268077 5.30795159449803
935 8.06722430151853 5.30882360096972
936 8.15276155313269 5.29628253312653
937 8.08609729758013 5.36613458670726
938 8.35217706940548 5.40641895338994
939 8.22389011180732 5.36964977911394
940 8.89433404186913 5.36613418337701
941 8.14385285034712 5.36613509018243
942 8.01352484092843 5.41093696593367
943 8.19891027314148 5.36535650620976
944 8.05065328112391 5.2491742076019
945 8.2988249367743 5.2407797568368
946 7.52890203544888 5.26689794432577
947 8.55576994162116 5.37806849127064
948 8.30944529880736 5.37008874747463
949 8.32283239610657 5.37695914001802
950 8.34872575845655 5.39944585785541
951 8.35274473531365 5.36467234361857
952 7.88300915310174 5.26460375941144
953 8.07340886379962 5.26105174238149
954 8.32501044992581 5.32825659072687
955 8.28650011096279 5.28903878703121
956 8.05253951790082 5.31677188252525
957 8.51689144241447 5.3688255807511
958 8.41289316808708 5.36613579491859
959 8.28557518919698 5.35395220887636
960 8.26200517463518 5.3721547287327
961 8.30231613133999 5.36613486434201
962 8.35345272803662 5.366135288065
963 8.4690479230679 5.36613550172495
964 8.21620970022363 5.36613482775137
965 8.22284829276873 5.36613502035626
966 8.00892372226197 5.36563743286421
967 8.29603411637148 5.36613525282102
968 8.40214664865106 5.36613539121915
969 8.30231656525747 5.3661317431237
970 8.2666121048516 5.36613541184373
971 8.24021081423767 5.40404191488747
972 8.14082652294328 5.41558295026747
973 8.10715169140528 5.37472747717853
974 8.43630410400584 5.3655686055936
975 8.29896298508914 5.33485220929756
976 8.08609729758013 5.36613458670726
977 8.29200540178853 5.36613566342287
978 8.37750233491134 5.41387643569468
979 8.30308226818825 5.37385986652794
980 8.30218698077395 5.36489119312802
981 7.89652403509665 5.36613543184455
982 8.15256501698645 5.36613576446076
983 8.34729512131139 5.27503297876452
984 7.9571983718499 5.24563237321504
985 8.30215534483583 5.36458166138052
986 8.30231613133999 5.36613486434201
987 8.06616548095271 5.36668513615448
988 8.19336223127069 5.32273387140856
989 8.29195605003235 5.36870874274793
990 8.33435599237429 5.36613513703906
991 8.31377919741648 5.39881762258915
992 7.99194247927141 5.26903122216257
993 8.19096437528088 5.36613557230522
994 8.29921875218011 5.36212831249942
995 8.36159440934364 5.38888978050794
996 8.37458821091696 5.41059601159586
997 8.13021066303956 5.279760980065
998 8.30231613133999 5.36613486434201
999 8.30297024311648 5.37268439725842
