0 5.93003198267344 1.84569223491482
1 6.00894133626427 1.79267773159284
2 6.00952108612014 1.94320934403282
3 6.09373896452921 1.84569230640354
4 5.96433559832052 2.04584561623032
5 5.87314441018854 1.74143287901559
6 5.95323798545791 1.84763911176478
7 5.98574035796721 1.91620356925904
8 5.9359315794849 1.82912682998636
9 5.78790760453723 1.86717870374215
10 6.07733044223654 1.77075235244407
11 5.93557112952084 1.80502697272566
12 6.00915657519802 1.84569240723141
13 6.02303318640868 1.91620337257491
14 6.07911078957678 1.8463714398941
15 6.02355841993611 1.95815289661264
16 6.0166917861798 1.85019817420817
17 6.12115361397754 1.85797995168041
18 5.98738298193108 1.82886041058615
19 6.03528860845695 1.93380568874499
20 6.19112614180663 1.95581216745336
21 6.00909953638794 1.82521322993434
22 5.91636333651522 1.8009189506161
23 5.83549591757211 1.76101472219902
24 6.00920562743215 1.85840554634593
25 5.72901949456598 1.97945163859636
26 5.93599806347188 1.84569240577396
27 6.23601993373704 1.84569243953892
28 6.00959471681693 1.96475467575429
29 6.17016661036108 1.84569242702898
30 5.77247727849238 1.84569243067272
31 6.00916562900821 1.84796820828514
32 5.86173783088832 1.66717691965749
33 5.84950359070296 1.84569230879604
34 5.92984921632141 1.78955825340493
35 6.11719020873052 1.79462688266048
36 5.99703820584938 1.89019265723304
37 6.00769587602295 1.82237822486832
38 6.00918499147858 1.85387245993726
39 5.78409763468392 1.84569241751817
40 6.03602535341457 1.92890202932214
41 6.0486049464466 1.84569242304097
42 6.14960479857958 1.85203532044506
43 5.91230471271522 2.59781893369783
44 5.84071538291679 1.84658744321026
45 6.01012332884534 2.13167379575871
46 6.10333391335401 1.8452683043106
47 5.84533061789269 1.86236521462028
48 6.00922754143082 1.86379521075026
49 6.06965987669183 1.86397030698141
50 5.91431259236445 1.90059260412662
51 5.84554455077575 1.83864220494883
52 6.00923326822903 1.8652516851939
53 6.14099840316108 1.88902077693764
54 6.00913626735322 1.83980998712836
55 5.9888001690661 1.84089068688249
56 5.99143857496319 2.05300542014833
57 5.99172255985108 1.8915457281978
58 5.98416859923643 1.85938050618417
59 6.03847993377986 1.8456924241932
60 6.00919708190329 1.85734537082731
61 6.10314414227612 1.7967729064893
62 6.0413406880433 1.84569235247971
63 6.06790846846572 1.95765455648227
64 5.82988479207814 1.84569245110798
65 5.83280141956871 2.02055765184662
66 6.00326809591935 1.83165160242459
67 6.10402109570202 1.99371225099088
68 6.00890326463278 1.78454558004072
69 6.00915657519802 1.84569240723141
70 6.03280534602297 1.86080108507947
71 6.02448613420082 1.89126248211915
72 6.03684677265587 1.78037300881041
73 6.00914875779523 1.84341038860493
74 5.93676011802513 1.82216122068624
75 6.04053051528771 1.94319266432467
76 6.01007570575103 1.87979887724912
77 6.06490545982617 1.84715106076513
78 6.05970501319584 1.89531308049922
79 6.01733760554345 2.05285231356737
80 6.00950621072921 1.93901352226253
81 6.00911786665024 1.83597529672199
82 6.30702932029349 1.91611243917927
83 5.94295432647438 2.17506568574784
84 6.07853867740818 2.10799568037129
85 6.00360643192944 1.85152945662225
86 6.08755036937932 1.87082075283056
87 6.08967466686375 1.84471410788579
88 6.02898002636107 1.84569238793686
89 6.08851626384014 1.91725036195175
90 6.01006622059219 2.11238759473909
91 5.88607109897047 1.83728848049384
92 5.94411630935939 1.84569233695587
93 6.09566324084681 1.98578167069982
94 5.98222549616038 1.87723297662769
95 6.01382236681742 1.8108862008113
96 5.96645181247482 1.78586487215761
97 6.00915657519802 1.84569240723141
98 6.00981548543806 2.03135132053258
99 6.06257775921677 1.85293661003785
100 6.03772464942136 1.97275288691513
101 6.09208173487607 1.80208721200208
102 5.98886999461863 1.85203839673908
103 5.82501686000383 1.86333987255845
104 5.96303750964237 1.83830046608436
105 5.95139026683763 1.79573448734481
106 5.97537755727058 1.83721551223461
107 6.05071034467363 1.82829707447203
108 6.00932354957314 1.88902083924728
109 6.39012345571413 1.89038590304921
110 6.04259950509552 1.90088087862224
111 5.77476339554723 1.85992982385552
112 6.12994064210294 1.84569236753582
113 6.12873662931539 1.81816959013675
114 6.04423360363333 1.84569242134728
115 5.80616721005336 1.8456924464753
116 5.83646334589879 2.07291654562958
117 6.14049525892781 1.72392914458999
118 6.05548673501524 1.8705260217785
119 5.80426278396081 1.90453260303261
120 6.06671827048515 1.97099043754194
121 6.05901156277021 1.84498289230023
122 6.00915657519802 1.84569240723141
123 6.00907653927291 1.82244704774289
124 6.07046279145321 1.84569244631584
125 5.89975667169719 1.84569238896811
126 6.00928314688108 1.87367136373672
127 6.10337852402157 1.8475728324665
128 6.0090026629853 1.80077090852212
129 6.08240108528611 1.78748273691297
130 5.98070065015865 1.89219760159564
131 5.97270823351334 1.84569244516679
132 6.04238368744566 1.845692418312
133 5.84985100111494 1.841087646902
134 6.01283146464807 1.81435433632523
135 5.93317569101321 1.78635473371906
136 6.00915657519802 1.84569240723141
137 5.96286044324413 1.77214635882303
138 6.00915657519802 1.84569240723141
139 6.00941773893649 1.91446091534908
140 5.96914266931748 1.84569242254321
141 6.08584610243814 1.91209594692021
142 5.95074508378255 1.84569239860606
143 5.80653347486273 1.95635811481198
144 5.94874926761138 1.91144996687954
145 6.00915657519802 1.84569240723141
146 5.91766331863168 1.91950319090953
147 6.00949506464908 1.93514652267632
148 6.13987225383598 1.80162287177208
149 6.00903911987711 1.81663223973565
150 6.04548569150034 1.84018536018258
151 5.92894291316876 1.84569237123441
152 5.88466000406459 1.84569237503642
153 6.00886823703055 1.76101468408746
154 6.00902661198053 1.80340094686335
155 5.84538320082554 1.84954360469296
156 6.00938015770089 1.90430184399019
157 6.07483521437802 1.86358274561208
158 5.98045604766202 1.8501722478753
159 6.00915657519802 1.84569240723141
160 6.08796523577888 2.33096368020873
161 6.05237971351232 1.81881485894984
162 5.73604274600406 1.962308123872
163 5.88593069943401 1.78634199115136
164 6.00926783153135 1.87427463148282
165 6.00915657519802 1.84569240723141
166 5.9803407014432 1.85015109394065
167 6.29679801627363 1.85305498427241
168 6.113110199168 1.84779469210978
169 6.04831548068839 1.91912963928119
170 5.96477638882452 1.90945612965396
171 6.00915657519802 1.84569240723141
172 6.00891622097577 1.78753791887339
173 6.08603892839945 1.96563463334992
174 5.99453792958321 1.83644821717303
175 6.00916005192469 1.84670103243696
176 6.00943082541392 1.91810637312431
177 6.009132509015 1.83872123908213
178 6.02866477126672 1.86147617276249
179 6.00887329303999 1.77504257739524
180 6.00915657519802 1.84569240723141
181 6.13642750929497 1.88950742830357
182 6.06202111147608 1.83087651404639
183 6.01005589025259 2.10896283685902
184 6.04444429798831 1.84530191839915
185 6.00894686295027 1.79467240907354
186 6.01259027401219 1.79768958416209
187 6.00915657519802 1.84569240723141
188 5.87345232762227 1.84569233033316
189 6.00903011090177 1.80882713501816
190 6.07620929651937 2.04863100782249
191 6.0901743163621 1.8370638515684
192 6.00942965470691 1.91775751571259
193 6.01058997126289 2.29989025781291
194 6.00945662226207 1.92534041369209
195 6.00942453029514 1.91623267194384
196 6.02544975238132 1.92890199947102
197 6.00901754938945 1.80515558125541
198 5.93129144617837 1.83864221879907
199 6.00915657519802 1.84569240723141
200 6.00918995819634 1.85531445681874
201 6.05079520315808 1.79509938144879
202 6.0092679128435 1.87446910649205
203 5.88417822221855 2.10090687074551
204 6.08126644357037 1.84569243082321
205 6.00922744747 1.85816463988423
206 5.99617244661978 1.89539275461541
207 6.11739481604731 1.85245380403403
208 6.09923967512971 1.85372429900957
209 6.00984861773647 2.04172844762747
210 5.97086071914772 1.85344054832599
211 6.00907571581078 1.8170117457355
212 6.00574628917436 1.84569233113212
213 5.95794322231485 1.78655737342741
214 6.00705987993569 1.83456444650005
215 6.00913477245261 1.84018527839311
216 6.00981275248397 2.03049825675315
217 6.00915657519802 1.84569240723141
218 6.0390967919737 1.87504819246452
219 6.09172929618115 1.92636444685671
220 6.09944830452503 1.84085675401477
221 6.04512109098915 1.84569224380424
222 6.03345149695104 1.84569245394316
223 6.00948545313497 1.93340752275108
224 6.06640515555153 1.75012199326569
225 6.2525156980259 1.84569238990283
226 6.04531234580001 1.80199274733665
227 6.00921281834327 1.8618778300392
228 5.96460454341365 1.80119203951273
229 5.93584945967124 1.92741136317911
230 6.00950085119199 1.93777677808513
231 6.0917229592467 1.76864435764722
232 6.26789202566297 1.80617262179773
233 6.08469177147702 1.81393888544664
234 6.15738294019582 1.84878143201904
235 6.03354191398834 2.02153220354351
236 6.00886412020697 1.74637383414293
237 6.04570133575987 1.8334079936098
238 5.88763959156203 1.86696977562757
239 6.05995895883567 1.91209586388119
240 6.00924354853906 1.86902161416227
241 6.00915657519802 1.84569240723141
242 6.05507536314113 1.82431548527469
243 5.97370743718726 1.85051842484046
244 5.94526515690049 1.82108849818766
245 5.8039655529899 1.8892752996965
246 6.63152551220988 1.8603699433666
247 5.94264923375967 1.80880645587362
248 6.11767275968814 1.84569241932712
249 6.00915657519802 1.84569240723141
250 5.87345232762227 1.84569233033316
251 6.00238515482297 1.79800594468694
252 6.02600928627321 1.98093454421102
253 5.89966460290706 1.82142200705754
254 5.98210360510586 1.84569239217179
255 6.00915657519802 1.84569240723141
256 5.97497252337064 1.84569239532258
257 6.00888701459799 1.78079076133398
258 6.00915657519802 1.84569240723141
259 5.96903080866994 1.90941075082631
260 6.08586120588014 1.91620356557195
261 5.91871220693014 1.85180283302963
262 5.99711763457861 1.84569239260897
263 6.08503600723346 1.81155422784648
264 5.94787026554408 1.89234337902419
265 6.08760947008857 1.84806012935481
266 6.00783271086343 1.84450898143085
267 5.88360367885116 1.82088803251592
268 5.89783088014386 1.85076331432052
269 6.15181287376798 1.85241685748901
270 6.1911162268729 1.84569241958834
271 5.83449520637315 1.83369115103212
272 6.07508057181558 1.84569240190851
273 5.93563258809778 1.85149349463741
274 6.03729602918185 1.89522206997155
275 6.00948650661654 1.93374883884217
276 6.14099840316108 1.88902077693764
277 6.0094122294732 1.91174541087375
278 6.24740145818749 1.86451196877337
279 6.05541411195194 1.792513708547
280 6.00915657519802 1.84569240723141
281 5.86293946799736 2.04807338897031
282 5.95433635941245 1.76312926083778
283 5.82988479207814 1.84569245110798
284 6.04914223650444 1.86158785743159
285 5.99040276711238 1.84569237699001
286 6.00919984001311 1.8566837083686
287 6.09556402669854 2.10592220636748
288 5.989754691942 1.79041459918408
289 6.02644548345072 1.6904301193351
290 5.86380591399429 1.91172050693946
291 6.03854112793847 1.97336789263818
292 6.00925363054985 1.87139691926435
293 6.10641080375045 1.84569243940518
294 6.00915657519802 1.84569240723141
295 6.11731978010267 1.82167750740999
296 5.82878319612564 1.82107202753598
297 6.07791599214221 2.17250569120289
298 5.98576286993294 1.79230273246704
299 6.1107576923136 1.87832532234662
300 6.00915657519802 1.84569240723141
301 6.04728957865827 1.8435402192144
302 5.98862755876342 1.91982181618159
303 6.06255177971078 1.84569245331246
304 6.03604064876606 1.83177384378546
305 5.89096089578627 1.92377881823751
306 5.84782881301907 1.73834582525482
307 6.14512720691879 1.79824355260778
308 6.00945357654354 1.91942557520393
309 6.06429181821064 1.84569234053597
310 6.0551679322971 1.84569242557487
311 6.05334251649116 1.84569244653315
312 5.99742273143092 1.87342118016921
313 6.00961877317111 1.97200155631988
314 6.00890543308099 1.7835940147164
315 6.0888356799604 1.91763714662779
316 6.00316995865652 1.91982180657027
317 6.08176600330359 1.79793772371861
318 5.9160302028665 1.8317855611115
319 5.994701286875 1.84569245941234
320 5.792607689487 1.91446086138881
321 6.08649683569025 1.86210868088301
322 6.02277162937343 1.97876117439016
323 6.2821286145763 1.84929962149958
324 6.00898883553401 1.79446016745614
325 5.96851590422288 1.84658749406096
326 6.03475426614384 1.8481643591583
327 5.90602447004739 1.80641801505077
328 5.85893165522909 1.86388626127813
329 5.84689628995293 1.83792558382169
330 5.98675555541058 1.78218893694491
331 5.91876506859489 1.86535400544004
332 6.00943201513558 1.91853609891852
333 6.00944967595519 1.92295830164106
334 6.00915657519802 1.84569240723141
335 6.08807191319127 2.37235008555285
336 6.00915657519802 1.84569240723141
337 6.08606469702642 1.83347944581608
338 6.00910846011961 1.83330577092361
339 6.00778977651134 1.84569243577515
340 5.94945193065845 1.84089076345226
341 6.00977250755161 2.01803928408761
342 6.00948155506816 1.93233782060625
343 6.00918981178386 1.85525511323472
344 6.00978579134421 2.02249024279059
345 5.99310123917045 1.84569233046832
346 5.78751549783677 1.96230834750879
347 6.11544885948756 1.77342901637355
348 6.04994156778263 1.90139155209542
349 6.00915657519802 1.84569240723141
350 6.24988572761997 1.95616565159347
351 6.00899012893604 1.80488988087786
352 5.91865642302355 1.83468270513524
353 6.00914269344154 1.84167324758534
354 6.13966151057438 1.84379128259937
355 6.00926594711355 1.87379667666331
356 6.00144587164387 1.84569245413034
357 6.0200628874726 1.83471236651714
358 6.00902710155137 1.80796020714211
359 6.00969223115634 1.99361000922551
360 6.09148911643265 1.88078281064354
361 6.12615292869607 1.85902772165795
362 6.1779207620546 1.82937341134987
363 6.05752012137586 1.88391219234306
364 5.9522501016207 1.82978055924069
365 6.0097371411518 1.84569239871454
366 6.05715900958073 2.41875609455688
367 5.92761917130063 1.81333269524492
368 5.89274876765581 1.84532828089784
369 5.9662206101269 1.8456924337145
370 6.00915657519802 1.84569240723141
371 6.00918705199726 1.85445762138345
372 6.08559071232179 1.84569241557278
373 6.00914398003355 1.84251790442331
374 6.09497681551849 1.88357080505641
375 6.00921450441312 1.86236518962008
376 6.05859127872735 1.84569238671431
377 6.04738267899152 1.84658747359649
378 5.85888499127059 1.85152802341436
379 6.00915657519802 1.84569240723141
380 5.96980964570702 1.81524434291771
381 5.98331158362119 1.85689039076218
382 5.94778276334467 1.87187625822459
383 6.09878668201293 1.90588870852837
384 6.16957916874533 1.96090014277797
385 5.99645312295504 2.00247090747356
386 5.9770964437219 2.03878161470363
387 6.00915657519802 1.84569240723141
388 6.01918034308324 1.87764262986701
389 5.99349737856607 1.84569242404227
390 5.89270160144182 2.01572193996355
391 5.9186922080675 1.84569241860938
392 6.00928877067385 1.87950020062822
393 5.99703018907098 1.84167744127893
394 5.91527249000661 1.84569243541757
395 6.0803524925202 1.84569242675922
396 6.11193675445099 1.84569246731652
397 6.0747393917554 1.84569242094108
398 6.8414735987547 1.90649925751675
399 6.12917265699966 1.95765462517317
400 6.00915657519802 1.84569240723141
401 6.07801118063583 1.84569234473305
402 6.0401649092078 1.84569240628589
403 6.19856824647134 1.85708597369289
404 6.05197323891154 1.82144420917177
405 6.00915657519802 1.84569240723141
406 6.26355571168987 1.97876112128745
407 5.93755559924432 1.87699395338986
408 6.08442762255656 1.84569245458206
409 6.0091607886986 1.84690708446999
410 6.0127095415394 1.85430074322865
411 6.06222732796509 1.95777491923154
412 6.00916469288077 1.84806010485855
413 5.98824432069766 1.81409466395015
414 6.009642454965 1.97876124904051
415 6.00955353924503 1.95279607613115
416 5.99797682905618 1.87723304830263
417 6.0085152754468 1.80641792723297
418 5.99491131277916 1.91950324011063
419 6.00922587669259 1.86334012849996
420 5.81304155577064 1.83760071217585
421 6.00896623652362 1.79860939096562
422 6.01045560748486 2.25996671282642
423 5.96476856844762 1.93030123237503
424 6.02566612821443 1.82878428288069
425 5.95082785996194 1.84569225876513
426 6.24420895636223 1.84569246226416
427 6.0576791967939 1.86703787669214
428 6.00875069697395 1.73809050600346
429 6.08621575873422 2.0192787610941
430 6.00915657519802 1.84569240723141
431 6.05188065698497 1.80454999403068
432 5.99625624354557 1.81854862250569
433 5.88611367597746 1.84569224751142
434 6.00925584201645 1.87113414095451
435 5.96524119312368 2.07716318998892
436 5.68835485892047 1.79990363536743
437 6.05184703864952 2.21565408094527
438 6.08684226041158 1.88072609262702
439 6.01495423153575 1.84245980574669
440 5.85859353255505 1.76449784610685
441 6.00926284021571 1.87298886853323
442 6.00891739500246 1.77557581818815
443 5.9648666363073 1.76927203313037
444 6.10333459177517 1.806149771136
445 6.08589917537372 1.92759358030461
446 6.10921227605736 1.80502693209439
447 6.17144530609852 1.84569237831457
448 6.03103281549185 1.81837399566841
449 5.82988479207814 1.84569245110798
450 5.96444855366743 1.84751297265549
451 6.0091807866828 1.85267421600455
452 6.08407491951875 1.8456923622228
453 6.08696348524527 1.95410448189366
454 6.01019769326297 1.88757685584968
455 5.88318874448196 1.79668071820829
456 6.07732476372872 2.14080030504363
457 5.93414378826791 1.84569242271337
458 6.1486678798174 1.86024640566868
459 6.11737418952956 1.85064497544146
460 5.95680498743433 1.84569236209352
461 5.98899226890858 1.94443110654504
462 5.99397565356053 1.84569227527786
463 5.85897100456297 1.86989101275724
464 5.97113746647672 1.92824704489959
465 6.00952563417028 1.94483126454614
466 6.12860163098701 1.84569243454311
467 6.10642070003643 1.85539516070642
468 5.78224677649288 1.89230922622202
469 6.00934162145308 1.89540913532968
470 6.1165420240501 1.84569244072366
471 6.00915657519802 1.84569240723141
472 6.09754057451856 1.86428788738396
473 6.03704622133863 1.8456924184937
474 6.34216990269839 1.84569240506988
475 6.00919194174812 1.85587901828165
476 6.00904974528742 1.81919246665909
477 5.97515080103422 1.81055128214416
478 6.08610123759042 1.98420012613989
479 6.00955810522456 1.95410457839578
480 6.10173574642812 1.86717458606201
481 6.12409982107976 1.85828809346431
482 6.04195612341746 1.84569233399848
483 5.98451835655556 1.88220533438424
484 5.90452447447075 1.84569243843752
485 5.97209980652027 1.84903339717747
486 5.87046564063406 1.87806725398134
487 6.10481098022604 2.01478925090258
488 6.03736186584631 1.91174542078213
489 6.00915657519802 1.84569240723141
490 6.00904382331325 1.79517932533146
491 6.00904139391095 1.81214514116173
492 5.90119092146994 1.83778814819887
493 6.00902710155137 1.80796020714211
494 6.01077979131494 1.85547578790116
495 6.05737122464232 1.84569239736142
496 6.08964336265526 1.91796715202939
497 6.00929880171688 1.88245567935611
498 5.98218444366518 1.80796025095186
499 6.18625792407087 1.80091894776629
500 5.85886657676221 1.84569240495661
501 5.83802593571519 1.8192038380467
502 6.00895145167401 1.7856655546886
503 5.95653848550185 1.7275046519621
504 6.00886823703055 1.76101468408746
505 6.16321492252736 1.84569244572605
506 5.95625268203997 1.99371246354273
507 6.06891463682998 1.84236997380567
508 5.90523099397795 1.80945262957999
509 6.19899306488931 1.96873158774385
510 6.10445786510521 1.9212480642446
511 5.96453564885976 1.845692240616
512 6.06432301647686 1.84569245026841
513 6.00980774515381 2.02892812992205
514 6.11078358638742 1.872905907439
515 5.88357394269258 1.8456923855935
516 6.00914219852754 1.84207402543674
517 6.07246392801275 1.81829589786175
518 5.99968177965026 1.84569233979232
519 5.8826675303712 1.91620354367467
520 5.85491831295037 1.80009938522119
521 6.24718899602103 1.84216678644473
522 5.88760368922258 1.85458902168663
523 5.96281374037022 1.85203537495771
524 5.84073587910992 1.8522349143831
525 6.13742255730696 1.84569234113684
526 6.057066082528 1.84569244536687
527 6.18148991190385 1.84526825153618
528 5.91080534971735 1.8452682654709
529 6.36204358852733 1.84569238681365
530 6.06669131434704 1.84569233290219
531 6.00912855099987 1.84151195271074
532 6.12994064210294 1.84569236753582
533 6.00873940148542 1.83142639857678
534 5.86886494182491 1.78760582882824
535 6.01195703938542 1.82747312149607
536 5.85179753998253 1.85828816156485
537 6.00862178662504 1.68748289643815
538 6.009095170714 1.82786857007852
539 6.12881231775036 1.92944783355837
540 6.01668537314169 1.77993735196623
541 6.00916880251973 1.84876476203608
542 6.01060082018865 1.79952829475674
543 5.94218633454125 1.87699406374415
544 6.07278296011138 1.84569233596401
545 6.3027958225675 1.87388678453529
546 6.06797217936712 1.7908719494935
547 6.02382605154965 1.84569246583187
548 6.08576061639197 1.88882628170452
549 6.10367169994861 1.89642789109307
550 6.06661744062125 1.96681412365274
551 6.04907836427728 1.84569226444472
552 5.98842518353024 1.97269899837988
553 6.00912938782549 1.83779230078715
554 5.98373600438578 1.93684269784014
555 5.80371039507831 1.8161999167131
556 6.08963298868895 1.90487083600987
557 6.03913288177422 1.82088815494818
558 6.0739706454343 1.83706370921283
559 6.11177146718666 1.79824343257894
560 6.08543757876544 1.80721866741986
561 5.83577741409486 1.85312700756125
562 5.91620713385625 1.84569243349462
563 6.10596327278003 2.08265778819359
564 6.0096782351528 1.98937094252979
565 6.01547210106219 1.84569234468992
566 5.99063533836776 1.91628503472601
567 6.0961059427956 1.8277943256045
568 6.00896200170134 1.79678912100527
569 6.04735636114048 1.83901743081673
570 6.12151892737227 1.86593841414476
571 6.00915657519802 1.84569240723141
572 6.04311262623323 1.79990367118303
573 6.00927029668657 1.8749345120273
574 5.84577949696149 1.80882712117857
575 6.00915135386345 1.83974370138704
576 5.99433402536044 1.84569231477422
577 6.02969710840044 1.8479681673781
578 5.99891159243005 1.80502698474702
579 6.24992297086827 1.84569237006816
580 6.06631577972405 1.98367683734286
581 5.96899247692438 1.87699407612687
582 6.04986542126788 1.87794992869475
583 6.01220219307625 1.8456922956471
584 5.90839689477034 1.98683187794679
585 6.13848910520022 1.88247842755622
586 6.00923312634272 1.86770886940171
587 5.93517650715014 1.9162033847296
588 5.88091004996153 1.845692418037
589 6.00943563476655 1.91950328644752
590 6.11308499274162 1.84569229971324
591 5.99150620774467 1.84569231688073
592 6.0022915225711 2.05566622639795
593 6.11200452087881 1.84569238446094
594 6.08965465721695 1.80641783020822
595 5.90870180076018 1.84569243368846
596 5.97683384984649 1.85700239821537
597 6.00959671356515 1.96477314498935
598 5.78346909337224 1.84167316739415
599 5.96936653246816 1.84569245560891
600 5.99185326048188 1.86035033689274
601 6.00915657519802 1.84569240723141
602 6.05606507484456 1.7705128771831
603 6.00982964660151 2.03575510018788
604 6.04451093935748 1.82277639506982
605 6.00970636059271 1.99787242273645
606 6.01291782160053 1.85175208726297
607 5.78272593083891 1.72737378954297
608 6.00883535214401 1.76505948184727
609 5.8356193775315 1.96230832482382
610 5.98957859226439 1.82117030730803
611 6.17978928726137 1.80401378074905
612 6.13414270161759 1.84845932652595
613 6.08829651456295 1.84113802668163
614 5.98345102435031 1.89616089340245
615 6.05086465657157 1.89393169012662
616 6.32474022635492 1.85344102664209
617 6.00879873407169 1.75500811767904
618 6.08307272676825 1.96907798670969
619 6.10125138159261 2.24478738140623
620 6.08643468929945 1.81055135291057
621 5.69370708088572 1.84569231618668
622 5.95092449079174 1.77098936784679
623 6.08398025990078 1.78960880577684
624 6.17852230125406 1.812967467651
625 6.07283037144181 1.84569235833907
626 6.00909369756731 1.82886044937973
627 5.98480207386245 1.86365870564037
628 6.07577006697718 1.85918932865446
629 6.00992813610347 2.06895531762716
630 6.00224222356434 1.80502694330151
631 6.00003805445718 1.96681409542879
632 6.00903244379819 1.80961946210381
633 6.07070926226552 1.84569246911966
634 5.9186471835536 1.83183591788259
635 6.05268249313131 1.89325350720016
636 6.01715594619819 1.898305143463
637 6.22386117420341 1.84924418450811
638 6.00911128312246 1.83251862916841
639 6.00927463623682 1.87606089216313
640 5.99402804108339 1.87263053185311
641 5.86610118976565 1.90118839899321
642 6.009011835986 1.80348171130567
643 6.09844700230184 1.7921988981586
644 5.99162042022122 1.83644819065104
645 5.9662206101269 1.8456924337145
646 5.94139184129758 1.90316555127389
647 6.11217744452398 1.9078653083617
648 6.84102227734949 1.7999037210194
649 6.00887784216107 1.76387941003168
650 5.91045478648499 1.91839958561464
651 6.00958537285944 1.96202380400036
652 6.04470385191949 1.97336787570916
653 5.92857176068463 1.74595069215127
654 6.08314471675182 1.84569243281757
655 6.00915657519802 1.84569240723141
656 5.85541814433575 1.96475469886757
657 6.00915657519802 1.84569240723141
658 5.90179335066202 1.82895302820563
659 6.00958017271773 1.96052189701713
660 5.80155702457762 1.84354025700044
661 6.00915657519802 1.84569240723141
662 6.00944132715966 1.92119522404672
663 5.92956232680344 1.92716912924912
664 6.04385651623761 1.86985982452199
665 5.92947628674778 1.8064179996503
666 5.96586129017465 1.87012918261128
667 6.0589161221302 1.84569237102087
668 6.009064215406 1.81883830728719
669 6.16304513323712 1.97256513127019
670 6.02184179602886 1.7618016352343
671 5.83277470316551 1.87555031373625
672 6.00978285430702 2.02112563779214
673 6.02563434926361 1.81936528004015
674 6.08179113497336 1.85704507695203
675 5.9446884062567 1.9087415782688
676 6.14928915757612 1.76158073319109
677 6.08695055446021 1.87052597878121
678 6.09740876036748 1.84569242574631
679 6.0743695521029 1.78566289684153
680 6.04983873629334 1.86379512117148
681 6.03056701937152 1.85305511095651
682 6.00915657519802 1.84569240723141
683 6.00357339086517 1.9488030473801
684 6.15671114787659 1.88858079169411
685 6.00915657519802 1.84569240723141
686 5.92900072357329 1.77527279383647
687 6.00969250891108 1.99371237929027
688 6.28824478365615 1.84569228613497
689 6.04669324341043 1.86550514295139
690 5.99662413931707 1.84569242456631
691 5.99061999828551 1.81663210185156
692 5.95360132258087 1.84569241403498
693 5.93629258238813 1.84569241325808
694 6.107695502594 2.12839681035021
695 6.05945863905526 1.83864213881539
696 6.01024316817626 2.1750469885069
697 6.10977444731149 1.8631481901357
698 5.83287219894608 1.85862653429537
699 6.07244870775002 1.79676547564843
700 6.04940317967129 1.93013050850743
701 6.07060402023944 1.84569224776075
702 5.93255889621016 1.85066190037573
703 5.83668534811881 1.81846304443478
704 5.99743015141005 1.79615164973454
705 6.00915657519802 1.84569240723141
706 6.16960630303883 1.83392727652057
707 6.03710844081299 2.00663821715091
708 5.96024552122681 1.81219937073427
709 6.00915657519802 1.84569240723141
710 5.97919145731804 1.80284313635273
711 6.0553460416895 1.86880609425274
712 5.97564696532098 1.84569234165038
713 6.1472259384465 1.84052803661102
714 5.96358870164271 1.81826696253345
715 6.02408755712738 1.79990358496406
716 6.07343075622927 1.88280972973258
717 5.9719971425591 1.80162277288539
718 6.02393620804791 1.86860825085747
719 5.9186922080675 1.84569241860938
720 6.00927488645815 1.87614049115359
721 6.00874625031743 1.7246651553818
722 5.96392095627308 1.69676114154041
723 6.00915657519802 1.84569240723141
724 4.95702420117176 1.84924412012393
725 6.0096117815205 1.96970421652345
726 6.03830830966203 1.83244121522192
727 5.89851974350361 1.95092995932262
728 6.01151703384314 1.8708383929865
729 5.96321212380546 1.96035160567412
730 6.07008914388866 1.88597042730125
731 5.9948848062003 1.79952827514819
732 6.00918888500375 1.85498779401989
733 5.99885898548934 1.89843069748313
734 6.00917108603922 1.84935641946838
735 6.00905661280942 1.82097209042616
736 6.13988625908881 1.80564586256051
737 6.04256639350248 1.86428714482439
738 5.96323360146421 1.9668140230991
739 5.98908436164866 1.84569244106607
740 6.0104966447706 2.26470868500226
741 6.058501799735 1.91814862536614
742 6.00968358811351 1.9909894085213
743 6.00899694790356 1.8065055773888
744 6.00915657519802 1.84569240723141
745 5.90742267468865 1.98891264490372
746 5.8700747020814 2.03784866288121
747 5.8533650942962 1.91950327262708
748 6.14076046240407 1.82655122111205
749 5.88161561890519 1.80142278364779
750 5.93113821872869 1.84569243402937
751 5.99018324113582 2.06476968756331
752 5.84035443064169 1.74445640250905
753 5.96367290570154 2.10895138683241
754 6.01283279520795 1.85793457705405
755 6.07049585893154 1.77981191292092
756 6.01588850605013 1.7951162668489
757 6.05398419164176 1.96776709295602
758 5.84084827116209 1.88467453729235
759 6.11736619735609 1.83640774980239
760 6.06588882217814 1.78884657726289
761 5.96266622381183 1.81445923709605
762 6.1175948279442 1.80529543123591
763 6.00904207571252 1.81734909576392
764 6.01249183017617 1.84569244576868
765 6.09924273864312 1.85459742300769
766 5.84312831080025 2.02223760006169
767 5.86614684874056 1.8590707628388
768 6.00973644497203 2.00699090927235
769 6.00937725160193 1.90208116949634
770 6.08538786386972 1.79688006356186
771 5.99423509673396 1.8211152758559
772 5.99112952377275 1.84569245276113
773 6.04907836427728 1.84569226444472
774 5.97228567188846 1.84569234195496
775 5.90851812417981 2.26490877012257
776 6.00915657519802 1.84569240723141
777 6.00969250891108 1.99371237929027
778 6.00919132816686 1.85570500350818
779 6.00864547043275 1.69454120393936
780 6.05737122464232 1.84569239736142
781 6.02207038458358 1.8456924254053
782 6.14065199331326 1.8035700180958
783 6.00945469514244 1.92511834283438
784 6.11217646286433 1.90757882085077
785 6.009366008595 1.89528443320134
786 6.04029122708312 1.81029330777989
787 6.07966924198576 1.68824107406868
788 5.83923009356062 1.80260285063004
789 5.98080741884989 1.85085625339151
790 5.85892285998275 1.86348207758212
791 6.14053129974462 1.98116205816995
792 6.00915657519802 1.84569240723141
793 6.26739715327392 1.84569236428763
794 5.92416635130045 1.85058593784112
795 5.93392686523812 1.85654415051561
796 6.08657443461737 1.85069153814396
797 5.90644840380818 1.8447058615841
798 6.0221369788952 2.25364919817885
799 5.96017012676274 1.84569223263528
800 6.01128116074165 1.84569240119956
801 5.99209021433701 1.82014447610071
802 5.91907201576872 1.95410453862672
803 6.00915657519802 1.84569240723141
804 5.967075965617 1.87873137126248
805 5.97107210503477 1.84569243736191
806 5.97122145840389 1.96475459880758
807 5.9526749693558 1.80668763715796
808 6.01074960957941 1.96681406444936
809 6.1495011297911 1.82263530899425
810 6.0089796893523 1.80242076295675
811 6.00896259935752 1.7983928684543
812 5.98676307691982 1.80357002761267
813 6.06359714554333 1.84569244898045
814 6.04195612341746 1.84569233399848
815 6.00885770490215 1.76604010618548
816 6.00940522707231 1.90971212939491
817 6.00870939978076 1.71365664494494
818 6.0281871010274 1.83247730875775
819 6.14097805050611 1.88407163418091
820 5.94829921465569 1.84569241751675
821 6.03417728331508 1.96348034674925
822 6.24734990979301 1.83634012922515
823 5.95655307915535 1.83711789160919
824 6.08515472406288 1.8456923689349
825 6.01441814489179 1.84757178689848
826 6.16281962524343 1.90622352515963
827 6.00778977651134 1.84569243577515
828 6.06345537653525 1.83066156605428
829 5.78780338542358 1.83830051090774
830 5.8827189903326 1.84569232592304
831 5.92523761823153 1.84569246156462
832 6.00910420281342 1.83048392451174
833 6.00960178416416 1.96681411893337
834 5.95272326582394 1.86439020342443
835 6.0089814917726 1.80286453335413
836 6.00915657519802 1.84569240723141
837 6.10347677999858 1.8456922480449
838 6.0091281196592 1.83743009664826
839 6.20535975385602 1.84569241999009
840 6.10046620154412 1.89127120063884
841 6.06601987958905 1.82116603090424
842 6.76372044115276 1.80514016051603
843 6.04199321505515 1.81684997422032
844 6.15302273895544 1.90604267883521
845 5.89217206686682 1.85513652505215
846 6.07643598678077 1.91982173643769
847 6.07049713851918 1.84569242464541
848 5.9496861443051 1.91382540466113
849 5.45689513510592 1.79763409004138
850 5.99937699655411 1.84569240412108
851 6.12178239023671 1.96721224783325
852 5.96281374037022 1.85203537495771
853 5.83110783283949 2.08754093636862
854 6.00928618318593 1.88168399706146
855 6.03715663747575 1.8537453979905
856 5.91254512078623 1.84569246588999
857 6.08696757495008 1.98285780112512
858 6.0978790430225 1.86213006552265
859 6.07724733722958 1.84569244948169
860 5.93106344531132 1.92592836721091
861 5.98463169132921 1.83269832157065
862 6.00921765483291 1.86327227166411
863 6.05650573946 1.82964885930364
864 6.08592837412234 1.93380853446692
865 5.90632462636516 1.94483132623266
866 5.92789316020134 1.83651891329406
867 5.92381691010548 1.86334004353355
868 5.93591945940547 2.03053314946684
869 6.00915657519802 1.84569240723141
870 5.94539559158282 1.91340004487535
871 6.12718662620294 1.84569239059129
872 5.99387904433388 1.86063473261988
873 6.10330263174549 1.83757973625534
874 6.02271125574213 1.96063314383678
875 5.99998841359652 1.82131336192617
876 6.03168969975536 1.85661579702415
877 6.00915657519802 1.84569240723141
878 6.00941657718477 1.9133670627536
879 5.74401332046344 1.84569236529144
880 5.79616622061416 1.83471214640368
881 5.93087298901308 1.81434537658453
882 5.91015797849608 1.81613195625776
883 6.00941656284138 1.914246403983
884 6.00906161833842 1.82212793718315
885 6.00934245565086 1.89417161750293
886 5.98409010253984 1.81813749679265
887 6.00910615787603 1.83101701363258
888 6.00892477185325 1.78854970352779
889 6.09747289474255 1.86181537940755
890 6.0107590388721 1.84569237459825
891 6.06888800123686 1.86694697812169
892 6.00942924135407 1.91424503341376
893 6.00974558379798 2.0097743283184
894 5.98754522322762 1.8337535416593
895 6.00936755586016 1.8370637594429
896 5.83424152020997 1.76287167735295
897 6.00915231409372 1.84444581973798
898 6.04325745756035 1.97447168915453
899 6.09852572226383 1.83830047641494
900 5.9721315607397 1.84683978594254
901 6.00940136768768 1.78586504541511
902 6.03587530464991 1.79952831013796
903 5.83068395440783 1.8456922459521
904 6.00947595726133 1.93151994153696
905 5.97885882698686 1.86133722256333
906 6.08557664150552 1.84168152948133
907 6.05340711745952 1.85020601680778
908 6.0090712879523 1.82088814708216
909 6.20142540364304 1.87568359773291
910 6.00915657519802 1.84569240723141
911 5.98079488294332 1.85672927045851
912 5.90752573755202 1.87723295839925
913 6.06204577441376 1.87764262188645
914 5.94120785604234 1.81632509766559
915 5.98277024505095 1.81807734485453
916 6.0307122920289 1.84763825323463
917 5.76504368555358 1.79990363750707
918 5.85865131261912 1.8456923296669
919 6.08564277976861 1.85744109956755
920 5.94984392780397 1.82237826643365
921 5.83447730519128 1.86985975488097
922 6.0091258239754 1.83794375100523
923 6.00440818181673 1.84569233769971
924 5.99501953926694 1.84178957706345
925 5.87582674012129 1.98919796552574
926 6.00915657519802 1.84569240723141
927 6.08655689948242 1.84569236429322
928 6.07332494141205 1.84569245961485
929 5.97639068614577 1.84569235752737
930 6.00896797251424 1.79965583260094
931 5.97959387661215 1.84569226253108
932 6.04277575270144 1.86675093784601
933 5.99562821178596 1.92152779758009
934 6.04267532394819 1.84487379175958
935 6.00916222640277 1.84731933852877
936 6.00955612951971 1.9533915682315
937 5.8731316133049 1.83838797038168
938 5.83036762837021 1.84323629784631
939 6.11585976748578 1.85554777478149
940 6.30619161100565 1.80853919721474
941 6.0090727444204 1.82131344322903
942 6.00918845756753 1.85485611062313
943 6.12542242367144 1.86261191230248
944 6.00908201513522 1.82403719038385
945 5.45280628183401 1.85507263886302
946 6.16312025908598 1.81883828646224
947 6.00824592238799 1.57679959328716
948 6.13206338484616 1.91950327116075
949 5.98768751620834 1.99371240965147
950 6.00921220422188 1.85746770244408
951 6.12059700333296 1.84569234512104
952 6.00938824790726 1.90588864899956
953 6.00917935623993 1.84549237286647
954 6.00972995133866 2.00532808898484
955 6.13157028191781 1.89512477228812
956 6.00924525984972 1.86840340390039
957 6.00046230820249 2.01222472727048
958 5.78809774237919 1.84569243183021
959 5.98297404662105 1.81079377969817
960 5.81534200460307 1.84569238332063
961 5.99896207318882 1.83324458927719
962 6.08475428378978 1.84569246814789
963 5.97926016082753 1.81620293079386
964 6.00391477860251 1.84756333360439
965 5.97119266044968 1.84569243525924
966 6.00915657519802 1.84569240723141
967 5.87990654739824 1.79125758725062
968 6.16415160062852 2.02508161067052
969 6.13592890649553 1.97876129539891
970 6.04238368744566 1.845692418312
971 5.9944664911092 1.8347123550158
972 6.08810651008564 1.86824022234511
973 5.99264646781782 1.79862257340883
974 6.0113971089253 1.96766755544252
975 6.0025532749864 1.86405167949176
976 5.93098720095654 1.84569244277404
977 6.00891527936281 1.78245038831735
978 5.84092949882021 1.84569232664191
979 6.06922065705744 1.84569235443347
980 6.00914916336477 1.84354021146897
981 5.95506420591704 1.86717459647751
982 5.95936850179069 2.09679200270096
983 5.94963984716574 1.91950325937661
984 6.0093881823502 1.90159870485066
985 6.08801791766513 1.84569243180276
986 5.92708792526739 1.83462461682625
987 5.85472543187531 1.73704633863387
988 6.00915657519802 1.84569240723141
989 6.00694888995023 2.04689607966655
990 6.06381352811996 1.86541104466145
991 6.02544263118293 1.84362135131383
992 6.0094367525279 1.91982176506955
993 5.83716192294859 1.81678282174698
994 6.06484842424202 2.03168160674928
995 5.9885442391519 2.13266239832643
996 6.00966987439619 1.9869862816267
997 5.80360778141328 1.78861895903347
998 5.82988479207814 1.84569245110798
999 6.00915657519802 1.84569240723141
