0 24.5410715762658 3.25407454544727
1 24.4961953407376 3.25658315233897
2 24.497622545355 3.28150053621373
3 24.497622545355 3.28150053621373
4 24.4551245813846 3.2815007070357
5 24.0044360966331 3.29629884519866
6 24.4551245813846 3.2815007070357
7 24.8908276456935 3.25658341182818
8 24.4961953407376 3.25658315233897
9 24.497622545355 3.28150053621373
10 24.5426466321581 3.28150051564361
11 24.4537099640305 3.2660209763696
12 24.4537024722355 3.25666451168175
13 24.5412057383071 3.25658340394921
14 24.5451684991534 3.32503677765227
15 24.6622537693353 3.25658307286962
16 24.5436299450603 3.30937124028804
17 24.4961943505354 3.25660343698985
18 26.4555536251553 3.30116664540242
19 24.5408826695165 3.24719049897849
20 24.7342057013528 3.25658329311685
21 24.5412057383071 3.25658340394921
22 24.497622545355 3.28150053621373
23 25.7978817194642 3.28150009993562
24 24.4551245813846 3.2815007070357
25 24.4961953407376 3.25658315233897
26 25.7129340659583 3.30116662709807
27 24.5412057383071 3.25658340394921
28 24.5426466321581 3.28150051564361
29 24.497622545355 3.28150053621373
30 24.5437812538237 3.30116640658826
31 24.5426466321581 3.28150051564361
32 24.143457785952 3.25658322571935
33 24.497622545355 3.28150053621373
34 24.497622545355 3.28150053621373
35 24.4987561772885 3.30116641642586
36 22.7416575706364 3.28150065526311
37 24.4987561772885 3.30116641642586
38 24.5426466321581 3.28150051564361
39 24.497622545355 3.28150053621373
40 23.9295203972042 3.25658319132283
41 24.4537004780453 3.25658316693765
42 24.4987561772885 3.30116641642586
43 24.5426466321581 3.28150051564361
44 24.4987561772885 3.30116641642586
45 24.4308950936874 3.28150068897967
46 24.497622545355 3.28150053621373
47 24.497622545355 3.28150053621373
48 24.5426466321581 3.28150051564361
49 26.3073270993755 3.25658311263352
50 24.497622545355 3.28150053621373
51 24.497622545355 3.28150053621373
52 24.497622545355 3.28150053621373
53 24.446271522137 3.28150066050803
54 24.4537004780453 3.25658316693765
55 24.4537004780453 3.25658316693765
56 24.5426466321581 3.28150051564361
57 24.544367152715 3.31123882660729
58 24.456253465016 3.30116661338845
59 23.1617575701509 3.26315126752225
60 24.6564874122744 3.30116646900142
61 24.497622545355 3.28150053621373
62 24.5426466321581 3.28150051564361
63 24.5426466321581 3.28150051564361
64 24.5426466321581 3.28150051564361
65 24.4987561772885 3.30116641642586
66 24.5426466321581 3.28150051564361
67 23.5679968080055 3.30116663670206
68 24.4551245813846 3.2815007070357
69 24.4987561772885 3.30116641642586
70 24.4465766490685 3.30116635467383
71 24.4551245813846 3.2815007070357
72 24.5426466321581 3.28150051564361
73 24.3855542353095 3.28150032505365
74 24.4975167384381 3.27964641032734
75 24.1131761696727 3.30116656360081
76 24.5431779283622 3.29648296661839
77 24.4971201076273 3.28276682112151
78 24.4987561772885 3.30116641642586
79 24.5412057383071 3.25658340394921
80 24.4569931554367 3.31394166087839
81 24.4961953407376 3.25658315233897
82 24.5416319698834 3.25298074958373
83 24.4968063697796 3.26728368007229
84 24.5426466321581 3.28150051564361
85 24.5424638935397 3.26422876801844
86 24.5426466321581 3.28150051564361
87 24.4560724932722 3.29596356261251
88 24.4987561772885 3.30116641642586
89 22.4189399134415 3.28150063259911
90 24.5426466321581 3.28150051564361
91 24.5426466321581 3.28150051564361
92 26.6848557013566 3.30116666179822
93 25.7646878082023 3.2815003537603
94 24.5437812538237 3.30116640658826
95 24.5437812538237 3.30116640658826
96 24.4961953407376 3.25658315233897
97 24.5429564472257 3.28688956111265
98 24.4961953407376 3.25658315233897
99 24.5488317266922 3.3011664185551
100 24.453500582449 3.25099354474972
101 24.497622545355 3.28150053621373
102 24.497622545355 3.28150053621373
103 24.4537004780453 3.25658316693765
104 23.3535431648136 3.22927082298728
105 24.497622545355 3.28150053621373
106 24.4537004780453 3.25658316693765
107 24.4551245813846 3.2815007070357
108 24.4961953407376 3.25658315233897
109 24.3680279193538 3.30116660255102
110 24.4987561772885 3.30116641642586
111 24.485816307605 3.256583332779
112 24.456253465016 3.30116661338845
113 24.5426466321581 3.28150051564361
114 26.2407552686568 3.24792389479217
115 24.456253465016 3.30116661338845
116 24.4537004780453 3.25658316693765
117 25.3665452650947 3.28150066312815
118 24.3275560817387 3.28150026567998
119 24.456253465016 3.30116661338845
120 24.497622545355 3.28150053621373
121 24.4943489842002 3.2242415056112
122 24.497622545355 3.28150053621373
123 24.4537004780453 3.25658316693765
124 24.5426466321581 3.28150051564361
125 24.4987561772885 3.30116641642586
126 21.7174053902458 3.29951302954072
127 24.5435746848552 3.32398553260622
128 24.5426466321581 3.28150051564361
129 24.497622545355 3.28150053621373
130 24.4961953407376 3.25658315233897
131 24.4961953407376 3.25658315233897
132 24.5413521197036 3.25894666475126
133 24.497622545355 3.28150053621373
134 24.5412057383071 3.25658340394921
135 24.5426466321581 3.28150051564361
136 24.4551245813846 3.2815007070357
137 24.3956831518843 3.28693750855641
138 20.6722665956873 3.25658360057511
139 25.5124024324187 3.25658338940987
140 24.5412057383071 3.25658340394921
141 24.456253465016 3.30116661338845
142 24.497622545355 3.28150053621373
143 24.4537004780453 3.25658316693765
144 24.5412057383071 3.25658340394921
145 24.5412057383071 3.25658340394921
146 24.5426466321581 3.28150051564361
147 21.2585811222979 3.25658343416115
148 24.5321271052361 3.28150077235558
149 24.5426466321581 3.28150051564361
150 24.4553484292613 3.27348087214679
151 24.499085887582 3.31051982238389
152 24.4551245813846 3.2815007070357
153 24.5426466321581 3.28150051564361
154 24.4551245813846 3.2815007070357
155 24.5437812538237 3.30116640658826
156 24.4990183837187 3.32119159854025
157 24.4551245813846 3.2815007070357
158 24.497622545355 3.28150053621373
159 24.4551245813846 3.2815007070357
160 24.497622545355 3.28150053621373
161 24.4551245813846 3.2815007070357
162 22.9566001128715 3.28150057293151
163 24.4987561772885 3.30116641642586
164 24.5426466321581 3.28150051564361
165 24.5437812538237 3.30116640658826
166 24.3024333717295 3.25658318564545
167 24.6536396447931 3.3011663667014
168 24.497622545355 3.28150053621373
169 24.4551245813846 3.2815007070357
170 24.4977206894511 3.28426436857309
171 24.5437812538237 3.30116640658826
172 24.4551245813846 3.2815007070357
173 24.4961953407376 3.25658315233897
174 24.5437812538237 3.30116640658826
175 24.456253465016 3.30116661338845
176 24.5412057383071 3.25658340394921
177 24.5437812538237 3.30116640658826
178 24.4561891594169 3.30001265224709
179 24.3229802282059 3.25658342252355
180 24.4984632466688 3.29610468883575
181 24.4551245813846 3.2815007070357
182 24.7069865149114 3.30116656757203
183 24.5412057383071 3.25658340394921
184 24.456253465016 3.30116661338845
185 24.4961953407376 3.25658315233897
186 24.5437812538237 3.30116640658826
187 25.7705627483971 3.30116668448256
188 24.0857113092739 3.28150031581493
189 24.4987561772885 3.30116641642586
190 24.4551245813846 3.2815007070357
191 24.2323177599654 3.28150036829953
192 24.4551245813846 3.2815007070357
193 23.2683522822963 3.25658320433105
194 24.5448518956182 3.31958560603647
195 24.497622545355 3.28150053621373
196 24.5426466321581 3.28150051564361
197 24.4966400708219 3.2691659669984
198 24.4987561772885 3.30116641642586
199 24.4551245813846 3.2815007070357
200 24.4537004780453 3.25658316693765
201 24.5426466321581 3.28150051564361
202 24.4968606814961 3.2682240594289
203 24.497622545355 3.28150053621373
204 24.4987561772885 3.30116641642586
205 24.4551245813846 3.2815007070357
206 21.7906081390059 3.32588707488699
207 22.3764599558139 3.2815005832136
208 24.4537004780453 3.25658316693765
209 24.4551245813846 3.2815007070357
210 24.5007243459847 3.3707980015553
211 24.4551245813846 3.2815007070357
212 24.4987561772885 3.30116641642586
213 24.456253465016 3.30116661338845
214 24.2326689438781 3.25658337115224
215 21.7039044991461 3.25658354397501
216 24.4961953407376 3.25658315233897
217 24.4547347208399 3.27478033975272
218 24.5431590629562 3.30470207607439
219 24.5011409075111 3.36949161820207
220 24.4551245813846 3.2815007070357
221 24.497622545355 3.28150053621373
222 25.5048319894349 3.25658315965587
223 24.4961953407376 3.25658315233897
224 24.4961514979078 3.24031226592886
225 24.4501309980587 3.19375243655348
226 24.497622545355 3.28150053621373
227 24.4965068481845 3.26537354192507
228 24.456253465016 3.30116661338845
229 24.497622545355 3.28150053621373
230 24.5412057383071 3.25658340394921
231 24.497622545355 3.28150053621373
232 24.4952039427272 3.23923651469977
233 24.5426466321581 3.28150051564361
234 24.4987561772885 3.30116641642586
235 24.5426466321581 3.28150051564361
236 25.1132330361066 3.28150060739824
237 23.6208251316118 3.28150056542962
238 24.4563128457148 3.30215433810792
239 24.4439627452841 3.28150060689377
240 24.5426466321581 3.28150051564361
241 24.497622545355 3.28150053621373
242 24.4551245813846 3.2815007070357
243 24.4961953407376 3.25658315233897
244 24.497622545355 3.28150053621373
245 24.497622545355 3.28150053621373
246 25.2441353856461 3.23443118964587
247 24.5437812538237 3.30116640658826
248 24.5437812538237 3.30116640658826
249 24.4987561772885 3.30116641642586
250 25.3010489167357 3.30116650347582
251 24.4987561772885 3.30116641642586
252 24.5412057383071 3.25658340394921
253 24.4975385762944 3.26699890369315
254 24.5437812538237 3.30116640658826
255 24.4529866734154 3.2217492311242
256 25.155593043878 3.28171376489036
257 24.5418146294486 3.26702477293165
258 24.497622545355 3.28150053621373
259 24.456253465016 3.30116661338845
260 24.4538979557021 3.26009270335993
261 24.456253465016 3.30116661338845
262 24.4987561772885 3.30116641642586
263 24.497622545355 3.28150053621373
264 24.5412057383071 3.25658340394921
265 24.4537004780453 3.25658316693765
266 25.7124443150864 3.2815004525283
267 24.5426466321581 3.28150051564361
268 24.5412057383071 3.25658340394921
269 24.4987561772885 3.30116641642586
270 24.4987561772885 3.30116641642586
271 24.4961953407376 3.25658315233897
272 24.497622545355 3.28150053621373
273 24.4987561772885 3.30116641642586
274 24.5437812538237 3.30116640658826
275 25.0119067495251 3.2565831876478
276 24.4987561772885 3.30116641642586
277 24.175185086498 3.35065912229407
278 24.4985406623112 3.29745013839472
279 24.456253465016 3.30116661338845
280 24.4977294817399 3.27229698429107
281 24.2997159513119 3.30116668591665
282 24.5437812538237 3.30116640658826
283 26.4001290736908 3.28150039859985
284 24.497622545355 3.28150053621373
285 24.4551245813846 3.2815007070357
286 24.4939580468543 3.21737699461863
287 24.5426466321581 3.28150051564361
288 24.5011177625211 3.38215742076367
289 24.4551245813846 3.2815007070357
290 24.4961953407376 3.25658315233897
291 24.5437812538237 3.30116640658826
292 24.497622545355 3.28150053621373
293 24.497622545355 3.28150053621373
294 24.5426466321581 3.28150051564361
295 24.4551245813846 3.2815007070357
296 24.5437812538237 3.30116640658826
297 24.4551245813846 3.2815007070357
298 24.5412057383071 3.25658340394921
299 24.4961953407376 3.25658315233897
300 24.0260576868653 3.2107411724959
301 24.1777491229154 3.25658324522262
302 24.456073792993 3.29806784605051
303 24.7226854567633 3.22515721543797
304 24.3135289386845 3.24199752108801
305 24.5426466321581 3.28150051564361
306 24.4547852830981 3.27195206753783
307 24.456253465016 3.30116661338845
308 23.146933451076 3.32113664256708
309 24.497622545355 3.28150053621373
310 24.5437812538237 3.30116640658826
311 24.456253465016 3.30116661338845
312 24.4961953407376 3.25658315233897
313 24.5422727112545 3.27091534288382
314 24.5412057383071 3.25658340394921
315 24.4979554880655 3.28726166740959
316 24.5424016458551 3.27730752924502
317 24.456253465016 3.30116661338845
318 25.0339494856646 3.30116681734204
319 24.4985194048101 3.29707568723842
320 24.4564562268057 3.3194955018163
321 25.1051671900976 3.28150071809575
322 24.4537004780453 3.25658316693765
323 24.497622545355 3.28150053621373
324 24.4987561772885 3.30116641642586
325 24.4537004780453 3.25658316693765
326 24.4961953407376 3.25658315233897
327 24.456253465016 3.30116661338845
328 24.4966843886591 3.25503252575773
329 24.5426466321581 3.28150051564361
330 24.4987561772885 3.30116641642586
331 24.3283261864355 3.30116641677009
332 24.719295961381 3.28150072789026
333 25.0724154833171 3.28150056774156
334 24.2589649168999 3.28150034441948
335 24.4551245813846 3.2815007070357
336 24.497622545355 3.28150053621373
337 24.498194297552 3.29152863981487
338 24.456253465016 3.30116661338845
339 24.4987561772885 3.30116641642586
340 23.1249079223196 3.25658334526281
341 24.3732807619417 3.28150028476499
342 24.7253598965763 3.25658336030069
343 24.5426466321581 3.28150051564361
344 24.4960458245311 3.25396641572317
345 24.5392350243506 3.22193466178936
346 24.5414124803797 3.26004504853129
347 24.4968417656648 3.24762976330658
348 24.4535258151745 3.25361510516188
349 24.4537004780453 3.25658316693765
350 24.5437812538237 3.30116640658826
351 24.4987561772885 3.30116641642586
352 24.4579689802448 3.33079669615247
353 24.3102966453674 3.32053498573065
354 24.497622545355 3.28150053621373
355 24.4551245813846 3.2815007070357
356 24.4549341484066 3.27818502952465
357 24.6011752394948 3.2565832737363
358 24.4961953407376 3.25658315233897
359 24.497622545355 3.28150053621373
360 24.4987561772885 3.30116641642586
361 24.4961953407376 3.25658315233897
362 24.4987561772885 3.30116641642586
363 24.4954133616074 3.24293004106876
364 24.4961953407376 3.25658315233897
365 24.497622545355 3.28150053621373
366 24.7888082053519 3.2815005239848
367 24.4987561772885 3.30116641642586
368 24.497622545355 3.28150053621373
369 24.4987561772885 3.30116641642586
370 24.2504733707317 3.28150034743294
371 24.4961953407376 3.25658315233897
372 24.497622545355 3.28150053621373
373 24.5426466321581 3.28150051564361
374 24.497622545355 3.28150053621373
375 24.497622545355 3.28150053621373
376 24.5422134426477 3.26932377948388
377 24.497622545355 3.28150053621373
378 24.4971604653829 3.28394091105363
379 24.4537004780453 3.25658316693765
380 24.3525043706053 3.25658325580282
381 24.4987561772885 3.30116641642586
382 24.4551245813846 3.2815007070357
383 24.4551245813846 3.2815007070357
384 24.4961953407376 3.25658315233897
385 24.5006616955026 3.35561992028054
386 26.0869971631194 3.28150075361495
387 24.4961563230763 3.24039616070599
388 24.4961953407376 3.25658315233897
389 24.5426466321581 3.28150051564361
390 24.497622545355 3.28150053621373
391 24.4560513051587 3.32398555356814
392 24.5433122393116 3.29303636204912
393 24.4551245813846 3.2815007070357
394 24.5451296179037 3.32440895435824
395 24.4551245813846 3.2815007070357
396 24.4987343865394 3.3007840062854
397 24.497622545355 3.28150053621373
398 24.4987561772885 3.30116641642586
399 22.567098004797 3.28150069487929
400 24.4961953407376 3.25658315233897
401 24.5426466321581 3.28150051564361
402 24.497622545355 3.28150053621373
403 24.4560506713955 3.29762370771743
404 24.4578501994188 3.32875906830815
405 24.4980086394789 3.29238902981511
406 24.5426466321581 3.28150051564361
407 24.4987561772885 3.30116641642586
408 24.497622545355 3.28150053621373
409 20.3838497649276 3.28150045832001
410 24.4961953407376 3.25658315233897
411 24.4537004780453 3.25658316693765
412 24.9341176592131 3.28150045317999
413 24.4551245813846 3.2815007070357
414 24.5426466321581 3.28150051564361
415 24.4961953407376 3.25658315233897
416 24.4975566054439 3.27962635824788
417 24.6665223972554 3.28608658156445
418 24.4537004780453 3.25658316693765
419 24.1274234607975 3.28150050110542
420 24.4670638053982 3.26592478540479
421 25.1064564161707 3.30116647678023
422 24.497622545355 3.28150053621373
423 24.8696411014081 3.32442166611608
424 24.456253465016 3.30116661338845
425 24.4537004780453 3.25658316693765
426 24.4987561772885 3.30116641642586
427 24.4976813724686 3.28315484336705
428 24.3256586386077 3.30116652190848
429 24.3349147867475 3.28150034044714
430 24.497622545355 3.28150053621373
431 24.4961953407376 3.25658315233897
432 24.1003387113683 3.27352241987642
433 24.5412057383071 3.25658340394921
434 24.7566803827572 3.28150062869378
435 24.497622545355 3.28150053621373
436 24.4537004780453 3.25658316693765
437 24.497622545355 3.28150053621373
438 24.498963596818 3.30477258325107
439 23.3720661347171 3.23829604327667
440 24.5412057383071 3.25658340394921
441 24.4999965089901 3.34941837512971
442 24.4551245813846 3.2815007070357
443 24.4823111649773 3.25658321513597
444 24.497622545355 3.28150053621373
445 24.4987561772885 3.30116641642586
446 24.5437812538237 3.30116640658826
447 24.4551245813846 3.2815007070357
448 24.5437812538237 3.30116640658826
449 24.4551245813846 3.2815007070357
450 23.2605867660276 3.33307012148272
451 24.5453694225543 3.3463095918158
452 24.4961953407376 3.25658315233897
453 24.497622545355 3.28150053621373
454 24.9032804281545 3.25658340631061
455 24.5426466321581 3.28150051564361
456 24.4950077189287 3.23580539597083
457 24.4551245813846 3.2815007070357
458 24.5426466321581 3.28150051564361
459 24.5396525141073 3.31462152583832
460 24.497622545355 3.28150053621373
461 24.497622545355 3.28150053621373
462 24.5080029478795 3.2815006988132
463 24.4987561772885 3.30116641642586
464 24.9106328151038 3.29123186487626
465 25.0617215118037 3.30116659885354
466 24.818186123939 3.2815007145554
467 24.4975687819664 3.2805595526678
468 24.497622545355 3.28150053621373
469 24.4987561772885 3.30116641642586
470 24.4991464417462 3.30793285471125
471 24.5412057383071 3.25658340394921
472 24.5412057383071 3.25658340394921
473 25.9240779879768 3.25658308374841
474 24.4987561772885 3.30116641642586
475 24.9533539836707 3.30116656100098
476 24.497622545355 3.28150053621373
477 24.5394957731016 3.22651175929343
478 24.5426466321581 3.28150051564361
479 24.497622545355 3.28150053621373
480 24.5412057383071 3.25658340394921
481 24.98127981796 3.30116669631088
482 24.4544725886602 3.27015401980515
483 24.4987561772885 3.30116641642586
484 25.0091022177987 3.25658315189391
485 24.4961953407376 3.25658315233897
486 24.2391209373539 3.28150033834569
487 24.5437812538237 3.30116640658826
488 24.4551245813846 3.2815007070357
489 24.4551245813846 3.2815007070357
490 24.497622545355 3.28150053621373
491 24.5426466321581 3.28150051564361
492 24.4961953407376 3.25658315233897
493 24.4537004780453 3.25658316693765
494 22.5555021639538 3.28150033396863
495 24.2413640806059 3.28150012927438
496 25.9002357008421 3.29514206501443
497 24.687123750764 3.23240504963017
498 24.4961953407376 3.25658315233897
499 22.7521327448618 3.33453206612238
500 24.4987561772885 3.30116641642586
501 24.5412057383071 3.25658340394921
502 24.7101530696056 3.2565832882244
503 24.5437812538237 3.30116640658826
504 24.456253465016 3.30116661338845
505 24.4961953407376 3.25658315233897
506 24.4505541481561 3.20124834343595
507 24.4551245813846 3.2815007070357
508 22.346131955525 3.25658339081948
509 24.5440601242142 3.3320862890617
510 24.4987561772885 3.30116641642586
511 24.497622545355 3.28150053621373
512 24.4961953407376 3.25658315233897
513 24.4961953407376 3.25658315233897
514 24.5006685195039 3.36919570804927
515 24.5426466321581 3.28150051564361
516 24.5412057383071 3.25658340394921
517 24.9348674655905 3.28235957418936
518 24.5437812538237 3.30116640658826
519 24.4537004780453 3.25658316693765
520 22.4991755162499 3.28150064216403
521 22.3409223900832 3.24713651949633
522 24.4961953407376 3.25658315233897
523 24.5426466321581 3.28150051564361
524 24.4551245813846 3.2815007070357
525 24.4537004780453 3.25658316693765
526 24.4553930487932 3.2862345983534
527 24.8107148309002 3.30116632983429
528 24.497622545355 3.28150053621373
529 25.4606605940779 3.28150073614034
530 24.5426466321581 3.28150051564361
531 24.497622545355 3.28150053621373
532 24.3226461084632 3.2815002874893
533 24.4573426434621 3.31999338585276
534 24.5426466321581 3.28150051564361
535 24.4986920517087 3.3118838602149
536 23.7092366714552 3.28150024379917
537 24.497622545355 3.28150053621373
538 24.3004177615647 3.30116653913435
539 24.497622545355 3.28150053621373
540 24.4551245813846 3.2815007070357
541 24.497622545355 3.28150053621373
542 24.9020978771884 3.30116683225215
543 24.5392946524394 3.26755547648515
544 24.456253465016 3.30116661338845
545 24.4977700175638 3.27214577128885
546 24.5452841990101 3.35404676098916
547 24.497622545355 3.28150053621373
548 24.5437812538237 3.30116640658826
549 24.4551245813846 3.2815007070357
550 24.4551245813846 3.2815007070357
551 24.5412057383071 3.25658340394921
552 24.4900215322255 3.13605446873534
553 24.4537004780453 3.25658316693765
554 24.497622545355 3.28150053621373
555 24.4987561772885 3.30116641642586
556 24.497622545355 3.28150053621373
557 24.4978309411126 3.28511192215288
558 24.5412057383071 3.25658340394921
559 24.4978243315279 3.28718560536565
560 26.5497416467292 3.2815004698965
561 24.453898568026 3.26011296084109
562 24.5436411425948 3.30968538725901
563 23.6949366690835 3.15517271156538
564 24.4987561772885 3.30116641642586
565 24.4537004780453 3.25658316693765
566 24.172761581317 3.25658332713129
567 24.4537004780453 3.25658316693765
568 24.4987561772885 3.30116641642586
569 24.5432641037617 3.28656875807863
570 24.4944059524864 3.22522354947331
571 23.7396021728586 3.2815004076362
572 24.497622545355 3.28150053621373
573 24.5426869540752 3.28220162689904
574 24.4551245813846 3.2815007070357
575 24.4537004780453 3.25658316693765
576 24.497622545355 3.28150053621373
577 26.6193007298775 3.30116643021874
578 24.4970218529229 3.2646543736661
579 24.497622545355 3.28150053621373
580 24.497622545355 3.28150053621373
581 24.4987561772885 3.30116641642586
582 24.497622545355 3.28150053621373
583 24.4551245813846 3.2815007070357
584 24.4961953407376 3.25658315233897
585 24.4551245813846 3.2815007070357
586 24.4551245813846 3.2815007070357
587 24.5426466321581 3.28150051564361
588 24.4987561772885 3.30116641642586
589 24.4923084673148 3.17340394090283
590 24.4551245813846 3.2815007070357
591 24.3021606455584 3.28150060458376
592 24.497622545355 3.28150053621373
593 24.497622545355 3.28150053621373
594 23.40711903602 3.30116658026628
595 24.4987561772885 3.30116641642586
596 24.497622545355 3.28150053621373
597 24.5426610446479 3.2696952436305
598 24.5412057383071 3.25658340394921
599 24.452834308625 3.23230098457146
600 24.456253465016 3.30116661338845
601 24.5426466321581 3.28150051564361
602 24.4575586544641 3.33598668936539
603 23.0391699560103 3.30116674038119
604 20.0819046321665 3.301166873472
605 24.497622545355 3.28150053621373
606 24.4551245813846 3.2815007070357
607 24.4999403318539 3.33482859698607
608 24.5406906315776 3.22693130623625
609 24.497622545355 3.28150053621373
610 24.5412057383071 3.25658340394921
611 24.497622545355 3.28150053621373
612 24.5491615403992 3.28150021105623
613 24.497622545355 3.28150053621373
614 24.497622545355 3.28150053621373
615 24.4961953407376 3.25658315233897
616 24.5426466321581 3.28150051564361
617 24.5426466321581 3.28150051564361
618 24.497622545355 3.28150053621373
619 24.497622545355 3.28150053621373
620 24.4546221756588 3.2729201510507
621 24.497622545355 3.28150053621373
622 26.1304116028482 3.25197434493241
623 24.4907831527494 3.16105196741066
624 24.4572441519313 3.3182921151626
625 24.497622545355 3.28150053621373
626 24.4961953407376 3.25658315233897
627 24.456253465016 3.30116661338845
628 24.497622545355 3.28150053621373
629 24.4945309653024 3.22742875037551
630 24.497622545355 3.28150053621373
631 24.5412057383071 3.25658340394921
632 26.2435638576817 3.30116684562501
633 24.5412057383071 3.25658340394921
634 24.5426466321581 3.28150051564361
635 24.1666409779117 3.19864794667448
636 24.4581050578894 3.33312060974751
637 24.4987561772885 3.30116641642586
638 24.5438031301423 3.3015210936238
639 24.1162028920494 3.28150045622375
640 24.4987561772885 3.30116641642586
641 24.5418957135432 3.26029901782776
642 24.6339052050328 3.30116647264733
643 24.5412057383071 3.25658340394921
644 24.5412057383071 3.25658340394921
645 24.4965085439148 3.26208766075433
646 24.497622545355 3.28150053621373
647 24.4551245813846 3.2815007070357
648 24.497622545355 3.28150053621373
649 24.5009084869579 3.36276109112885
650 24.4551245813846 3.2815007070357
651 24.5983236000714 3.18572101741382
652 26.2868861110651 3.25658315218365
653 24.497622545355 3.28150053621373
654 23.2208890858634 3.2815007065816
655 25.3832522612779 3.23640694025692
656 24.497622545355 3.28150053621373
657 24.5426466321581 3.28150051564361
658 25.1559430411183 3.28150067459225
659 24.4537004780453 3.25658316693765
660 25.0283031470271 3.28150051519026
661 24.1632403587663 3.28150053783642
662 24.4987561772885 3.30116641642586
663 25.0649817609648 3.28150058609145
664 25.9139155618716 3.28150035720346
665 24.4537004780453 3.25658316693765
666 24.5426466321581 3.28150051564361
667 24.4961953407376 3.25658315233897
668 21.642682290631 3.28150029523245
669 24.8607206732439 3.28150060958403
670 24.4961953407376 3.25658315233897
671 24.497622545355 3.28150053621373
672 24.497622545355 3.28150053621373
673 24.498553702756 3.323985558474
674 24.4551245813846 3.2815007070357
675 24.4999965089901 3.34941837512971
676 24.4537004780453 3.25658316693765
677 24.4987561772885 3.30116641642586
678 24.5443785567188 3.3114277224832
679 23.8998567153137 3.25658349258437
680 24.497622545355 3.28150053621373
681 24.497622545355 3.28150053621373
682 24.4551245813846 3.2815007070357
683 24.5929037291352 3.30116654215164
684 24.4537004780453 3.25658316693765
685 24.5426466321581 3.28150051564361
686 22.3348081818345 3.30116683416472
687 24.4551245813846 3.2815007070357
688 24.4961953407376 3.25658315233897
689 24.4957196570291 3.26240246337432
690 24.497622545355 3.28150053621373
691 24.4537004780453 3.25658316693765
692 24.4537004780453 3.25658316693765
693 24.5426466321581 3.28150051564361
694 24.497622545355 3.28150053621373
695 24.0033956917367 3.30116646311274
696 24.4961953407376 3.25658315233897
697 24.4961670747351 3.25608942363398
698 26.803739448321 3.25658345776257
699 24.5426466321581 3.28150051564361
700 24.5426466321581 3.28150051564361
701 24.497622545355 3.28150053621373
702 24.497622545355 3.28150053621373
703 24.4988014474367 3.33117567830431
704 24.5426466321581 3.28150051564361
705 24.4968250616036 3.26769258831429
706 24.4987561772885 3.30116641642586
707 24.4454121018485 3.10929735770137
708 24.4537004780453 3.25658316693765
709 24.5412057383071 3.25658340394921
710 23.3199838324051 3.28150077372471
711 24.497622545355 3.28150053621373
712 24.456253465016 3.30116661338845
713 24.5412057383071 3.25658340394921
714 24.5412057383071 3.25658340394921
715 24.456253465016 3.30116661338845
716 24.4961953407376 3.25658315233897
717 24.4551245813846 3.2815007070357
718 25.765859207113 3.30116665249528
719 24.4961953407376 3.25658315233897
720 24.5437812538237 3.30116640658826
721 24.497622545355 3.28150053621373
722 24.4551245813846 3.2815007070357
723 24.497622545355 3.28150053621373
724 24.497622545355 3.28150053621373
725 24.497622545355 3.28150053621373
726 24.497622545355 3.28150053621373
727 24.5004072951325 3.36137475368535
728 24.4961953407376 3.25658315233897
729 24.4551245813846 3.2815007070357
730 24.4551245813846 3.2815007070357
731 24.5426466321581 3.28150051564361
732 24.8590700270329 3.2753348768915
733 24.497622545355 3.28150053621373
734 24.497622545355 3.28150053621373
735 24.4537004780453 3.25658316693765
736 24.4987561772885 3.30116641642586
737 24.5426466321581 3.28150051564361
738 24.497622545355 3.28150053621373
739 26.6794357798337 3.28150050843318
740 22.4090863881792 3.28150053484091
741 24.4551245813846 3.2815007070357
742 24.2074215180483 3.28150014970051
743 24.4551245813846 3.2815007070357
744 24.497622545355 3.28150053621373
745 26.2367057196846 3.30116694491453
746 24.4987561772885 3.30116641642586
747 24.4987561772885 3.30116641642586
748 25.1151239596853 3.28150037136019
749 24.5426466321581 3.28150051564361
750 24.2980379953753 3.28150042818543
751 24.4537004780453 3.25658316693765
752 22.763887860441 3.3019462190202
753 24.4551245813846 3.2815007070357
754 24.497622545355 3.28150053621373
755 24.3048340945364 3.28150071172194
756 24.4981144301842 3.29003598347457
757 24.4987561772885 3.30116641642586
758 24.4537004780453 3.25658316693765
759 24.1804915918139 3.28150039830706
760 25.2871580924629 3.24142196416023
761 23.9233986651684 3.27794277109628
762 24.497622545355 3.28150053621373
763 22.6920594172851 3.24795754384959
764 24.4987561772885 3.30116641642586
765 24.4987561772885 3.30116641642586
766 24.5426466321581 3.28150051564361
767 26.4590754489711 3.29662518858533
768 24.4551245813846 3.2815007070357
769 24.5426466321581 3.28150051564361
770 24.4987561772885 3.30116641642586
771 24.4968753355048 3.26050839784777
772 24.5448026138111 3.31879095260747
773 24.5855631494492 3.28150045231772
774 24.4961953407376 3.25658315233897
775 24.2749837989834 3.31633978757353
776 24.456253465016 3.30116661338845
777 24.497622545355 3.28150053621373
778 24.4987561772885 3.30116641642586
779 24.5426466321581 3.28150051564361
780 24.4961953407376 3.25658315233897
781 24.4597084351348 3.40093127704562
782 21.0248889616834 3.28150056549636
783 24.3861935700212 3.28150071205526
784 24.4551245813846 3.2815007070357
785 24.5426466321581 3.28150051564361
786 24.5412057383071 3.25658340394921
787 24.9195507065381 3.25658323940698
788 24.5450226719357 3.34941824410832
789 24.4961953407376 3.25658315233897
790 24.4987561772885 3.30116641642586
791 24.497622545355 3.28150053621373
792 24.4551245813846 3.2815007070357
793 24.4704931996394 3.30116652304979
794 24.497622545355 3.28150053621373
795 24.497622545355 3.28150053621373
796 24.4537004780453 3.25658316693765
797 24.5412057383071 3.25658340394921
798 24.4551245813846 3.2815007070357
799 24.543293494449 3.29271817394085
800 24.5426466321581 3.28150051564361
801 24.456253465016 3.30116661338845
802 24.4987561772885 3.30116641642586
803 24.4961953407376 3.25658315233897
804 24.497622545355 3.28150053621373
805 24.5412057383071 3.25658340394921
806 24.497622545355 3.28150053621373
807 24.5412057383071 3.25658340394921
808 24.4537004780453 3.25658316693765
809 24.4551245813846 3.2815007070357
810 24.4961953407376 3.25658315233897
811 24.4971635088368 3.27351482375794
812 24.497622545355 3.28150053621373
813 24.4987561772885 3.30116641642586
814 22.8565561999224 3.30116647850875
815 24.497622545355 3.28150053621373
816 25.0255680002652 3.28150047632334
817 24.4537004780453 3.25658316693765
818 24.4987561772885 3.30116641642586
819 24.5426466321581 3.28150051564361
820 24.497622545355 3.28150053621373
821 24.497622545355 3.28150053621373
822 24.497622545355 3.28150053621373
823 24.5426466321581 3.28150051564361
824 24.5426466321581 3.28150051564361
825 25.3725966000141 3.26650728443797
826 24.4961953407376 3.25658315233897
827 24.4641620240499 3.28150046153809
828 24.497622545355 3.28150053621373
829 24.4961953407376 3.25658315233897
830 24.456253465016 3.30116661338845
831 24.4238239164656 3.25658338066201
832 24.5003074160278 3.34554040017202
833 24.5846006483536 3.30116645366861
834 24.5426466321581 3.28150051564361
835 24.5412057383071 3.25658340394921
836 24.4987561772885 3.30116641642586
837 24.456253465016 3.30116661338845
838 24.497622545355 3.28150053621373
839 25.2697402207084 3.25658315938822
840 24.4996493239317 3.31659985396168
841 24.5437812538237 3.30116640658826
842 24.5412057383071 3.25658340394921
843 23.2699870941258 3.28150045408147
844 24.4961953407376 3.25658315233897
845 24.5426466321581 3.28150051564361
846 20.9698287058585 3.28150023159635
847 24.4537004780453 3.25658316693765
848 25.1879797844035 3.27160769781772
849 24.5426466321581 3.28150051564361
850 24.4961953407376 3.25658315233897
851 24.4551245813846 3.2815007070357
852 24.5411750222798 3.24031249195393
853 24.4551245813846 3.2815007070357
854 24.4961953407376 3.25658315233897
855 24.497622545355 3.28150053621373
856 24.497622545355 3.28150053621373
857 24.497622545355 3.28150053621373
858 24.4551245813846 3.2815007070357
859 24.5412057383071 3.25658340394921
860 24.4578501994188 3.32875906830815
861 24.4987561772885 3.30116641642586
862 24.4537004780453 3.25658316693765
863 24.4968180404828 3.26747440204336
864 24.4961953407376 3.25658315233897
865 24.4961953407376 3.25658315233897
866 24.0362327529725 3.25658328768478
867 24.4537004780453 3.25658316693765
868 24.4949555212427 3.23491030740566
869 24.4987561772885 3.30116641642586
870 24.5437812538237 3.30116640658826
871 24.5426466321581 3.28150051564361
872 24.4551245813846 3.2815007070357
873 24.4551245813846 3.2815007070357
874 24.5437812538237 3.30116640658826
875 24.4560915187798 3.32516983934806
876 24.3456083637692 3.31138568926695
877 24.4987561772885 3.30116641642586
878 24.0441441873059 3.28150030895641
879 22.9037249671198 3.2815005066136
880 24.456253465016 3.30116661338845
881 23.5272071784889 3.40371480918861
882 26.9658386456491 3.25658338107405
883 23.3805470285618 3.28150050041951
884 24.497622545355 3.28150053621373
885 24.4961953407376 3.25658315233897
886 24.4999291996878 3.32145692382083
887 24.4961953407376 3.25658315233897
888 24.4961953407376 3.25658315233897
889 24.5437812538237 3.30116640658826
890 24.8180509922657 3.28150040246031
891 24.5375279307453 3.2815004887965
892 24.5412057383071 3.25658340394921
893 24.4987561772885 3.30116641642586
894 22.0077289721923 3.2815004853405
895 23.945235103012 3.25658333530834
896 24.497622545355 3.28150053621373
897 24.5426636758716 3.29767705308613
898 24.4961953407376 3.25658315233897
899 24.497622545355 3.28150053621373
900 24.5412057383071 3.25658340394921
901 24.5437789625505 3.30111782500277
902 24.4968978670246 3.26888550716129
903 22.5972327870532 3.30116680304176
904 24.4551245813846 3.2815007070357
905 24.4537004780453 3.25658316693765
906 24.4988835123133 3.30337943697956
907 24.1239366243073 3.28564900595883
908 24.5412057383071 3.25658340394921
909 27.0385992312758 3.28150059509235
910 26.2013688392969 3.25658355769762
911 24.5412057383071 3.25658340394921
912 24.497622545355 3.28150053621373
913 24.4537004780453 3.25658316693765
914 23.6701793563971 3.25658303900804
915 24.5437812538237 3.30116640658826
916 24.497622545355 3.28150053621373
917 24.456253465016 3.30116661338845
918 24.4609456995654 3.28150073580089
919 28.0080103814132 3.2565834770581
920 24.5418331076103 3.25866589251125
921 24.5004844843019 3.33097364507857
922 24.5625703952087 3.35987810581515
923 24.4987561772885 3.30116641642586
924 24.4961953407376 3.25658315233897
925 24.2060873215065 3.30116657053556
926 24.4977252214099 3.28344616563751
927 24.4561244390196 3.29892194290067
928 24.4551245813846 3.2815007070357
929 24.497622545355 3.28150053621373
930 24.497622545355 3.28150053621373
931 24.771509841217 3.30116647885945
932 24.4961953407376 3.25658315233897
933 24.497622545355 3.28150053621373
934 24.4551245813846 3.2815007070357
935 24.4987561772885 3.30116641642586
936 24.4987561772885 3.30116641642586
937 24.4551245813846 3.2815007070357
938 24.497622545355 3.28150053621373
939 24.497622545355 3.28150053621373
940 24.4961953407376 3.25658315233897
941 24.4551245813846 3.2815007070357
942 24.4901563980011 3.1498759018291
943 24.4897084989575 3.1418934061522
944 24.5426466321581 3.28150051564361
945 24.4961953407376 3.25658315233897
946 24.497622545355 3.28150053621373
947 24.5412057383071 3.25658340394921
948 24.0624974712797 3.30116642769595
949 24.4537004780453 3.25658316693765
950 24.5426466321581 3.28150051564361
951 24.5437812538237 3.30116640658826
952 24.497622545355 3.28150053621373
953 25.0068802966147 3.28150055989097
954 24.497622545355 3.28150053621373
955 24.5426466321581 3.28150051564361
956 24.0864860286885 3.287475552624
957 25.6474953688967 3.28150042755229
958 24.4537004780453 3.25658316693765
959 24.5418998362201 3.26037248340715
960 24.497622545355 3.28150053621373
961 24.497622545355 3.28150053621373
962 24.5222109468952 3.25658333223171
963 24.541503191791 3.24947313903079
964 24.456253465016 3.30116661338845
965 24.5426466321581 3.28150051564361
966 24.5426466321581 3.28150051564361
967 24.6653764807593 3.28150060608516
968 24.4961953407376 3.25658315233897
969 24.4961953407376 3.25658315233897
970 26.5081099486793 3.30116680860807
971 24.4987561772885 3.30116641642586
972 24.456253465016 3.30116661338845
973 24.4537004780453 3.25658316693765
974 24.4976075175512 3.29680410645927
975 24.2417597358734 3.28150021979584
976 24.4985400784054 3.32363210363021
977 25.170196125153 3.3385088891565
978 25.8791046383537 3.2565832922823
979 22.5782134574708 3.25658316016803
980 24.4987561772885 3.30116641642586
981 24.5437812538237 3.30116640658826
982 24.4987561772885 3.30116641642586
983 24.6868694665947 3.30116634571588
984 24.497622545355 3.28150053621373
985 24.456253465016 3.30116661338845
986 24.5437812538237 3.30116640658826
987 24.497622545355 3.28150053621373
988 24.4995240244968 3.33568198273752
989 24.4551245813846 3.2815007070357
990 24.5426466321581 3.28150051564361
991 24.4987561772885 3.30116641642586
992 24.497622545355 3.28150053621373
993 24.5412057383071 3.25658340394921
994 24.4551245813846 3.2815007070357
995 24.4961953407376 3.25658315233897
996 24.8425939400218 3.28150063224243
997 24.537020646309 3.18286764318911
998 24.456253465016 3.30116661338845
999 24.5437812538237 3.30116640658826
