0 10.5941377876373 5.04511412556995
1 10.0684897647875 5.04348504150917
2 10.9372111477704 5.0467523892729
3 10.4458182780325 5.04437935222824
4 10.3798958292574 5.03996091251923
5 9.69503183025628 5.04268367587552
6 10.1170656269358 5.04254556442816
7 9.95891599732994 5.04437930612583
8 10.4388665432268 5.04447823717593
9 10.1664268742249 5.04638050437892
10 10.1523009424534 5.04435121982151
11 9.88904006069981 5.04555196504888
12 10.0902750164734 5.04244256301366
13 10.1217597440972 5.04437931927918
14 10.1193962550089 5.03442552403527
15 9.67876826387712 5.04501399939447
16 10.2808336579642 5.04457428487659
17 10.4481715766397 5.04773380085473
18 10.1456671153433 5.04437941015555
19 10.3977979993403 5.0466357182992
20 10.157367113204 5.0479801507992
21 10.0482046777202 5.04669823700931
22 10.1458045462022 5.04595006566196
23 10.1337666162387 5.03993880172901
24 10.2259388649781 5.03602501733896
25 10.1083355827446 5.0287587372078
26 10.5174970989561 5.04580127147688
27 9.71575843411947 5.04437940043451
28 10.0502964453502 5.04437931601215
29 10.1456671153433 5.04437941015555
30 10.1456671153433 5.04437941015555
31 10.5472461846771 5.04854163512332
32 9.93833824373777 5.04437940716532
33 10.2332008147664 5.04437941453768
34 10.0047571202677 5.03895270280406
35 10.1301230946617 5.04036748713474
36 10.1228863961562 5.03840561048568
37 10.0860136496638 5.04104992959685
38 10.1456671153433 5.04437941015555
39 10.0510962021391 5.044590907956
40 10.1559894876463 5.04774009172218
41 10.1456976879609 5.04473287013197
42 10.1336808370039 5.04015779980578
43 9.92792982620444 5.04338519400723
44 9.50190389693253 5.04158709551381
45 10.1456671153433 5.04437941015555
46 10.1457087067331 5.04484908102922
47 10.1456671153433 5.04437941015555
48 9.90444151927354 5.03514517869428
49 10.1701600944234 5.04019687242539
50 10.1458517649671 5.0464774571447
51 9.51747120681134 5.04437934844263
52 10.138314922172 5.044379141618
53 10.1460489317175 5.04869548461939
54 10.1456671153433 5.04437941015555
55 9.92226827920317 5.03432950785449
56 10.1473460807312 5.04494281667207
57 10.097763018495 5.04437927863974
58 9.89194154347365 5.04485545285084
59 10.1364768231602 5.04117590684225
60 10.1456671153433 5.04437941015555
61 10.0981412401323 5.03818223798163
62 10.2332008147664 5.04437941453768
63 10.1348343960271 5.04437942135312
64 10.2236903734536 5.04852577211382
65 10.1456671153433 5.04437941015555
66 10.316023900357 5.04739307215956
67 10.0175673560325 5.04399411905101
68 10.3954039338676 5.04558201621082
69 10.322477822485 5.04389402946052
70 10.3178191462823 5.0528703291984
71 10.2826114357096 5.04437930009343
72 10.0551459828735 5.04437933669031
73 10.3907831978474 5.04437938185913
74 10.0204554574563 5.04445627074082
75 10.0857959726809 5.04437946735021
76 10.1395059817213 5.03776485482283
77 10.0958408820519 5.04658433464216
78 10.4961133719185 5.03691182448507
79 10.1482278453683 5.05311707855092
80 10.147802719458 5.04509434175093
81 10.1458822899236 5.04683867814658
82 10.0411896568259 5.04437915626982
83 10.2321481164728 5.0473209482833
84 10.3080024543912 5.04437924808999
85 10.1480838480686 5.04632119682221
86 10.1436297631338 5.04495382486017
87 10.3830779912077 5.04056685821221
88 9.60150503755328 5.04437928496219
89 9.88624540487898 5.02964722964299
90 9.89832823337546 5.0456956270788
91 9.94659376275967 5.04437931670934
92 10.0363795793573 5.04555182280614
93 9.87219485600442 5.04739303937873
94 10.1077329742647 5.03436725843791
95 10.0102188755603 5.04120493936426
96 9.91438344940211 5.04048600515699
97 9.81941404178435 5.0474752512527
98 10.2686066064849 5.04437925127616
99 10.1697228694046 5.04587067926056
100 9.85484880270989 5.04680756549793
101 9.63125014052365 5.04363469435854
102 10.1426320580247 5.04334563120808
103 10.1456759107619 5.0444781248341
104 10.3262159949309 5.04437914478659
105 10.0921262892388 5.04689924306202
106 10.0181832833281 5.04437935027984
107 10.1456671153433 5.04437941015555
108 10.1304356549428 5.03876620122797
109 10.2784057589713 5.05281098029947
110 9.9137202768511 5.04980749867619
111 10.1457144237272 5.04491155630954
112 10.2313647620301 5.04786259008435
113 10.1576173820021 5.04781653990711
114 9.88479214344905 5.04511327422109
115 9.49037252370495 5.03691190238886
116 9.458788643585 5.04437936152569
117 9.81443244153441 5.04437907020063
118 10.1077866558983 5.04702272738616
119 9.5517709649295 5.04463179225389
120 10.042521333549 5.0450488674956
121 10.131120882029 5.04285486039556
122 9.28658869756089 5.04450197866972
123 10.0950634003308 5.0347931511747
124 10.303442882711 5.04172811721726
125 10.138205762893 5.04116652191466
126 10.3802985745239 5.04437923669807
127 10.1295587145091 5.03861418316091
128 10.1456671153433 5.04437941015555
129 10.1461434207848 5.04629931655052
130 9.96224269944902 5.03436730224978
131 9.9703144739681 5.03843859697523
132 9.94638839799079 5.04437928500895
133 10.4816597117733 5.04437928315622
134 10.420803016147 5.04405366613033
135 10.1235515955367 5.03716001608225
136 10.1456855808972 5.0446144086163
137 10.2249783771827 5.04437922933545
138 9.25805993107837 5.04437931681235
139 10.1426435822377 5.04289416503673
140 10.0762694451809 5.04692335276114
141 10.0823528003557 5.04641691014233
142 9.12512300310899 5.04367570212974
143 10.3539308548735 5.05275351675468
144 9.60558861523895 5.03843888106426
145 10.1207514716642 5.04437942562584
146 9.53653866669224 5.04437934216166
147 10.1324338422234 5.03969518354419
148 10.1356597460528 5.04088092448005
149 9.79550021764382 5.04437912459867
150 10.1456671153433 5.04437941015555
151 9.97096455891324 5.04708972461622
152 9.90048101862971 5.04430331523206
153 10.4363840014439 5.04437935889847
154 10.316789554812 5.04384944192888
155 10.1510298829452 5.04582806580443
156 10.2986343194359 5.04655522759913
157 10.1456671153433 5.04437941015555
158 10.1456671153433 5.04437941015555
159 10.1362295348382 5.04151588213449
160 10.0884789654966 5.0349071553394
161 10.1290790709306 5.03906370314316
162 9.79046501847724 5.04472256186547
163 10.2783630865136 5.04437930492388
164 9.34327490362114 5.04437905805188
165 9.81360135337197 5.04390449645134
166 10.3497073191638 5.04365466560756
167 10.1504349999179 5.04689496505421
168 10.1417252917327 5.04367805216177
169 10.146318039224 5.05181018341911
170 10.1578434308594 5.04343939555807
171 10.1513712944129 5.03751098305633
172 10.347707387388 5.03858967060075
173 9.97469630600726 5.02839777304995
174 10.1456511927343 5.04419205214968
175 10.1846530977578 5.03333684642362
176 10.1669522971696 5.03401609850041
177 9.89594999707653 5.03890972364691
178 9.50330511302797 5.04437935773401
179 10.145798437599 5.04587525990801
180 10.4103831162162 5.04437922508991
181 10.2008121128353 5.04607133497236
182 10.1456671153433 5.04437941015555
183 9.99838570805902 5.03672468472954
184 10.0884689624633 5.0441271816205
185 10.0798519586926 5.04396600609943
186 10.3907831978474 5.04437938185913
187 10.5209019514127 5.04715954237358
188 10.1212012064935 5.04437940783478
189 10.2164074816787 5.04558191272508
190 10.1455698224523 5.04330326416722
191 8.39703947941739 5.04437923341258
192 10.1456671153433 5.04437941015555
193 10.1488775171735 5.04567444344397
194 10.142246995266 5.04321285791094
195 9.62290213865029 5.04413738404478
196 10.1407074262219 5.04458416684028
197 10.1456671153433 5.04437941015555
198 9.78086781313866 5.04043580939051
199 10.0930795806725 5.02171559388303
200 9.99878718692577 5.04209463604208
201 10.4639468324022 5.04437943326788
202 10.1456671153433 5.04437941015555
203 10.075558417103 5.04407826179633
204 10.1459824400522 5.04448579140328
205 10.4242025038135 5.04437909470752
206 9.73019776517524 5.04437942861937
207 10.1456671153433 5.04437941015555
208 10.3915543956779 5.04711852910547
209 10.1415330946385 5.04296565035626
210 10.0118810494759 5.03977376093551
211 9.9732469607689 5.04437931974133
212 10.4404596118835 5.03908902240288
213 10.324271274777 5.04017487972012
214 10.1302539372285 5.03887821376821
215 10.4511408287368 5.04437934836442
216 10.4739495314388 5.04437924212043
217 9.93991191023129 5.03425307955083
218 10.1422825621293 5.04322463247589
219 9.81443244153441 5.04437907020063
220 9.88971770377328 5.04437913537156
221 10.1324338422234 5.03969518354419
222 10.2374368664518 5.04378701737858
223 9.74982726328351 5.0396486446582
224 9.12499823777052 5.0449537921896
225 10.1061132662144 5.04437931498689
226 10.1456671153433 5.04437941015555
227 10.1456336588095 5.04401570661635
228 10.0689295842948 5.04682099324482
229 10.2121959035249 5.04437945167324
230 9.98877590312983 5.04653955488111
231 10.0610731860363 5.04770724110883
232 10.3382954894868 5.0443792025611
233 10.1532571553168 5.0469568426907
234 9.77504573916151 5.04437941062656
235 10.0708129222017 5.04436494499919
236 10.0299314579212 5.04437923449096
237 9.40906212643953 5.04437933946679
238 10.1687388841464 5.04437942079405
239 10.0405786750709 5.0454885431316
240 10.4186282751326 5.0469614268742
241 9.89507882551582 5.04642806621742
242 10.4213856672976 5.04545758296876
243 10.0416786774721 5.04416089538376
244 9.76882036819242 5.04370547286932
245 10.2332008147664 5.04437941453768
246 10.1456894334586 5.04463870224324
247 10.0029149633676 5.04437913858427
248 10.1401905633111 5.046899098279
249 10.2142316313734 5.04437938405457
250 10.1456671153433 5.04437941015555
251 10.8831956437747 5.04317577822119
252 10.1455758423005 5.04336528574235
253 10.2332008147664 5.04437941453768
254 10.0532327651963 5.04124658186489
255 10.1524221214022 5.04823059890236
256 10.1388186529292 5.04407011190856
257 9.59442915759004 5.04682102164816
258 10.1373315061495 5.04148291650749
259 9.97248906463336 5.04756327218983
260 10.1421197056391 5.04463532048378
261 10.2938055868827 5.04648236324542
262 10.1456671153433 5.04437941015555
263 10.1548202005862 5.04760781532414
264 10.1225406425847 5.0449106753495
265 10.1457415214339 5.04521571419159
266 10.1211111083634 5.03627412550853
267 10.3510984075546 5.04437920951677
268 10.0183534516012 5.04457419297184
269 10.0578381799906 5.03915274963237
270 10.1707512649135 5.04618877385823
271 9.96947818981225 5.03993079008034
272 10.1458045462022 5.04595006566196
273 9.57688503189351 5.04607139727601
274 10.1398672979517 5.04238264461041
275 10.1404227993691 5.04257815106116
276 10.3179637345272 5.04437937349342
277 10.5093880571788 5.04171134952138
278 10.1456671153433 5.04437941015555
279 10.246657894795 5.04453141486508
280 10.0351693841292 5.04437930771226
281 9.58140531036074 5.04437939579589
282 10.1456671153433 5.04437941015555
283 10.1456671153433 5.04437941015555
284 10.1392200139108 5.04437945591707
285 10.3394055045616 5.0443790966329
286 9.88219268134477 5.0441607523157
287 10.5026338479735 5.04566280925488
288 10.3327986306408 5.0385319024193
289 10.1458517649671 5.0464774571447
290 10.4710957983434 5.04483378026451
291 10.0844615300307 5.04708584931963
292 9.76154021487511 5.03523419357138
293 10.1456671153433 5.04437941015555
294 10.1942783041133 5.04545748591842
295 10.1456438065173 5.04412040085283
296 9.48548217818243 5.0371788660541
297 10.0401809151966 5.04822719046199
298 9.66131599448093 5.02925144590089
299 9.91991615972956 5.04502584834552
300 10.1456381607084 5.04406442036944
301 10.3510244663414 5.04613284293211
302 10.0361906153696 5.04336937993245
303 10.1265645734193 5.03746120633338
304 10.4241979230501 5.04395611704862
305 9.45537199365189 5.04479686683334
306 9.50179199616453 5.04416052293645
307 10.6029498926691 5.04437928110836
308 10.3187924837476 5.03616217844415
309 10.1456012854101 5.04365468564254
310 10.0647901330421 5.04232554167067
311 10.1459902989538 5.04457380913144
312 9.65237196077356 5.02902055359079
313 10.1293527717281 5.04096128082688
314 10.1456671153433 5.04437941015555
315 10.1456671153433 5.04437941015555
316 10.1440878805436 5.04365266305852
317 9.99338187261731 5.03953175251643
318 10.1456671153433 5.04437941015555
319 9.67853176825347 5.04437941241481
320 9.6826207691186 5.04432378757747
321 10.1456671153433 5.04437941015555
322 9.93529295327691 5.04437930785682
323 10.147876926629 5.04511939383262
324 10.2242709903138 5.04197684812394
325 10.1456671153433 5.04437941015555
326 9.80044147830401 5.03521637476208
327 10.1380334684213 5.04192215484759
328 9.09413361074221 5.04437933977327
329 9.61500649014935 5.04545132762818
330 10.1456671153433 5.04437941015555
331 10.2335400640092 5.03117543632875
332 10.1037628044364 5.04437926095882
333 10.1869159806747 5.04651644974458
334 9.43602214024355 5.03964133208707
335 10.0623063469615 5.0443793575532
336 10.3379037249159 5.03958537042364
337 10.1456671153433 5.04437941015555
338 10.230641663826 5.02545159229752
339 9.44428619702071 5.0464596393648
340 10.0714751456484 5.04437928130987
341 10.1503654761247 5.04748252697501
342 10.1525183610657 5.04663566194494
343 10.2564887798349 5.04437919607647
344 9.51490309096799 5.04682109110961
345 10.1717969016574 5.04437919071452
346 10.2918888847523 5.04641956008593
347 10.3124261155377 5.03845380884951
348 10.1331031525175 5.04391434447493
349 10.127956978103 5.03877724747089
350 9.76372801433678 5.04682103810716
351 9.89137603283294 5.0419300479957
352 10.1516428537245 5.04677775968487
353 10.1337961682324 5.0482494877187
354 9.576828317228 5.04535368624208
355 9.81275400035739 5.04437938489504
356 9.57681080996609 5.04514164421023
357 10.0152849049273 5.0443813726877
358 10.1630358525906 5.03451471125034
359 9.65920807614267 5.04366601947915
360 10.1698155088552 5.04437919767436
361 10.1456671153433 5.04437941015555
362 9.47197537280346 5.04620191225724
363 10.1087753889184 5.045013778616
364 10.4671650809124 5.05051759866497
365 10.4693783336753 5.04401570319165
366 10.2436877203332 5.0427904754842
367 10.1456671153433 5.04437941015555
368 9.74866656719371 5.03961902722007
369 10.0187199041535 5.02692194310328
370 10.2935226207886 5.04437927979
371 10.5056046199709 5.04039166851356
372 9.86899900447476 5.04585346348119
373 10.1456671153433 5.04437941015555
374 10.6309373626259 5.04647681473009
375 10.0182747129271 5.04368111074787
376 9.46184918092737 5.02568571953617
377 9.28658869756089 5.04450197866972
378 10.2224752384554 5.04296257471111
379 10.19934769301 5.04420805961908
380 10.1443285070742 5.0448687379464
381 10.3767323266564 5.04645787192252
382 9.55971555405267 5.03807467229548
383 8.27935274553945 5.04437933566075
384 10.1625953899532 5.0497878836053
385 9.36923868141364 5.04339721938725
386 10.0437601497438 5.03917702689075
387 9.67588922321918 5.03572541699767
388 10.1457662869563 5.04550233952791
389 10.0394438840069 5.04250297061991
390 10.0388511196912 5.04565164827773
391 10.1644223242401 5.04171159092386
392 10.1403465629342 5.04169405227962
393 10.1456671153433 5.04437941015555
394 10.1457326427213 5.04511028655031
395 8.34654988248836 5.04019693627619
396 10.2333998129514 5.03557542015192
397 9.58140531036074 5.04437939579589
398 10.3923655347708 5.0359257926091
399 9.23921537462004 5.04290093074896
400 10.150834745942 5.04609047850762
401 10.2205525479352 5.04328312790419
402 10.2720821064609 5.04675497773135
403 10.175942078358 5.04437931801715
404 10.1456671153433 5.04437941015555
405 9.51914986305756 5.04196469517922
406 10.148170826193 5.04521688203792
407 10.1572943663266 5.05028774868039
408 10.1456253534691 5.04391873913453
409 9.63184408330367 5.04471450418129
410 10.046011797898 5.04449514079846
411 10.2913391357373 5.03284887983801
412 10.1733412001576 5.0443794200455
413 9.59435302462427 5.04587062897802
414 10.1889505425939 5.04437929945012
415 10.2529167371824 5.04663554449532
416 10.063654298004 5.04436462610284
417 10.1456074818442 5.04372612012701
418 10.1456671153433 5.04437941015555
419 10.3889241494375 5.0443793323713
420 9.61995138511215 5.04196453194491
421 10.9917146008601 5.04437940202261
422 10.1456195641814 5.04386068073754
423 10.2718168420518 5.0362683038779
424 10.0280569768167 5.04111146552026
425 9.97489797145327 5.04534029196979
426 9.90048767359992 5.04437926385614
427 9.7811450138476 5.04437944344699
428 10.1458304118002 5.04622846067408
429 10.1392200139108 5.04437945591707
430 10.1038892340924 5.02989754500873
431 10.1456671153433 5.04437941015555
432 9.41408939301078 5.04340828378482
433 10.1456671153433 5.04437941015555
434 10.0820502679832 5.02173622002475
435 10.5725971693041 5.04663577570956
436 9.79785275527285 5.04505396677402
437 10.1446389969019 5.04403179633627
438 10.174288138057 5.04689532230492
439 10.1456799532305 5.04453396382915
440 9.91610935121656 5.04621330928621
441 9.79369897725068 5.0440046258983
442 9.84639126213546 5.04765033284099
443 10.1457514781698 5.04532998319989
444 8.7490299968614 5.047093986362
445 10.1457721299936 5.04558197486755
446 10.1180837706456 5.04437933107256
447 9.76825103997352 5.04437908866954
448 9.84177767686484 5.0470477464605
449 9.97323255886523 5.04417720461736
450 10.2081698000447 5.04437930370641
451 10.349129724011 5.04445617117287
452 9.55748472417809 5.04211131059416
453 10.492716211333 5.04518052105811
454 10.1456671153433 5.04437941015555
455 10.3269137065846 5.03592560897086
456 9.92906961251087 5.04437923977217
457 10.1456671153433 5.04437941015555
458 10.1457489058681 5.04530213801637
459 10.1456671153433 5.04437941015555
460 11.5802760263462 5.04350384054908
461 9.68022783733115 5.0433844892896
462 10.1536709797356 5.04437917721121
463 10.7734471922074 5.0442121087853
464 10.1456671153433 5.04437941015555
465 10.2336832738808 5.03769040356236
466 10.145815528612 5.04607127559031
467 10.0889727931131 5.04462314394416
468 10.167190836332 5.03647417528442
469 10.0689450015138 5.04699450974288
470 10.1456671153433 5.04437941015555
471 10.5826845016066 5.04437928567607
472 10.1456650970699 5.04436502482469
473 10.2405083514335 5.04544687982553
474 10.8220595452057 5.04437909018695
475 10.1411294957419 5.04646656520398
476 10.1413111960297 5.0447657741011
477 10.3268703623855 5.03542164202377
478 10.1456671153433 5.04437941015555
479 10.1457312215215 5.04510059039406
480 10.2578784589873 5.04437933384538
481 10.2528777031182 5.04437939525188
482 10.1926486997206 5.04638140527513
483 10.1430910069899 5.04350305083374
484 10.0831059258071 5.0450132259186
485 10.2192990374977 5.04437935989294
486 9.47432110382802 5.04601161852593
487 10.2976985398072 5.04555206925795
488 10.1456253534691 5.04391873913453
489 10.7253314503176 5.04437943289022
490 10.3026595555345 5.04460786740916
491 9.91810373956632 5.04317575512851
492 10.4131115999071 5.04606934127032
493 9.89611571852933 5.04437928110903
494 10.0897867261141 5.04594995272712
495 10.4634399476015 5.04437944429013
496 10.2516126431491 5.045919198212
497 10.5126366659335 5.04373915350072
498 10.1585626639102 5.04437937996413
499 9.81117288732168 5.03679921901979
500 10.3392794794581 5.04057067003023
501 10.3623692111434 5.04675099461543
502 10.3722140713995 5.04331599155026
503 9.96667352399268 5.04437938086231
504 10.3734509417475 5.04437932458569
505 10.025545945935 5.04608407531918
506 10.1489350160872 5.04546876783773
507 10.1456671153433 5.04437941015555
508 10.1753373553766 5.04647754757181
509 10.1456671153433 5.04437941015555
510 10.1220159114117 5.04721486028504
511 9.5602468689614 5.04692505334711
512 10.1456671153433 5.04437941015555
513 10.62697477344 5.04492134473103
514 10.1428205666372 5.04341003998523
515 9.90301343038526 5.04517351405845
516 10.2370544649901 5.04437943399338
517 9.28658869756089 5.04450197866972
518 10.0556579614708 5.0452494928847
519 10.171006266369 5.04437935314392
520 10.003413690429 5.03843887354962
521 8.98529083160866 5.03756118156528
522 9.86308075539561 5.04437923992271
523 9.9630853147195 5.0384749303562
524 11.1350880272697 5.04555183789972
525 10.1456123866453 5.04436097340615
526 10.1458586390299 5.04658445913132
527 10.1508221671918 5.02999537237378
528 9.70786858790931 5.04709385735394
529 10.7437000228856 5.04555200817582
530 9.79372812857527 5.04437922791474
531 10.1456671153433 5.04437941015555
532 9.45157460945166 5.04761931673466
533 10.3193897278837 5.0443793579973
534 10.2575890395078 5.04437933245214
535 10.3490613348111 5.04437941186735
536 9.79122579451612 5.02984811813387
537 10.3378581343548 5.0443794301383
538 10.1456671153433 5.04437941015555
539 10.13415283304 5.0474684956711
540 10.1456671153433 5.04437941015555
541 9.99304122463862 5.04002212723606
542 10.2381328470341 5.04067223790752
543 10.1540941520131 5.04713986652652
544 9.93469661840038 5.04437935960252
545 10.2082985993337 5.04578677818718
546 10.1580316165699 5.04437939676735
547 10.1456671153433 5.04437941015555
548 10.2919384293557 5.04437940200406
549 10.1450224842925 5.04416263079088
550 9.76905682382644 5.04445891881775
551 10.1754834017737 5.03751107205407
552 9.93992526587343 5.03447558391538
553 9.95553201502014 5.04028410426818
554 10.1150706916172 5.04437945941579
555 10.1296808131189 5.03865947925479
556 10.1311200617919 5.03920131062283
557 9.82706601162431 5.04392675676196
558 10.1433452411846 5.04740326291279
559 9.94400241311062 5.04436478969925
560 10.1456938863743 5.04469696263121
561 10.1250722936499 5.04513172567422
562 10.1587056054536 5.04847087542327
563 9.95818462662926 5.04518177672386
564 9.91856587659269 5.04437937950046
565 10.369852337985 5.03476342643285
566 10.1456253534691 5.04391873913453
567 10.2164968481044 5.04289608433312
568 10.1456671153433 5.04437941015555
569 9.35607125300861 5.04437938655186
570 10.1528913243334 5.04624432855496
571 10.3823546801073 5.04437937870017
572 10.1456671153433 5.04437941015555
573 10.5002165056221 5.04437918610503
574 10.1505226095008 5.04630640024324
575 10.2142963324214 5.04857015824071
576 10.3080910305253 5.0352308207078
577 10.2463374954341 5.04437910374871
578 10.0480364343563 5.03201011871845
579 10.0960147138521 5.03174502758601
580 10.1408050708276 5.04437928018164
581 9.5219406404135 5.04297306841124
582 10.1455995038898 5.04363336131198
583 9.37356859793312 5.04437943508195
584 9.61669261362658 5.04693663295162
585 10.1456230318262 5.04392290005255
586 10.1456671153433 5.04437941015555
587 10.0086698441851 5.04437949509347
588 10.3732832086515 5.03567344303369
589 10.1456548496008 5.04425583657564
590 10.1685829969774 5.04391247217377
591 10.1456671153433 5.04437941015555
592 10.1456671153433 5.04437941015555
593 10.3146894332402 5.04232832956709
594 10.2198643439823 5.04619189355977
595 10.0713306516236 5.05050503764745
596 10.2900318065741 5.0439477047922
597 10.0576271087404 5.04437926422363
598 10.1593218435415 5.04877911357208
599 10.1456555001595 5.04427668820097
600 10.3429821210389 5.0449568685778
601 10.1459824400522 5.04448579140328
602 10.1355528703068 5.04215595849628
603 10.1350941134658 5.04087028659791
604 10.1479791825542 5.04515285660544
605 10.2088520921538 5.04478936019602
606 10.1338057909606 5.04038732335717
607 10.1320501475711 5.03930248592029
608 10.0946189691073 5.04485537130641
609 10.1457662869563 5.04550233952791
610 10.7196605971206 5.04517297875653
611 10.3859095947005 5.044276249673
612 10.1456671153433 5.04437941015555
613 9.77445799896469 5.04347098764647
614 9.62259096068908 5.04437934924651
615 10.1549330901941 5.04699839647607
616 8.99043363001138 5.04799519486671
617 10.1537069400778 5.03912998226496
618 10.0947239657263 5.0443794348149
619 9.91531638316006 5.04481768861149
620 10.1456640709499 5.04436065508407
621 10.156982316834 5.04855580949965
622 10.2389008545682 5.04387752876551
623 10.0754898641943 5.04315612176241
624 10.3974845561738 5.03524109462483
625 10.0215277255778 5.04437938583208
626 10.1254096980169 5.03593885662928
627 9.77302471534746 5.04587542586763
628 10.4068559833817 5.04128702611522
629 10.0995417895147 5.04172831592035
630 10.138449844711 5.04228561156296
631 9.95334218077005 5.04437922581465
632 10.1415330946385 5.04296565035626
633 9.62244846138345 5.04437904343104
634 10.1482267251461 5.04526106729428
635 10.4547199632454 5.04437932624613
636 10.1525460682884 5.04709545180893
637 8.40098709423463 5.04437929874848
638 10.1347803645242 5.0522103395291
639 10.4523171977515 5.04437920689859
640 10.1920605299502 5.04558192516183
641 10.1905163122025 5.0443793614879
642 10.1044760275783 5.04437932578707
643 9.71526925104371 5.04985671922174
644 9.7745305542877 5.04435731887117
645 10.2776175193494 5.02112665329201
646 10.0313663443791 5.04437929393082
647 10.490644380438 5.03523407684646
648 10.6267655562452 5.04437933352218
649 10.3024489691426 5.04662511213495
650 10.1456671153433 5.04437941015555
651 10.1601841897286 5.04979700844529
652 10.1457233397331 5.04501391903252
653 10.1225425445033 5.0478498345179
654 10.3607379062371 5.0443793348307
655 10.4484201484247 5.04437937719701
656 9.51023142323814 5.0443793484919
657 9.45186343610561 5.04210683747622
658 10.2217445376494 5.04485845433821
659 10.0599744585044 5.02865741803869
660 10.2219739448404 5.04437918744865
661 9.86592574675334 5.04507022016261
662 9.70339644737335 5.01191586197267
663 10.1456671153433 5.04437941015555
664 9.99807831965895 5.03848308206466
665 10.2332008147664 5.04437941453768
666 10.0416966048677 5.04437917272252
667 9.59429980466359 5.04523427903036
668 9.86815611939727 5.04506758715156
669 9.48667940736301 5.04437935793228
670 9.63638292638345 5.04437938940213
671 10.1458534496941 5.04444284591495
672 10.3529646974768 5.04401200527679
673 10.0053023125126 5.01885684250176
674 10.138707837627 5.04091478601872
675 9.89611571852933 5.04437928110903
676 10.106021555787 5.04362497269122
677 9.42643022512344 5.04462306663371
678 9.67712557626307 5.04437929675741
679 9.4984126010289 5.03967606095624
680 10.4275179998699 5.04535427041121
681 10.2962697722963 5.03748965076157
682 10.0657929343478 5.04437931164254
683 9.54592714384219 5.03664746748755
684 10.143969418289 5.04380412702233
685 9.6639979660525 5.04437920999197
686 9.36005599187941 5.04528966580779
687 9.52593309539091 5.04437912821261
688 10.1456671153433 5.04437941015555
689 10.0647105265513 5.04437915765727
690 10.1801733357575 5.04437947897057
691 10.1459251951759 5.04446652946523
692 10.1614374661015 5.05021502587315
693 10.1456671153433 5.04437941015555
694 10.4075437553468 5.0455022960177
695 10.5936441893074 5.05095681071625
696 10.5835800924756 5.04437934935956
697 9.95806421270222 5.04812949726778
698 9.49328878016825 5.04529509959156
699 10.0468786119481 5.04437923001354
700 10.5160970016787 5.04437936463494
701 9.45335343665527 5.04812939149878
702 10.2868106554107 5.0347632404087
703 9.5377351004786 5.03270775787728
704 10.4118225866108 5.04129288523402
705 10.0064590622762 5.04119138247192
706 10.1456359855774 5.04404424149963
707 10.2081698000447 5.04437930370641
708 10.1456671153433 5.04437941015555
709 10.1438671242881 5.0437687633753
710 10.1393404377476 5.04219737789661
711 10.1431886868673 5.04313171330049
712 9.78368373662292 5.03519056218206
713 10.1312262192003 5.04437938021629
714 10.1307643953215 5.0386439046718
715 10.1456671153433 5.04437941015555
716 10.1456732429516 5.04445544432567
717 10.5767813370531 5.0449917167554
718 10.1564425229396 5.04346225372676
719 10.302878612387 5.04618866465725
720 10.2617429161748 5.04398422569334
721 10.1458586433431 5.04654348049525
722 9.51025207972811 5.04464476409245
723 10.1922625888128 5.04027657545593
724 10.0863110083891 5.04486535403963
725 10.1947765884263 5.04437934799041
726 9.38105583918672 5.04437924087084
727 10.3114211277385 5.0450822259647
728 10.0502187564293 5.04394152649474
729 10.2090804639481 5.04534858793049
730 9.9624431469895 5.04457441364828
731 10.5779160595592 5.04636802975228
732 9.53368399059915 5.04788467110752
733 10.2903671481881 5.04437936033104
734 10.1456310506848 5.04397596352517
735 10.1507588941101 5.0485635031337
736 10.1388652075981 5.04496182877176
737 10.1541791333584 5.04716714321008
738 10.1456671153433 5.04437941015555
739 10.1456671153433 5.04437941015555
740 10.5589332667058 5.04437939479529
741 10.1456671153433 5.04437941015555
742 10.158937547928 5.04866080227128
743 10.0542651151406 5.04033189402648
744 10.5666609137819 5.04437926836643
745 10.5321105683297 5.04257204909146
746 10.1807017021842 5.04252081357022
747 10.1289896085222 5.04542866569527
748 10.1964741826053 5.04702221195504
749 10.0816849475934 5.04089543493632
750 10.0625625921597 5.04731858615775
751 9.69261659922218 5.04437930009165
752 9.24040374502679 5.04320426711175
753 9.71372765754798 5.04391257085371
754 10.128429610408 5.0381823701946
755 10.1456671153433 5.04437941015555
756 10.1102860048894 5.04784854849881
757 9.68450939775018 5.04471401208111
758 9.97933865749118 5.03836973487681
759 10.1407110781165 5.04663055117886
760 10.3446949876403 5.04372427167448
761 8.92196303466271 5.04196455138596
762 9.97691884473908 5.04059057704049
763 10.1150706916172 5.04437945941579
764 10.0563090068146 5.04437944253823
765 10.14559745075 5.04360627403667
766 10.0430695013257 5.04466743074938
767 9.48709343219078 5.04242050109546
768 10.1386343263895 5.04224926610212
769 10.1762627553365 5.04448568950448
770 10.1459560996171 5.04765174352376
771 10.1442121683222 5.04476060243526
772 10.3283295982112 5.0427204946133
773 10.3657187212014 5.04301178940114
774 10.1457567170975 5.04538445875409
775 10.137463911288 5.04358186215488
776 9.2338535251455 5.04145273954201
777 10.1457524174078 5.0453544229736
778 10.14646733812 5.04352011668317
779 10.1456964077119 5.04471391731389
780 10.1324338422234 5.03969518354419
781 10.1438881255441 5.04784995060818
782 9.83132309239285 5.03188564238033
783 10.0961509224323 5.04437942696672
784 10.0953316407493 5.04355292272416
785 10.1456671153433 5.04437941015555
786 10.1457017434427 5.04477717722208
787 10.1456239720864 5.04391250320455
788 10.103408462284 5.02745791344364
789 10.0827325419197 5.04437945338594
790 10.3434682920906 5.04437939773097
791 10.1538041071865 5.0475925182799
792 10.193113029832 5.04127535035074
793 10.1370256864814 5.04411050402852
794 10.1456671153433 5.04437941015555
795 10.1456671153433 5.04437941015555
796 10.12749232819 5.04885502625837
797 9.4273364837854 5.04493620875521
798 10.1456671153433 5.04437941015555
799 10.1456691420576 5.04440439351585
800 9.75482760600751 5.03451468873453
801 10.3428059420414 5.04630623317836
802 9.67713370974688 5.04445625390709
803 9.3562064166673 5.04607136132502
804 10.3583452629759 5.05158702546482
805 10.1399326859589 5.04240578395988
806 9.41862413820115 5.04444255975227
807 10.135027319581 5.04065040843786
808 10.1456940377746 5.04469528068322
809 10.0263924084093 5.03256281995265
810 10.1369386253668 5.04294984882747
811 9.51197018745513 5.04497917086355
812 9.40623032762163 5.04437930638185
813 10.1415776291225 5.04324067587419
814 10.1925827279776 5.0458746843503
815 9.95847586237836 5.04117567994308
816 10.1872276985862 5.04662381283887
817 9.62242680001718 5.04412663461309
818 9.93171670401339 5.04196469405781
819 10.1456671153433 5.04437941015555
820 10.0215826689397 5.04296216700639
821 9.93398569934558 5.04448386646229
822 10.2160730714654 5.04556833045379
823 9.86717496229741 5.04555201234057
824 10.1456671153433 5.04437941015555
825 10.0070881336276 5.04393166496041
826 10.1236129496727 5.03624485407454
827 10.1459335713971 5.04740366257604
828 9.68199554542676 5.04035903823865
829 9.98977779174055 5.04529708481788
830 10.2091421504722 5.04039177348752
831 10.1107851037441 5.03047198417496
832 9.73792566645603 5.04437940316336
833 10.4364047155422 5.04743841545226
834 10.0320451449414 5.04437934743232
835 9.85450207546085 5.04341698079178
836 9.63020771571307 5.04437920327115
837 10.1367522769034 5.04127541067275
838 10.3202522004559 5.0458874384341
839 9.68904908474638 5.04437946872997
840 10.2945914218827 5.04327214941881
841 10.1199598655619 5.04373065519698
842 9.57674421375105 5.04437922010021
843 10.3883586509287 5.04330328191876
844 10.0576355705754 5.04444300840263
845 10.1459292481857 5.04736943704778
846 10.1105642195314 5.04626504128012
847 10.0975656526387 5.04264213273004
848 10.1456671153433 5.04437941015555
849 10.5207428854972 5.04546533009786
850 9.30118094411384 5.03956135924621
851 10.4860683488759 5.04581805861379
852 9.86339219543489 5.04437926286983
853 10.1381913983757 5.04178953875226
854 10.1869200140877 5.0439589841365
855 10.6774305687625 5.04437935131221
856 10.2108490434283 5.04437931685421
857 10.0537377762956 5.04437935327094
858 9.4316872579333 5.03604846257363
859 9.86299953790457 5.04342485218654
860 9.74540412406255 5.04657919021554
861 10.2144106820295 5.04437930025029
862 9.82148346790785 5.04177937797723
863 10.0416966048677 5.04437917272252
864 10.1456671153433 5.04437941015555
865 9.91277333313755 5.04127533889745
866 10.1456671153433 5.04437941015555
867 10.5368666763746 5.0504820807164
868 9.28622914046675 5.04423731301693
869 10.3753523958532 5.04272629542226
870 9.83936567658266 5.04445889921953
871 9.96866077735206 5.04437916679042
872 10.1364561685792 5.04116790916107
873 10.1456072424452 5.04373234345966
874 10.0462970527347 5.0369117388908
875 10.3368621543773 5.03686674102675
876 10.1456671153433 5.04437941015555
877 10.1223508651992 5.04397708992419
878 10.3581239045465 5.04437934343038
879 10.5805812498062 5.04406879013083
880 9.28461245348964 5.04721800714227
881 10.1455965389498 5.04359448392267
882 9.86612542707334 5.04437928125745
883 10.1369786744055 5.04135659665226
884 9.73087083104216 5.04189200260179
885 10.0206703494302 5.04340300701815
886 10.1878016969385 5.04437940792717
887 10.0285235443885 5.03969497614401
888 9.43179322008831 5.03899983473669
889 10.1457026907697 5.04479202878762
890 10.0292596846884 5.04437917161962
891 10.3424605623589 5.04595952939283
892 10.0231142124801 5.03969496993525
893 10.3341994228881 5.04490823461169
894 10.0741463485946 5.04659505815189
895 10.1456671153433 5.04437941015555
896 10.0094176793229 5.04531519394982
897 10.1012924540386 5.0369151027319
898 10.1459272116622 5.04733239276351
899 10.1369764660408 5.04393193444426
900 10.2266945479462 5.0443793652788
901 9.9351746066271 5.04502436079862
902 10.1031258521588 5.04179712050234
903 10.3984210685561 5.03971514495736
904 10.3379120934492 5.04499911608951
905 10.1474909102808 5.04499036583338
906 9.93845730488177 5.04437925068914
907 9.95075539842181 5.04437933092094
908 10.1244213736463 5.03596369683945
909 9.98559422964471 5.0430622761143
910 9.71481496852668 5.04437935301765
911 10.1460746447581 5.04899619603745
912 10.1456671153433 5.04437941015555
913 10.0907635326428 5.02400077775424
914 10.5056046199709 5.04039166851356
915 9.15473813047694 5.0431757235759
916 9.81612578044213 5.04571727056902
917 10.1356535747902 5.04165977498947
918 10.1456671153433 5.04437941015555
919 10.1455843641655 5.04345273638709
920 10.4583821166208 5.04273337381665
921 9.69065983526068 5.03843883921475
922 10.3249895552613 5.04427628148747
923 10.2081826945784 5.04448679719712
924 10.1458539539105 5.04651628115699
925 10.1456671153433 5.04437941015555
926 10.1425165201891 5.04330547659707
927 10.1647698679521 5.04437922185554
928 9.79870976342847 5.03804436789994
929 9.94879895676384 5.04437933292313
930 10.0931190166814 5.03519062943745
931 10.1577939908006 5.04009608384217
932 10.6123092666685 5.04437937813237
933 10.4362890229149 5.04437899396933
934 10.1552209461943 5.03685858385535
935 10.1229014988637 5.03552330004064
936 8.30387267919038 5.04437942041438
937 10.1456671153433 5.04437941015555
938 10.120933452794 5.04714121168368
939 10.0725779827052 5.04520495767986
940 10.3490613348111 5.04437941186735
941 10.0971933535528 5.04485521166669
942 9.59378513002051 5.04893019731969
943 9.21705108734779 5.04440650528796
944 9.87241757419915 5.04437943974072
945 10.4707937422322 5.04448048457843
946 10.1243674898331 5.03659676487849
947 10.145682009385 5.04459293062053
948 10.1458260729164 5.04620970157772
949 9.89865058822955 5.02255188937883
950 10.1484300228048 5.050219232876
951 10.2057716279346 5.04347096437133
952 10.1357071946562 5.04089817055292
953 10.1457514781698 5.04532998319989
954 9.51958524682501 5.04437942538483
955 10.3137904232268 5.04511933743948
956 10.0687939244619 5.04524945135622
957 10.1092223252877 5.04031479326016
958 10.1456671153433 5.04437941015555
959 10.1158762616701 5.03310194984391
960 10.0927148629512 5.04524957135563
961 10.0640628296986 5.03969494617025
962 10.2710349552575 5.04437946151603
963 10.2908187519375 5.0437046434414
964 10.1456898790405 5.04464281113937
965 10.0510769058187 5.04437940657029
966 10.1451495337852 5.03932406277078
967 10.1456671153433 5.04437941015555
968 10.1995927564308 5.03776484414323
969 10.5865657225957 5.04437740578299
970 9.89167044263221 5.04437936409423
971 9.95702942170603 5.04646620338885
972 10.2405381548333 5.04607131920672
973 10.0730894822355 5.04437927815584
974 10.3576636514619 5.04402658621452
975 10.3115418349388 5.04453415967054
976 9.80781649681743 5.04437934430719
977 10.1294373840909 5.04437937084669
978 10.1455321822167 5.04854709388654
979 9.90252268854111 5.04464275405927
980 10.14559745075 5.04360627403667
981 9.92013369931442 5.04558193348658
982 9.91110404868381 5.04437927776085
983 9.92804328664488 5.04529261127774
984 10.1456555001595 5.04427668820097
985 10.1458273486232 5.04619746463284
986 10.1456671153433 5.04437941015555
987 10.0198780411976 5.04437930711986
988 10.4449759102981 5.04447900943236
989 10.0857531051867 5.04546381223364
990 10.1962077286398 5.04429343413754
991 10.2911680707834 5.014681989053
992 10.3442002607433 5.03747032756692
993 10.0282472313059 5.04437924644807
994 10.1449524454106 5.04413911286915
995 10.3167140611122 5.03856693689086
996 10.2456462960012 5.04908866163567
997 10.5081599974704 5.04975755875623
998 10.0859434747049 5.04019674710514
999 10.4552075163285 5.04973981598101
