0 6.29797698888161 2.98254950170631
1 6.24334949236276 3.01807769571736
2 6.24334949236276 3.01807769571736
3 6.24334949236276 3.01807769571736
4 6.09907893198707 3.01807782970862
5 6.21370847492121 3.02804966396071
6 6.46637180672269 3.21135489183253
7 6.15742119477068 3.01807797965066
8 5.48955278240923 3.01807777746451
9 6.03698808254042 3.01807783871363
10 6.10061415042369 3.57865095211673
11 6.13555094725537 2.99875751729753
12 6.24548745548719 3.13943236220571
13 3.62515106822354 3.14794488665749
14 5.65828768799924 3.38187635120428
15 6.30520936018198 3.09457887124815
16 6.22813623404391 2.87588005379957
17 5.94142112506795 2.93605160838168
18 6.50744220180202 2.4905495425521
19 6.24297751578316 3.00822304318169
20 6.29695433743325 2.79730562884882
21 6.24334949236276 3.01807769571736
22 5.97641691486822 3.33693649964334
23 6.21497188518276 2.96571773528152
24 6.25640870413898 2.81179589676127
25 6.4665851860949 3.01807750307033
26 5.94369378257602 3.04022341956806
27 6.23937320413573 3.01807752474921
28 5.60573365740364 2.62101110763654
29 5.81494906909812 3.00201016800048
30 6.04919561575477 2.75952294190395
31 6.08819121363536 3.13161728277907
32 5.77924602034809 3.01807789649006
33 6.28229193900644 2.90005382077121
34 6.41574188599545 3.01807792350105
35 6.04898482763754 2.97583634748318
36 6.03331968745941 3.09815453252873
37 7.26443519910598 3.13950104459706
38 6.22951254365222 2.8371558693656
39 6.33940102301345 2.78027307837434
40 6.17036472966766 3.01807757290982
41 6.29826029284781 3.01807758181253
42 6.26611275767824 3.68322563961873
43 5.95139077238374 3.01807784377853
44 6.12666137966298 3.20367746373907
45 6.22413665123615 2.86436671802121
46 6.30654878439609 3.01807751634244
47 6.1919035125843 3.31834519333105
48 6.2628210161305 3.5805589610009
49 6.53980877252035 3.01807784854968
50 6.2018518483894 2.5938347808733
51 6.19820227712702 3.01807785221916
52 6.33257780795422 2.80899176048937
53 6.2151772592925 2.74443863726299
54 6.23873672784728 2.89986440126863
55 6.54316097676865 3.0180777854185
56 6.77511231110648 3.01807783079584
57 5.94998579610714 3.12050877652662
58 6.24334949236276 3.01807769571736
59 6.19652633145285 2.91271206585676
60 6.09608232129571 2.88183239579293
61 6.0198931936405 3.01807782401686
62 6.24334949236276 3.01807769571736
63 6.25160358908991 3.28882970087424
64 6.21760875259807 2.75070532922313
65 6.00122449330504 3.01807787982841
66 6.23531642408704 2.88024733763812
67 6.63428215739705 2.80899193958859
68 6.26913568965829 3.70744985249816
69 6.23797930873711 2.88030706174462
70 6.26174049207782 3.10460207562894
71 6.3097367904391 4.15049812168051
72 6.22904599204624 3.04330697530078
73 5.97779117024978 3.02092374597233
74 6.17481927283313 3.23399283619371
75 5.80449760821475 3.01807779948794
76 6.24596763008445 3.0884277587862
77 5.85385277415534 3.37572607351497
78 6.07881562524973 3.01807784285405
79 5.8530542837286 3.0180778316655
80 6.00638335239067 3.13005288857814
81 5.97573203798726 3.42213489351043
82 6.15087424905105 3.022589402624
83 6.24110325416714 2.97082583590867
84 6.77511231110648 3.01807783079584
85 6.21040035442433 2.63935661558783
86 6.24334949236276 3.01807769571736
87 6.27566427882599 3.25661922111009
88 5.55733961435595 2.96494425486171
89 5.93821211322609 2.83715602781064
90 5.67534641543701 2.85011379535845
91 6.00585381832733 3.01807775643618
92 6.52629474057914 3.01807774264934
93 6.56285471308844 3.08872605143079
94 6.26387141342618 3.61312613704034
95 6.24452238963554 3.04936221866018
96 6.37863839825116 3.01807777934967
97 6.33726764174878 3.03628457935126
98 6.49286576966368 2.89335786007841
99 6.70381999218628 3.01094099518143
100 6.25014514922321 3.14184910563759
101 6.24334949236276 3.01807769571736
102 6.23292446523548 2.88099726996066
103 6.4188099864966 2.79730540469229
104 5.59134150229223 2.9570543823961
105 6.23071216560656 2.8456232200691
106 6.33749362071466 3.01807760178616
107 6.30221056262987 2.88176194295965
108 6.2433026204446 3.01807755825594
109 6.03392923429328 3.01807767009151
110 6.17506522203761 3.25963224661838
111 6.67717933688423 3.33788048024063
112 5.79551829875323 3.51626193425429
113 5.75808384172252 3.01807778249564
114 6.47267673375556 2.80607445979313
115 6.20927884926583 2.68566643156796
116 6.06071310175918 3.35524508717207
117 6.8392168140896 3.04661022261406
118 6.19503143181618 2.85361095650194
119 5.91911214304182 3.05470853946965
120 6.29265420521172 3.01807774263251
121 5.62234507107193 3.02208714161484
122 6.24164841130296 2.98242734073904
123 6.31848876520574 3.80307017352801
124 6.2197759072231 2.7669678313453
125 5.58903257820546 3.02092366403258
126 4.871280487852 2.70766126516143
127 6.25474451394756 3.33693657638583
128 5.98390971988197 3.48356620096331
129 6.35083085881895 3.22691626221643
130 6.48321186842156 3.01807757938801
131 6.24334949236276 3.01807769571736
132 5.92113497922574 2.94362400230958
133 6.22344024664345 3.01807769435275
134 6.16783005190206 2.83783080413083
135 6.44791850200503 2.8973989987988
136 6.12009333772813 3.01807762151931
137 6.12663468973183 3.11098808024745
138 5.68657515951569 3.08189065210244
139 7.18437987301618 2.72625543030104
140 6.1915925025473 3.28049067199556
141 6.24166515722912 2.98280402515766
142 6.24334949236276 3.01807769571736
143 6.64813747362307 3.01807781292706
144 6.2442859889591 3.03724603084253
145 5.6658200654783 3.01807784109616
146 5.67535494510759 3.11568051439103
147 5.33703974419205 2.76025105236674
148 6.23814458632625 2.77123862102426
149 6.24334949236276 3.01807769571736
150 5.64414384425335 2.71583977573551
151 6.25303789960152 3.28720475775624
152 6.12512778386517 3.16395342616319
153 6.22487928104848 3.25503726008515
154 6.24334949236276 3.01807769571736
155 6.70864144931381 3.01807768799345
156 6.25014420000444 3.20439489402367
157 6.1836417126109 2.45560989833949
158 7.83717771593328 3.07842506035184
159 6.53640407358102 3.01807756914608
160 6.35627646629773 3.01807785315842
161 6.24334949236276 3.01807769571736
162 6.02603215106252 3.04221171621258
163 6.5489637366335 3.08645693477241
164 6.47803926569871 3.4803740678695
165 6.43161089756775 3.01807783350675
166 6.30028696968572 3.02083954601147
167 5.96218914932089 2.71080213038348
168 6.00253946131579 3.06961668453036
169 6.15956137107673 3.01742895267471
170 5.94556396334917 3.21518705443093
171 6.38862152093667 3.28963780644404
172 6.24334949236276 3.01807769571736
173 6.24453364588859 3.04221183486303
174 6.05455162606173 2.96768672283504
175 5.88827802493485 3.0180776632677
176 6.40817325867065 3.47748430367541
177 6.24144904577704 2.96819436742104
178 6.21143624765401 3.51278319846097
179 5.72578167045163 3.01807784308812
180 5.85306222863094 3.60361317352588
181 6.25644844306761 3.38724225701313
182 6.29139378784346 3.01807794505504
183 6.11987803298983 3.01807791157364
184 6.23331274851226 2.86436652606679
185 6.25001593262517 3.23585804549059
186 6.25478192918548 3.33802801267541
187 5.93150724085429 3.01807790972323
188 6.16140860094336 3.06921767538112
189 5.74181070862396 3.11952713564968
190 6.23714896868527 2.86028805818585
191 6.09189656790272 3.0180778085925
192 6.07248022929416 3.37041290947289
193 5.94924724151193 3.01807792858706
194 6.24735605223468 3.10024343293663
195 6.23971221658617 2.94128336768078
196 6.24334949236276 3.01807769571736
197 5.05350455320209 3.07758521759056
198 6.62891395377692 3.00873179058921
199 6.24334949236276 3.01807769571736
200 6.14915920895707 2.8641881299216
201 5.74324330187115 2.9647944704071
202 6.17318281510459 2.98068996900814
203 5.77366792549406 3.03977191095582
204 6.33996614933287 3.33788039213203
205 6.0113561305587 3.16184470859911
206 4.61489089293416 3.18614808220646
207 5.33413000823799 3.01807786275999
208 6.23831435318631 2.91489428991246
209 6.45346088549685 3.01807776677032
210 5.88170236869955 3.16221874311083
211 6.24166515722912 2.98280402515766
212 5.32653548490411 2.96514669252791
213 6.39322545607118 3.0180774927181
214 6.54460755279164 3.00871939263508
215 5.8434806695409 3.01807774223372
216 6.00122449330504 3.01807787982841
217 6.4511122069877 2.99560951278118
218 6.25155909308191 3.2284237793972
219 5.90331196833261 4.55457328318237
220 6.11305223565665 2.65191358869842
221 6.26436888228458 2.89973407749831
222 6.01290082513577 3.08021038673333
223 6.24334949236276 3.01807769571736
224 6.19886924124763 3.08667036195299
225 6.10485605627373 2.85692998949873
226 6.24336552402023 3.03630134966606
227 6.23176943746064 2.86876811120956
228 6.24334949236276 3.01807769571736
229 5.6624761514316 2.91731785390892
230 5.81095133803579 3.01807742064958
231 3.77050015163999 3.01807792661572
232 5.21958698877979 2.79114153098362
233 3.79640817977462 3.1511935399199
234 5.70305479620699 4.03625344399252
235 5.60209385697338 3.01807774938036
236 5.31080169533062 3.01807786741996
237 6.23757022296356 3.01807780800169
238 6.24355514037747 3.02229661798643
239 5.63987632313886 2.72146834184401
240 5.88262303868548 3.0180778179627
241 6.20590902148453 3.32519868447696
242 6.19495197904849 3.01807790288745
243 6.51810531982931 3.09197651620492
244 6.54629585345501 3.0180778602876
245 5.7062244436426 3.01807771493687
246 6.30782018665509 2.63160670381458
247 6.24334949236276 3.01807769571736
248 6.26012665912677 3.49789126226206
249 6.23778345375524 2.92902532529029
250 6.1810786374074 2.86797882199543
251 6.22553865904972 2.8089918989069
252 6.09353685363561 2.81105615064651
253 6.18000459527382 2.61934624280549
254 6.2880418117749 2.68707981604942
255 5.43127054948681 2.85965404636388
256 6.57979700855994 2.93683822037446
257 6.2432914638702 3.01696733097719
258 6.25942364099694 3.63978479087653
259 6.29425361238769 3.05273348128659
260 5.5128010463082 2.97790598045406
261 6.24405057801869 3.16184448931196
262 6.18913545134585 2.92904904251955
263 6.76230117601788 3.01807771163846
264 6.25249021018413 3.27139792747092
265 6.06630926062969 3.01807788024496
266 6.40179248540583 3.04652161993232
267 6.22035146886296 2.77123862603124
268 6.24027789325486 2.93805904366009
269 6.13676093917439 2.66630779854889
270 5.97300421032983 3.01807780517719
271 6.24482705266496 2.53404641679738
272 5.95139077238374 3.01807784377853
273 6.57955948286706 3.03853781182472
274 6.15409907113901 2.11476850199598
275 6.08164741971353 3.01807768037264
276 6.24731991231041 3.0180778062419
277 6.090913500757 3.15608419858856
278 6.25006761377452 2.96915940521444
279 6.1891277110304 3.22691623071424
280 6.23810295216007 2.88335930644212
281 5.92381483044602 3.01807783336752
282 6.24334949236276 3.01807769571736
283 6.56824941730858 3.33693658474009
284 6.3625033809419 2.93382284560556
285 6.11459282534386 3.01807761469432
286 6.66155715051281 2.81316148162811
287 6.00122449330504 3.01807787982841
288 6.38098694961802 3.27581476466506
289 5.28975715418972 3.01807761381636
290 6.68343892475938 2.95594842381487
291 6.5233547886084 3.01807786414908
292 6.26122694202904 3.53146652506891
293 4.94064912811761 3.01807790269485
294 5.60040550521438 3.02112023813293
295 6.37328999428562 3.33962911368158
296 6.22530507901709 2.762352727099
297 6.24958853332446 3.13950132256445
298 6.24334949236276 3.01807769571736
299 6.24203628482539 2.99064886187086
300 6.17464431739741 2.90240896262942
301 5.94513270544912 2.88212287819104
302 6.24912793666339 3.13099145249465
303 6.30974014341455 2.71903687179443
304 6.12574002594747 2.8894093519372
305 6.02553185966096 3.19293741721209
306 6.24164334943498 2.97322241934447
307 6.70615173192748 3.19199061696298
308 6.300275954812 3.11124869410073
309 6.19429854141349 2.55737039250913
310 6.2441425108975 3.03920300952427
311 6.24334949236276 3.01807769571736
312 6.10217110797291 3.1604091680723
313 6.2187237371715 3.15606967314684
314 6.2872396580971 3.01807781188823
315 6.19545288638122 2.95965646815996
316 6.84805363064457 3.73761028105279
317 6.45488435269847 3.01807785571027
318 6.57331989706851 3.36395446159957
319 6.25803165969593 3.12823191069631
320 6.56027787664775 3.54990571442353
321 7.24910754894645 2.80899191432996
322 6.24334949236276 3.01807769571736
323 6.02179703466923 2.90614754796659
324 5.88234421305515 3.01807777299297
325 6.37630940286987 3.01807794379882
326 6.00109361598593 3.01807782435123
327 6.36015612679893 2.79526378984237
328 6.24408889348353 3.06960399232415
329 6.23728689644499 2.86357138999732
330 6.25011826402386 3.61977132611063
331 6.40745371466217 3.21764088619158
332 5.87318860952144 3.03724581695877
333 6.53419496757707 2.89739913116553
334 6.24137784750377 3.01807745638352
335 6.09134149794064 2.9120407614924
336 6.24867793831964 3.16317691476647
337 6.23732406381961 2.89585692563549
338 6.22898524957741 2.83343786181933
339 6.80888809343941 3.04864583086112
340 6.25867439538222 2.75070549060325
341 6.12836896328473 2.6960197161439
342 7.17293529942185 2.91395372430146
343 6.35332643727341 3.42213479532066
344 6.23897831225112 2.92754085747166
345 6.23423127754341 2.90084303629592
346 6.23999442962855 2.94718425128006
347 6.15290700671406 2.75240627684747
348 6.77035410093678 2.92639678795087
349 6.37863839825116 3.01807777934967
350 6.23938243837443 2.91278436519996
351 6.35466283845037 3.61550916792512
352 6.25244459957909 3.19066691099598
353 5.67322082958388 3.10253735982881
354 6.3581482027368 2.50309815542652
355 6.11406517560361 3.01807766375752
356 6.02823081645533 4.00069034781302
357 6.68938959194829 3.17384281559117
358 6.15369341795808 2.90177582324552
359 5.7587737419129 3.09545423698304
360 6.24334949236276 3.01807769571736
361 5.95139077238374 3.01807784377853
362 5.82974689317844 2.51514728078765
363 6.54419186748524 2.97592271979817
364 6.24334949236276 3.01807769571736
365 6.2540391513499 3.25519185927264
366 6.62885439988691 3.01807793553544
367 6.31262221995431 3.01807790047986
368 6.22419360602769 3.49452937822014
369 6.24345786300957 3.02092331954172
370 6.12592021415114 2.91204664804945
371 6.23722430446049 2.86211616661785
372 6.0372565865518 2.96464408519332
373 6.24133882750274 2.97583638635377
374 6.39522719483454 3.01807794416723
375 4.10402809334146 3.428285458574
376 6.24116865385524 2.96090974006197
377 5.53559659538075 2.98408484874058
378 6.22662747887858 3.26449250452481
379 6.08394349580061 3.14398356965849
380 6.18131237232575 3.29630387807916
381 6.34942766429495 3.01807792047398
382 6.24815531618865 3.20830750808948
383 6.0386327926236 2.9368943772126
384 6.24334949236276 3.01807769571736
385 5.53300408245522 3.1190293474531
386 6.30185038312013 2.76001574112447
387 6.22728863469871 2.82510539266655
388 6.28663687005252 3.05859814581961
389 5.91654707339869 3.01807787468526
390 6.23997121619812 2.93173736716586
391 6.2561843314978 3.36478721608856
392 6.24528089271426 3.0572370441655
393 6.73473730727157 3.0180778243616
394 6.33359334032475 3.13418109850005
395 6.25124381656586 3.09686249538391
396 6.24326986082254 3.0164171759322
397 6.05527500752875 3.01807763327547
398 6.47296646671566 2.86028783271176
399 6.13912927768386 3.73633555306483
400 6.24390406122218 3.03281800696731
401 3.12662210815357 2.9627698925114
402 6.49014078167263 3.01807776089806
403 6.2458014574084 3.06571152528293
404 6.24469616822461 3.01733451572266
405 6.23941528327806 2.94645830748114
406 6.9925346333529 3.01807782804846
407 6.24334949236276 3.01807769571736
408 5.07905932057421 3.568775329207
409 5.57247161448772 3.01807774249874
410 6.72925330589714 3.13950137205331
411 6.24538025312718 3.05918652653739
412 6.42813301377127 2.86801257182214
413 5.95139077238374 3.01807784377853
414 6.23706146096124 2.88071847566519
415 6.4750152399947 3.58055881173388
416 6.20282096990824 3.00927970404686
417 6.24642229191781 3.03962073579386
418 5.49028999482691 3.01807750445807
419 6.20015926665694 3.1756703927503
420 6.22453001423714 2.93771036751202
421 6.21445486660288 2.91977321724224
422 6.27086708988505 3.16961492684963
423 6.46199499948707 3.78044665938515
424 6.21691736917714 3.66617504707517
425 6.21760875259807 2.75070532922313
426 5.81237995453616 2.85850320322964
427 6.77880919940408 3.34972529632318
428 6.22531376947935 3.16602292907655
429 6.16943131875344 2.88024750634773
430 5.9645686338194 2.98408478708181
431 6.23805014999949 3.01807783836348
432 6.24417931794681 2.75579857896635
433 6.18858556402201 2.51003566282071
434 5.9133937055524 3.01807776133516
435 5.95139077238374 3.01807784377853
436 6.25239513583 3.01807782452442
437 6.31168236247801 3.33788037556396
438 6.26192350913726 3.42123657389033
439 6.07123321067056 2.57048408456817
440 6.50784395511632 3.01807772820098
441 6.13991556894642 3.33693659958301
442 6.47591729583879 3.0180774747456
443 6.33218432210021 3.0421078484465
444 6.29112972480846 3.03376447764071
445 6.30167485573935 2.88024769540781
446 6.25978220083952 3.21503533157473
447 5.97291632773858 3.01807777797236
448 5.6365863470685 3.01807779608402
449 6.24334949236276 3.01807769571736
450 6.08212740665237 3.61051111147275
451 6.39770533905788 3.23278959784894
452 6.67729982117643 2.77655179162034
453 5.92366282532769 2.9509518072807
454 6.53928924352977 3.01807775014402
455 5.72552120151 3.03547431822253
456 6.24307862063144 2.86993574444502
457 5.98037932563508 2.9347046212905
458 6.05629537142463 3.0180777680376
459 5.71414359708682 3.1775897800431
460 6.11525746631562 2.7765513927667
461 5.81924868554754 3.01807759619077
462 5.56779878674812 3.01807785640027
463 6.24334949236276 3.01807769571736
464 6.48180397181923 2.85881882853434
465 6.83896439712007 3.0180774776713
466 6.21224589322367 2.66630787722863
467 5.86632919225398 2.95917193966339
468 6.25134206398161 3.21524513388285
469 6.49618127509836 2.98631461022854
470 5.67674500403624 3.108871334316
471 6.13754449744802 3.01807772170187
472 6.24164312775517 2.97817265083003
473 6.44846051012042 3.38422962655687
474 6.25240477751878 3.2689306106187
475 6.49778613662823 3.01807787457965
476 4.32762876418695 3.01807784372078
477 6.21904660779094 2.69797828767752
478 6.35333845328025 2.7119994782172
479 6.00079077536656 3.01807784827734
480 4.94929126357238 3.01807781155041
481 6.49302742411956 3.01807770120022
482 5.99141284663745 2.84805200049968
483 6.11254158151764 3.0968624436901
484 6.316415248224 3.33802806864391
485 6.2548578119455 3.01807776666961
486 6.12480455958909 3.0180777341991
487 6.22838203730743 3.01807789056679
488 5.5799946855854 3.15500284884626
489 6.26325768842544 3.59406531057115
490 5.7249755864246 3.0180778961772
491 6.01765398353343 2.88024755808303
492 6.64813747362307 3.01807781292706
493 6.30654878439609 3.01807751634244
494 5.85516642493498 3.31967433223635
495 5.84125046302827 3.00201036069388
496 6.44839833293721 3.48221707529194
497 6.38581602691228 2.90367850713865
498 6.24334949236276 3.01807769571736
499 6.30031775553133 3.01929705138016
500 6.24334949236276 3.01807769571736
501 5.37167994115583 3.01807788092273
502 6.47927343646686 3.09868556541115
503 6.24334949236276 3.01807769571736
504 6.24164841130296 2.98242734073904
505 6.19955786770597 3.01807777487708
506 6.0023250406893 2.08058878580817
507 6.24334949236276 3.01807769571736
508 5.78487668983005 3.06945651117726
509 6.26151358007174 3.57976967220146
510 5.97641691486822 3.33693649964334
511 6.34526493103765 3.01807776126763
512 6.24334949236276 3.01807769571736
513 5.9413079985271 3.03601462325228
514 6.32513763154846 3.62327598040524
515 6.28315122556761 2.96338883186545
516 5.82316900519813 3.1152433234231
517 6.17038186038428 3.08759543824335
518 6.24025454052754 3.01807796870203
519 6.03752635227332 2.6370850066272
520 5.96465557436179 2.90345460612282
521 4.6408951214904 3.11739428433803
522 6.24144904577704 2.96819436742104
523 5.61241378814 2.78346645201732
524 6.24803779046413 3.11720736609745
525 6.23044746842413 2.77195572918313
526 5.89672178394618 2.75361654333855
527 6.52304352778393 2.96962559591362
528 6.11166359207801 3.09815464383685
529 5.86418017639891 3.28049093180494
530 6.35192513857926 3.12079262150196
531 6.2736485417267 3.23546881308748
532 6.12187933186535 3.01807785699376
533 5.90403177748089 3.15162544625574
534 6.12340766418059 3.01807781487816
535 6.26322142056146 3.59293007266346
536 5.72533020002518 3.01807790561835
537 6.22898524957741 2.83343786181933
538 5.90991683336822 3.02541322825875
539 6.2458546955863 3.01097434416646
540 6.2498995742284 3.14520334741385
541 6.2416574624743 2.96825554064775
542 6.45671834108575 2.80899184922854
543 6.03157297146247 4.04920309387402
544 5.9874057083331 2.83179129951937
545 6.23748232916933 2.86910258221214
546 6.13288002568032 3.35826279867765
547 6.24119202189612 2.97272451046154
548 5.87866182515581 3.0180778099442
549 6.22422302226714 2.79954043203211
550 6.69393907854469 2.69191096748452
551 6.24332501628996 3.01742900045485
552 6.09893450302203 2.65015426469874
553 6.49899952539474 3.17477631311525
554 6.47522703782483 3.03817769115722
555 6.24525251611958 3.05662806518915
556 6.24334949236276 3.01807769571736
557 5.05678006350173 3.03023137330665
558 5.6658200654783 3.01807784109616
559 6.24436075480244 3.04495611401255
560 6.36313327805265 3.01807765490913
561 6.39184614342112 2.94741078126557
562 6.2723922064513 2.86286835365752
563 6.12239343727436 2.93083967753708
564 6.12480154241728 3.17477657498199
565 6.19965094194285 3.01807791198885
566 6.02903084012855 2.83030345541519
567 6.10243441653056 3.01807780792212
568 6.13177108499524 3.01807782624754
569 6.15663376696881 2.6199455277333
570 6.38450523445627 2.83715604104253
571 6.13751960722505 3.01807783953063
572 6.16128478418142 3.34682526584765
573 6.23826710409198 2.86207020812994
574 6.23899009761618 2.89207930297296
575 5.54143322409818 2.86749529761868
576 6.24289034314458 3.00595183883398
577 6.51794467672002 3.01807793502289
578 5.88701451615862 2.93897851830755
579 6.24709157733013 3.09258383228037
580 6.24390406122218 3.03281800696731
581 6.19351171841952 2.55848385261108
582 6.35333845328025 2.7119994782172
583 5.81930242944918 3.11598317892652
584 6.37048765685921 3.14065579330077
585 6.23860735382129 2.73375648853042
586 5.88513966279788 2.97246545295148
587 6.37336212449273 2.81225169743291
588 6.23375450889487 2.78976115259907
589 6.27640990736193 2.72069769410734
590 5.95139077238374 3.01807784377853
591 6.4897759110452 2.65047139626841
592 6.24334949236276 3.01807769571736
593 5.86923397858318 3.01807787502806
594 5.88861390391035 3.01807771349394
595 5.0068436472793 2.96277024813761
596 5.91293188315699 2.63767422150832
597 6.36682286570408 2.12153177581591
598 6.47578763501549 3.35252657357374
599 6.25016302072872 3.03587621330194
600 5.84901534590883 2.96116964924436
601 6.30267531848826 3.16184447772101
602 6.27019489511306 3.73803656815088
603 4.84765649741129 3.01807789875993
604 5.58051607747624 3.01807764906198
605 6.98303454894111 2.9484672380862
606 6.28820850428316 3.2258592164133
607 5.95127721620941 3.04903019892199
608 6.21022121669496 2.60782764366125
609 6.34032313938528 2.73505686097458
610 6.40431821548765 3.39280767209097
611 6.2720434082769 3.85991141060038
612 6.11170037825032 3.01526628545008
613 6.22553865904972 2.8089918989069
614 6.24743967269592 3.12880065129053
615 6.20165103611297 3.01807762917829
616 6.1584622258117 3.43623125944525
617 6.41627569707976 3.66123007219528
618 5.99706855392392 3.01807786860822
619 6.41475744094932 3.04326712979072
620 6.24197749358347 2.98942577433635
621 6.47369432556226 3.19281997453351
622 6.82942428307101 2.89266618309379
623 6.31409642803564 2.78632366564144
624 6.45716693870804 3.1455321772504
625 6.39756418930765 3.33693628665662
626 6.20515501173267 2.6684849639335
627 6.11943537047244 3.00873180210795
628 6.44573711427843 3.96447851153207
629 6.5691188237986 2.64390674514694
630 5.95139077238374 3.01807784377853
631 6.23036109380927 2.789561108882
632 6.48415436583115 2.97105585774883
633 6.09438635581745 3.01807760378001
634 6.24627651519041 3.09686232438392
635 4.67067600818947 2.44754348296203
636 6.24154351019958 2.98019812532237
637 6.14193823841766 3.18028172947785
638 6.15866540045635 3.07109619583058
639 5.85412395391651 4.95601258014544
640 6.24334949236276 3.01807769571736
641 6.39694920784425 2.91853193217615
642 6.79166216213198 3.01807787665627
643 6.23981110116589 2.94334179277974
644 6.46633923993041 3.27139812222102
645 6.29633528573847 3.03274538941342
646 6.38236428670836 2.47463069150552
647 6.76833238836921 2.8551135110346
648 6.24334949236276 3.01807769571736
649 6.09324825488802 3.8107876772206
650 6.11987803298983 3.01807791157364
651 6.29618811183066 3.05517292761651
652 6.48196145971626 3.01807759648778
653 6.55932112560674 3.39301105323403
654 6.07933522699257 3.4978910506133
655 6.67637649268582 2.68792503825121
656 6.23248060642574 2.88872799948741
657 6.2533062231793 3.29498062912803
658 6.5593504391714 2.76836485780689
659 6.24334949236276 3.01807769571736
660 6.25805335708219 2.92315700650168
661 5.6197010923337 3.01807772441782
662 6.25069709300286 3.26097830233724
663 6.39194286911622 2.80112403505578
664 6.39754867497906 3.01807788359395
665 6.24334949236276 3.01807769571736
666 6.24334949236276 3.01807769571736
667 6.20352565433876 2.82580326752212
668 5.80076175587034 2.74073259692082
669 6.29839637066881 3.00784750098242
670 6.35069150371316 3.0180779366538
671 6.24334949236276 3.01807769571736
672 6.00122449330504 3.01807787982841
673 6.36193263254965 3.85892638933174
674 6.24334949236276 3.01807769571736
675 5.67353461763536 3.33693656509476
676 6.25154849102445 3.3573290341465
677 6.24334949236276 3.01807769571736
678 6.03306979652847 3.17476199760718
679 6.15750394969984 3.01807790590336
680 6.28528458575177 3.01807774171859
681 4.74352067208226 3.0180779136597
682 6.29542375699483 2.95774658399261
683 5.74157547048802 3.01807780401656
684 6.73300065881493 2.82623911840558
685 6.30409073531472 3.33637872817545
686 5.31624914665413 2.91204675240611
687 5.98312681028633 3.01807773755423
688 5.95139077238374 3.01807784377853
689 5.86937360666426 3.10281925366392
690 6.24334949236276 3.01807769571736
691 6.26324768515658 3.05812022029216
692 5.85812002513832 3.04646782398797
693 6.12340766418059 3.01807781487816
694 6.1865336345484 2.83030338203637
695 5.77763417180377 2.94362387084056
696 6.37225951671843 2.91152187159006
697 6.24997850302653 3.2210898027859
698 6.46114222248372 3.15564233801122
699 6.22875173304047 2.83179142791295
700 6.07666802944928 3.0180776210535
701 6.1630133893927 3.69346397704458
702 6.14463367249724 3.48037416570778
703 6.19186182373612 3.80998648510433
704 6.59410965876979 3.01807794137752
705 5.77669992374232 3.31104572103263
706 6.28690038291926 2.98631456511316
707 6.08955259202517 3.09581574887646
708 6.20592303464116 2.65825103669542
709 6.24334949236276 3.01807769571736
710 5.96886956628285 3.1395011975263
711 6.24245610515155 3.00686410460286
712 6.22296526415681 2.79043117319614
713 6.24334949236276 3.01807769571736
714 6.50369215784111 3.01807790503485
715 6.16003881748562 3.04034398067105
716 6.26740695351137 3.39540153401952
717 6.24689005287201 3.08872604789715
718 6.61062112844927 3.26580438674639
719 6.16709199178458 3.69697476055024
720 6.24785333594501 3.01807785657699
721 6.2421385327201 3.00762222443806
722 6.31846235412785 3.20894674011268
723 6.38198069990515 3.10759995654424
724 5.79484369433518 3.0180777776205
725 6.19003141356579 2.95220495992348
726 6.25808765758577 3.43623134510043
727 6.57954097949216 3.79036539885468
728 6.24334949236276 3.01807769571736
729 6.05575547358333 3.36588137686762
730 6.2360870528672 2.94048386287822
731 6.24892953733671 3.12731101937209
732 6.39629071289107 2.98149412414871
733 5.7472902550417 3.01807790090346
734 6.54083017601887 3.01807777271658
735 6.41794821840178 3.335756682291
736 6.26511193663521 3.37543100364045
737 6.16313781961442 2.71570162827229
738 6.16736237835232 2.72936403567749
739 6.65211515685954 3.01807779635671
740 6.14414347489314 3.01807791474184
741 6.24026693876628 2.95296724172177
742 6.21521116386556 3.06581316048553
743 3.79022025444796 3.00799489739501
744 6.24357670746029 3.0240789630048
745 6.65826984123034 3.01807784570165
746 6.24334949236276 3.01807769571736
747 6.30855127409716 3.20367747913778
748 6.32707930805131 3.01097436271028
749 6.24862335329908 3.01807789641255
750 5.91451837598606 3.43623130220258
751 6.08516033403432 3.01807758525207
752 5.83725927950978 2.77989365749905
753 5.16355807078445 3.16184479920126
754 6.25415472421252 3.31967452445336
755 6.21673847196599 3.01807776913442
756 6.39355436519606 3.0534403740076
757 6.30288258046208 3.66229726501046
758 6.39522719483454 3.01807794416723
759 5.49355357893929 2.95123565484436
760 6.84877443193891 3.28579896580326
761 6.1642558650209 2.99546370290989
762 6.24334949236276 3.01807769571736
763 5.97749995046583 2.84585621832193
764 6.21644623816736 3.01807759895353
765 7.12426741405262 3.0109409155862
766 6.16471700829916 2.88827946769386
767 6.79772806916742 3.30539768204453
768 5.85180950086294 2.90634036339894
769 6.04240457291578 3.01807773181503
770 5.67722745083012 3.40838516657817
771 6.2103541961818 2.66270990772976
772 6.24100501465271 2.96872893229104
773 4.42738462320129 3.01807785027593
774 5.93001880933617 3.01807775430192
775 6.13407796605522 3.15513632296153
776 6.24334949236276 3.01807769571736
777 6.14752797204085 2.89819204272202
778 6.24774179070105 3.10500711397712
779 5.97732811206639 3.14621986807997
780 6.03632789125992 2.96276984180204
781 5.4674627495777 3.48362257254257
782 5.72592793095734 3.01807779965664
783 6.2226613564933 3.42213486814493
784 6.24334949236276 3.01807769571736
785 6.25239513583 3.01807782452442
786 6.2433026204446 3.01807755825594
787 6.46048411887101 2.96875947034643
788 6.01195675705749 3.33693661228109
789 5.81549417428819 3.01807741336816
790 6.07840480665237 3.07274388321384
791 5.95638913384105 3.12409379295266
792 6.49728034031927 3.12880062824472
793 5.88531736752054 3.5531719389167
794 6.53446168486469 3.91124969329371
795 6.24295139225685 3.00982309122092
796 6.07994024155126 3.0493623974823
797 6.68268002128718 3.04396075433251
798 6.24813400510404 3.14801875044692
799 5.91336470038039 3.47953447874228
800 6.06575562518659 3.01807762055155
801 6.5046910829262 3.28404605185965
802 6.21367217231624 2.72048233194822
803 6.00673104607301 2.91985655603867
804 5.93001880933617 3.01807775430192
805 6.58735547574783 3.63963798067779
806 6.24334949236276 3.01807769571736
807 6.21760875259807 2.75070532922313
808 6.32853178525962 3.01807792358727
809 6.24077284968517 2.95067192743447
810 3.77268482850466 2.75201225569066
811 5.45889437636003 3.29108808663232
812 6.24334949236276 3.01807769571736
813 6.18054811310296 3.04011737172971
814 6.00606878681512 3.06324623471462
815 6.23503652741503 3.01807774817155
816 6.22308256515585 3.01807787843979
817 6.24334949236276 3.01807769571736
818 6.76698325040462 3.7368188772058
819 6.00659983017182 3.1738427491731
820 6.2400656731305 2.93254004656289
821 5.7560427204167 3.00762221280595
822 6.15343778076046 2.73826707762586
823 5.91561360285642 2.88820055423819
824 5.95487467746932 3.01807784245266
825 6.60638636785588 3.17163585452787
826 6.24334949236276 3.01807769571736
827 6.23877212243618 3.01807791344175
828 6.23813516043863 2.91204670704415
829 6.24562634881223 3.07915802776008
830 6.65419521945776 3.08533675016186
831 6.04233896385367 2.51657837890894
832 6.27013715967612 3.75311190860145
833 6.37910089408747 3.78867545883868
834 5.99927814088614 3.05938410092642
835 6.22313212053769 3.35423724269154
836 5.75612086084686 3.02623588109055
837 6.11987803298983 3.01807791157364
838 6.24905940853757 3.17384266792843
839 6.34835702723217 3.0180778709313
840 6.32470034884031 3.73536320891244
841 6.2533062231793 3.29498062912803
842 6.24334949236276 3.01807769571736
843 3.79419033862191 3.03049347124553
844 6.20535312608532 2.57969467919588
845 5.1419938835871 3.14621983104781
846 6.05733890158058 3.32053773667251
847 6.24334949236276 3.01807769571736
848 6.32639996590479 2.77188942334223
849 6.24222970890636 2.99473290518207
850 6.0340395451069 3.04396095050212
851 6.69357598529589 3.14444537485168
852 6.38187430112105 2.82468257234022
853 6.09298994019883 3.43976714311038
854 6.24334949236276 3.01807769571736
855 5.6922239623342 2.62101109159476
856 6.24988709283475 3.19711587379152
857 6.29678132161671 2.51703492699972
858 6.39873382396644 2.99695451538392
859 6.21871930141461 3.15371683978781
860 6.00941384106215 3.22840815446197
861 6.23937320413573 3.01807752474921
862 6.01980326535986 3.01807786719677
863 6.30381864221805 3.06488753038263
864 6.29519911162302 3.01807775671078
865 6.71889203805985 3.19841143029752
866 6.0016175662711 2.91784374467206
867 5.79304490462751 2.62101102597426
868 6.23368198364581 2.86714853894644
869 6.24202937236959 2.98331805815566
870 6.24334949236276 3.01807769571736
871 6.2386264910646 2.92018985173446
872 6.24334949236276 3.01807769571736
873 6.40258132997665 2.96399337918825
874 6.21020753614955 3.01807788412263
875 6.28360087060064 4.02276054449216
876 6.35849011223266 3.1237123337115
877 6.17926396840297 2.83558213320507
878 6.11820880024998 3.01807773519293
879 6.02297946970908 3.0180778600415
880 6.365351641014 2.85643153749757
881 4.41792770160338 3.54936703815846
882 8.07788228797701 3.01807797966395
883 6.23652846158742 2.83558229409004
884 6.23586565479251 2.88514650710136
885 6.0778573230461 2.86409927025068
886 6.58521586826919 3.09382119530515
887 5.92461167896489 3.00130661730435
888 6.22458183468019 2.82685538320794
889 6.08944202027364 3.01807776251091
890 6.4559417246711 3.38425392469381
891 6.26401867757697 3.01807781177154
892 6.07891773250337 3.14621967753349
893 6.09107650416721 3.00061588953833
894 5.54565678761354 3.00871956597463
895 6.46392035071837 3.40236116400424
896 6.24334949236276 3.01807769571736
897 6.22893845055766 2.83363304716621
898 6.07256866950963 3.1295869242232
899 6.35896588598813 3.0180779095481
900 6.04835443571336 3.01807782544478
901 5.92962372786305 3.09536173868928
902 6.09741740721593 2.97609603350457
903 5.97771788162896 3.01807749312113
904 6.40336010259602 3.42213445371814
905 6.25474451394756 3.33693657638583
906 6.5502384213961 3.09295156624756
907 5.49752148935252 3.03208671982367
908 6.21760875259807 2.75070532922313
909 6.77525736320346 3.60317817422271
910 6.11071297402377 2.97416423173415
911 6.24958853332446 3.13950132256445
912 5.68235461595112 3.13514433359886
913 6.25226083202187 3.09056364537314
914 6.12786080040477 3.01807749714292
915 4.86701676404169 3.01807777290197
916 6.09814967236445 3.12880058602444
917 5.84592604334686 2.77655182091025
918 6.22352093723087 3.00535580537894
919 6.77895048462071 2.75537100464296
920 6.09378675156881 2.91086431330624
921 6.13674275188 3.03724593461713
922 6.11014049778412 3.38603300626854
923 6.29563460748971 3.38645804653848
924 6.23941155959745 2.97190264468072
925 6.07857902337336 3.01807770487551
926 6.26987750759188 3.65259725861343
927 6.24619528489888 3.06655531229387
928 6.24334949236276 3.01807769571736
929 6.40791814705207 3.01807755225518
930 6.503604668389 3.16113641426804
931 6.25691390475426 2.9753763106714
932 6.3658655350863 3.01807786996975
933 6.22951254365222 2.8371558693656
934 5.56026385305957 3.01807775591194
935 6.19602480548026 3.22003511627591
936 6.08220442245545 3.14491994469656
937 6.24334949236276 3.01807769571736
938 6.25695591517522 3.40236124553387
939 5.80403637943853 2.96213306829074
940 6.10967831523827 3.01807782856917
941 6.0733815237917 3.04224191990921
942 6.08984822844804 2.31468655686333
943 6.19866877869664 2.59642929411876
944 6.21961330763612 2.76552555261404
945 6.01313493019187 2.77123871512319
946 6.87649156256968 3.01807784231262
947 6.2451334136128 3.06581317071785
948 6.19904672563315 3.68322554316084
949 4.86533697659531 2.96276998318096
950 6.5202741640561 3.10760005832223
951 6.23914001990141 2.94844145123645
952 6.25987928383097 3.2236964642745
953 6.32196450898154 3.01807748803907
954 6.24334949236276 3.01807769571736
955 6.24197132672999 2.98928020870806
956 6.94833656540452 3.51585821094922
957 6.4970630866201 3.0180778735573
958 6.23151257953768 2.77989339686385
959 6.23952826057197 2.91888584371918
960 4.45709990591397 2.96276988630591
961 6.25528924154508 3.35524508550304
962 5.08682478442782 3.0180776753972
963 6.4183479291545 2.86771436100768
964 6.24334949236276 3.01807769571736
965 6.25475361336037 3.33674067659703
966 6.21719776142191 3.65857302485253
967 6.84298405815409 3.0568108104846
968 6.23948074190303 2.76836481379298
969 5.95139077238374 3.01807784377853
970 6.50377071581959 3.01807790722202
971 6.35685109586119 3.37565540294404
972 6.38407502184539 2.89739906931586
973 6.04062934293214 3.01807787026421
974 6.15420951188119 3.65196063691052
975 6.2258337972516 3.01807782337384
976 5.74511248541538 3.2201549355407
977 6.60049819587023 3.28570573525626
978 6.41684518816671 2.81107508490231
979 5.83938876586981 3.01807786678921
980 6.38746018316015 3.01807793580263
981 6.27117502311052 3.84439241995872
982 6.23861524621177 2.91999546907763
983 6.25145529593262 2.87750518966657
984 6.24318336145452 3.01366875341478
985 6.24334949236276 3.01807769571736
986 6.37328999428562 3.33962911368158
987 6.55241563114587 3.01807789389937
988 6.32842676953383 3.55581608134082
989 5.4524493269177 3.0180779209749
990 6.40190312443181 2.71199950002292
991 6.31898396698404 4.26958575209068
992 6.51761280715281 3.57745246793039
993 5.8550829810174 3.01807781810287
994 5.59721002160646 3.0180776055249
995 6.17039350903566 3.17931732216971
996 5.94776535436157 2.9892802227001
997 5.10260099124044 2.83014697067813
998 6.41324009558223 3.01807779170983
999 6.16221230035996 3.03814758845049
