0 6.39354514693623 3.67174874277821
1 6.12105997882738 2.77978815755245
2 6.53061486381676 3.11912671667771
3 6.68062036060555 3.01807786635787
4 6.4340501264434 2.63757929769022
5 6.32468088969206 2.84884444622762
6 6.20602230772405 2.94545974177677
7 6.1294203333098 3.01807779986155
8 6.67480073248306 3.01807797600494
9 6.27301080728434 2.95737606028044
10 6.25851139986255 3.11932387391176
11 6.01631175068766 3.01807777109436
12 6.18153032169456 2.94148062047157
13 6.22198631395118 3.01807779268184
14 6.42504318875863 2.7778542456473
15 5.50966389879222 3.18965957621734
16 6.37898982904578 3.01807781420749
17 6.63922411502139 3.13102714914534
18 5.73778358535786 3.69042618269437
19 6.60044590737786 3.01807799088724
20 6.09761859876145 3.06125606133881
21 6.15596378699915 3.13780781979372
22 6.47203197230826 3.44691184758137
23 6.22659973258366 2.79166277346107
24 6.35737489358622 2.6625358924564
25 6.05469032224474 2.81423313860897
26 6.0335522204787 4.50878416038816
27 6.15451425946664 3.01807794777239
28 6.16031734627015 3.0705866853516
29 6.8856523344948 3.01807793515567
30 6.73273573006617 3.01807781959724
31 6.53933741344745 3.14540665447652
32 6.04243093019666 3.01807763981993
33 6.37086365098945 3.01807786718769
34 6.03822816007931 2.89486577458396
35 5.95853987561906 3.28595225025927
36 6.25052050888573 3.21506071622197
37 6.24578357921492 3.18160660328835
38 6.24334949236276 3.01807769571736
39 6.10559475370537 3.01807789297679
40 6.27713082197004 3.0427543064879
41 6.24688243881575 3.11347044939969
42 6.23194376612692 2.85438030686787
43 5.80936764127022 3.11548946160039
44 6.24334949236276 3.01807769571736
45 6.24334949236276 3.01807769571736
46 6.66087719244847 3.01807788667312
47 6.24334949236276 3.01807769571736
48 5.95200652902274 2.09279952258229
49 6.23722280569626 2.9230181303977
50 6.04277646802588 3.01807783734545
51 6.25663011919667 2.8996429308488
52 6.17564886351519 2.54528591140642
53 5.7128316248446 3.76808512248336
54 6.17782442491845 3.22645871922276
55 5.86004773215084 3.28875321114337
56 6.24446638002339 3.04085582727083
57 5.90299977695866 3.01807754921457
58 5.94844193823308 2.95049821471722
59 6.24334949236276 3.01807769571736
60 6.24334949236276 3.01807769571736
61 6.21627014900091 3.01807748670279
62 6.24972104613106 3.23509141194462
63 6.22760825293219 3.01807790811738
64 5.82436136755311 3.01807782935242
65 6.46028806978972 3.78024002081459
66 6.4706567420193 3.05923906541638
67 6.05297094417568 2.91491419327571
68 6.19676564233842 3.01807787317876
69 6.48992621087223 2.79634625043011
70 5.70066894182334 3.34783253646248
71 6.38855289325923 3.01807744396512
72 6.11148762868474 3.01807794000446
73 6.24848135915303 3.18160667894757
74 6.60091616437239 3.01807792643736
75 6.15613455052508 3.01807783635878
76 6.29915882216992 3.01807772832207
77 6.20722374008835 3.32570285344899
78 5.39746516651409 3.0180779459929
79 6.26714551041922 3.77014012366496
80 6.2435910533964 3.02310022586257
81 5.74999128897472 2.76916418964433
82 6.27972328644457 3.13077633230606
83 5.95410508785804 3.09669015923204
84 6.47986309779504 3.01807794980031
85 5.57230677945158 3.37157144962897
86 6.28725899016281 3.17339531981984
87 6.4583445411924 2.86972115698896
88 5.97095030298878 2.92194077370307
89 6.22537752634272 3.16397554290513
90 6.70932206694345 2.8712092963106
91 5.78651678432494 3.01807764188158
92 6.29247128050318 2.64916781003689
93 6.13034775043617 3.50288007479875
94 6.2392220425033 2.93137022331251
95 6.23718072167208 2.8671282141349
96 5.80415660153242 3.62693280946843
97 5.61951480573059 3.01807781676233
98 6.42243897037306 3.01807784185352
99 6.24694709752001 3.01807763215476
100 6.23302045348881 3.01807769100302
101 5.81984784738895 2.9883201450375
102 6.24138538724952 2.97684608236558
103 6.24336870634039 3.01859348961237
104 6.90564573119329 3.16098476584401
105 6.24334949236276 3.01807769571736
106 6.24334949236276 3.01807769571736
107 6.26022364481954 3.5900836702177
108 6.18342778111776 2.67653520445525
109 6.23416071389289 3.13950124619308
110 5.64574766452888 3.53452496589958
111 6.24863094260526 3.16186934618736
112 6.36010336489757 3.16255296583918
113 5.7592627638647 2.92998399868977
114 5.94671844447714 3.01807773400433
115 6.38573318624807 3.15352855421905
116 5.64733809304886 3.01807767065156
117 6.45728619200507 3.18965964733138
118 6.18295302180718 2.88940225780718
119 6.25338783179139 3.29214595569183
120 6.80246978042728 3.42990641324329
121 6.25154798053424 3.34859041119591
122 5.72699782767778 3.0180778490244
123 6.17659567946667 2.57060512778872
124 6.39245640491279 3.01807790946419
125 6.23586307384387 2.83420918364038
126 5.82636554711878 3.01807787457937
127 6.22393564275347 2.79747425686926
128 6.39264831654182 3.01807787558877
129 6.26437371400935 3.62531133844616
130 5.97738705051171 2.64850500470474
131 6.40053195682921 2.79109085176072
132 6.28025720209456 3.01807786512973
133 6.47260891330029 3.01807766048073
134 6.45253445034304 2.8652179287749
135 6.47884325864982 2.92782488326116
136 6.25318471567776 3.29147117902551
137 6.31455678049069 3.01807752214077
138 6.1821653822201 4.45175165754921
139 6.24878242972084 3.1827832527596
140 6.15232568757623 3.4353847613904
141 6.64444360070505 3.16098483555307
142 6.18888084598452 2.72884822376776
143 6.26877769977137 3.76758874884799
144 6.24334949236276 3.01807769571736
145 6.24334949236276 3.01807769571736
146 5.87552719143794 3.0180776278203
147 5.95139077238374 3.01807784377853
148 6.23546802847961 2.88157225074629
149 5.93496365859578 3.01807783282892
150 6.24334949236276 3.01807769571736
151 5.96227568723539 3.06214641047166
152 6.24187464653939 2.98305221527716
153 6.12692167888512 2.92194082992681
154 6.29652453713538 2.96176970646007
155 6.30800061789635 2.91337683815561
156 6.24193518252371 2.99929462322341
157 6.24334949236276 3.01807769571736
158 6.58214830359701 2.74291513581723
159 6.23953695613474 2.93768122862873
160 6.24334949236276 3.01807769571736
161 6.24859953541352 3.1609849780273
162 6.28419916724601 4.34937553304154
163 6.28391076559805 3.01807758161925
164 6.24334949236276 3.01807769571736
165 5.08191443797858 3.59478785049008
166 6.53252766830378 2.82468262544271
167 6.24590810746695 3.13491463864012
168 6.24029135022589 2.93838846758591
169 6.18642661645676 2.71269359167685
170 6.70516131869621 2.76778057369344
171 6.87943611516904 2.9058176669402
172 6.54119633307359 2.79658229909886
173 6.02639666259704 2.74392025071021
174 6.25045817453878 3.21329124269357
175 6.38597410247708 2.41773089301664
176 6.0249597493331 3.0180779410141
177 6.01833763184141 2.80824675132268
178 6.26629782857864 2.95592399266917
179 6.25775244567838 3.42615538972706
180 6.48298016524647 3.01807788515019
181 8.92385652896338 2.9058179501387
182 6.24334949236276 3.01807769571736
183 6.16373080445749 3.01807768926025
184 6.10948592303487 3.01807768007795
185 6.10752859615353 3.10730138008349
186 6.03413480931449 3.75292060508961
187 6.58321993626379 3.13268765357784
188 5.65303293163768 2.90090306058442
189 6.93357606903832 2.81791229421086
190 6.22952622770132 2.73192955268027
191 6.2217790241713 2.78178422679511
192 6.24334949236276 3.01807769571736
193 5.53486849771491 2.8196562839528
194 6.23204292076844 2.85509670559896
195 5.78426817080748 2.95309509258812
196 6.03848934629393 3.01807774142221
197 6.32989256219803 2.67653514367594
198 5.92246189133065 2.86476749087945
199 6.61629817716534 2.18531096774338
200 6.24009782112442 2.949364374145
201 6.53223378977252 3.01807771819922
202 6.21839490021322 2.75663288283694
203 6.11849442634062 2.52677066306059
204 6.94062699171892 3.01807786890195
205 6.22728710948417 3.01807778077019
206 6.26631218425741 3.33693643778214
207 6.24334949236276 3.01807769571736
208 6.46343825556087 2.96524023339554
209 6.25474451394756 3.33693657638583
210 6.71884301868098 3.03880475043973
211 6.0902954956136 3.01807770897057
212 6.50676813810566 2.81478629686997
213 6.02748956470489 3.15901369368267
214 6.58868058518057 2.68940295800185
215 6.53734785358553 3.07975255841601
216 6.4140214056129 2.79109084175989
217 6.24334949236276 3.01807769571736
218 6.41467056602551 2.67837998361962
219 5.95525847840542 3.13077649141022
220 6.01430841622176 3.01807782698274
221 6.31533594180866 3.23406373388475
222 6.30463956337581 4.75969716804807
223 6.02634453237705 2.74121195457196
224 6.15904972292657 3.17116234310624
225 6.45904098539786 2.86025707535288
226 6.26225967685303 3.56323296624464
227 6.23959743669949 2.92063065226055
228 6.19599935722531 3.66445415557451
229 6.73854793707407 3.01807791077794
230 6.22846596630426 2.84317246503812
231 6.40229430908568 3.13228487853365
232 6.49139562032797 3.01807793169448
233 6.24951507531556 3.14503127131295
234 6.30320052940137 3.01807786536509
235 6.13420675314787 3.01421936847985
236 6.37266672680415 3.01807791721693
237 6.23214717190551 2.85584057935799
238 6.24334949236276 3.01807769571736
239 6.10065939033052 3.31949264689532
240 6.5160323655101 3.7300126687919
241 6.24673599317172 3.08572732899171
242 6.99548783899654 3.01807792353169
243 6.06640011808256 2.72773365973902
244 7.02223176371063 4.40205978927658
245 6.25946454402716 3.47778347459357
246 6.24595177629456 3.08800520532291
247 6.30114712004163 3.09703636866078
248 6.53439984849262 3.01807789281677
249 6.22653856588695 3.01807768901286
250 6.24334949236276 3.01807769571736
251 5.93439440402169 3.01807772572127
252 6.05062561844718 3.18238018469755
253 6.79443347556179 3.01807790113822
254 4.22019475069522 2.57582217792937
255 6.24855578032347 3.15977052091356
256 6.88427066861341 3.010903280029
257 5.78238876537499 3.69042573968516
258 6.257763125789 3.42649419280499
259 5.68746154827591 3.43932265757791
260 6.49288588345075 3.01807781700108
261 6.28465771830558 3.01807778736879
262 6.0902954956136 3.01807770897057
263 6.78128980956417 3.21064806860924
264 6.42474339835438 3.16165828678841
265 6.25156172362531 3.24475255777189
266 6.24334949236276 3.01807769571736
267 6.42880092694324 3.01807789343907
268 6.13195230869736 3.0705867129525
269 6.16521008465972 2.73557669965865
270 5.6555325533731 2.90577348607464
271 6.20756482843488 2.84591337011874
272 5.730997757899 2.83715593188655
273 6.4631656025445 3.86990179701992
274 6.22751104686629 2.87572196674751
275 6.23997247801106 2.94676019858419
276 6.49433586274081 3.01807791192478
277 5.83457266968013 2.91320719549244
278 5.29399495124728 3.01807785473977
279 6.38267399521593 2.89019811328675
280 6.07238255187661 3.01807755095599
281 5.87330567467872 2.59601224940584
282 6.46237215441675 2.99505037923788
283 6.24334949236276 3.01807769571736
284 6.43633345326499 3.0180779702035
285 6.14919926790258 2.89273084536044
286 6.06307650021372 3.28111010154614
287 6.43575734027783 2.81192303667657
288 6.56285961548815 3.01807788847562
289 6.26325022073961 3.59383944069088
290 6.97972536114193 3.0180777627778
291 6.1773232611582 3.73032165759252
292 6.2457260045509 3.10176361114093
293 6.24334949236276 3.01807769571736
294 6.32583208155373 3.0180774693173
295 6.2406943852209 2.94865663011854
296 4.61921690061071 3.01807763861304
297 6.09705677562503 3.49624068269999
298 6.36635922142021 2.8438179305556
299 6.29082072719297 2.99689612581369
300 6.16823216575011 3.01807790207074
301 6.53190964170763 3.49762585242787
302 6.1454882319095 3.00495939159059
303 7.19683342220401 2.75522277125775
304 6.38105578887356 3.16754812276484
305 6.21278951471727 3.01807779008283
306 6.31232410650517 3.07504857846734
307 6.75795154743371 3.01807791139709
308 6.24334949236276 3.01807769571736
309 6.11347534254589 2.82468258255044
310 6.09590243499043 2.90868580875382
311 6.24445290941118 3.04616902052263
312 6.20459347215452 2.64720332631009
313 5.77622392394589 2.68949581453005
314 6.24334949236276 3.01807769571736
315 5.85292803822851 3.01807792959784
316 6.24233030905016 2.99689603796018
317 6.1002728073917 3.2599996104258
318 6.24334949236276 3.01807769571736
319 5.77760120871626 3.01807792718493
320 5.83670935800309 3.10074337190791
321 6.24334949236276 3.01807769571736
322 6.36170492991709 3.01807777006873
323 6.04516415747343 3.08334268748748
324 6.37825312205766 3.21704176640739
325 6.24334949236276 3.01807769571736
326 6.24595177629456 3.08800520532291
327 6.26747812839752 3.72632645657443
328 6.14212786566128 3.24187294716381
329 6.08953924510055 3.28267290040639
330 6.24334949236276 3.01807769571736
331 6.25502046038254 3.34507997584157
332 5.69069186166695 3.01807783177574
333 6.11217560442374 3.28875304541118
334 5.29000590430895 3.28267316208377
335 6.12191797431566 3.01807786263869
336 6.50842626615019 2.83309799153889
337 6.22283113325885 2.85059366005063
338 5.77305658281094 2.81628384506508
339 5.82589677725201 3.10329011222194
340 6.12112944994836 3.01807775467196
341 6.90053578923936 3.41875627001727
342 6.24803919976999 3.11064779068062
343 6.34294242740705 3.01807763770349
344 6.131407890689 3.01807789237606
345 6.2814542975248 3.01807779507229
346 6.44040243352352 2.86670076290497
347 6.31142158961077 2.87550501650188
348 6.23521172667981 3.05923940103443
349 6.46702235158523 2.90147865721227
350 6.07539791150948 3.99494232236692
351 6.23845827201411 3.30139434932751
352 6.25203208889717 3.22069077656744
353 6.55907531061239 2.98930937946806
354 6.18477777712613 2.46691568703373
355 5.94993257253531 3.0180777140375
356 6.23617757524508 2.83788945865237
357 6.24615854001121 3.18342145458338
358 6.8120440441586 3.01807773900763
359 6.41704045952496 2.82764665270546
360 6.27852879002844 3.01807766372307
361 6.60694897809212 2.82468261048049
362 6.50669185984887 3.3796631819901
363 6.08588039832082 2.92241349102916
364 6.27660829182284 4.02115959257161
365 6.71091822767078 2.92063081978574
366 6.19267914402675 2.54248240312805
367 6.22618402095528 3.01807775452824
368 6.41712691456741 3.01807764461485
369 5.99869548668486 2.7978707330043
370 6.45873342057053 3.01807754225307
371 6.8856523344948 3.01807793515567
372 6.46622411717979 3.28110984467668
373 6.24334949236276 3.01807769571736
374 6.01511220894854 2.74291514079868
375 5.55502469990726 2.83172088126497
376 6.21923376816106 3.47250509992379
377 5.95276382388014 3.01807793131137
378 6.27920281175283 2.64252354838191
379 6.24044748161863 2.94234596484579
380 6.24242121472061 2.9987693883799
381 6.45971780484013 3.21821649959279
382 5.40142235902754 3.01807779893139
383 5.2704117143659 3.01807793666915
384 6.25572131746452 3.24634677355159
385 5.58713247220839 3.02134932589435
386 5.64991172841741 3.13340633765403
387 6.36739293110888 2.85584060171127
388 6.47907100403424 3.1521570053095
389 6.07317856192772 2.69038681470872
390 6.25483682832747 3.00117322173394
391 6.26187657016213 2.91320722084516
392 6.22476384872075 2.7187179007962
393 6.24334949236276 3.01807769571736
394 6.37529016739211 3.01807789921629
395 6.24065604138627 3.01807777954337
396 6.25532568542258 3.05635698337614
397 6.24334949236276 3.01807769571736
398 6.25093692341566 3.24307705049121
399 6.12336170454313 3.01807746188418
400 6.24685075588048 3.08795246937032
401 6.54572284557522 3.0180779141305
402 6.27412429058072 3.82559533014663
403 6.08397822090275 3.00666921676377
404 6.24280024929724 3.00666928930207
405 6.24608392216583 3.073067074535
406 6.46274218645071 3.82274164320794
407 6.25139075797085 3.17209387134838
408 6.24393379641324 3.03360457223563
409 6.18902438943796 3.27624425125383
410 6.17665116282868 3.04931821772365
411 6.25349126939369 3.72756011842872
412 6.31780927594035 3.07058651290739
413 6.30789602592457 3.01807761343385
414 6.2520116713352 3.01807791195021
415 6.2048933185196 3.11064776466869
416 6.17093885760428 4.07369235895124
417 6.23643263363509 2.84366464718173
418 6.50542058885575 3.01807782326721
419 6.46338440651122 3.01807773780418
420 6.06167278496226 3.2683850469902
421 7.59495736285649 3.01807776174408
422 6.23794293927806 2.8794221933244
423 6.38905329987956 3.2811101621529
424 6.12734694112729 2.90993031243732
425 6.24665257350565 3.0180779777022
426 6.24334949236276 3.01807769571736
427 6.1423581819924 3.08468551005127
428 6.26098887000578 3.52419218117805
429 6.23395827204805 3.01807765205212
430 5.6992703427378 2.58780682458305
431 6.70521658421382 3.018077782799
432 4.9303741898904 2.6786415617148
433 6.23872458140614 2.92194068501733
434 6.33935385211587 3.81672328026774
435 6.77498704573774 3.38174790403999
436 6.24334949236276 3.01807769571736
437 6.24267436112854 3.00410962674832
438 6.29711404348477 3.46840878876005
439 6.24490885520496 3.05972346079468
440 6.05069107818428 3.36954739443291
441 6.2432140407601 3.01447482353302
442 5.96027894222381 3.15349971038249
443 7.02225842603467 3.27598384429788
444 5.61464930528315 3.22645889571783
445 6.24244024144712 2.94060741014636
446 6.21870534538356 3.01807773418912
447 6.4982080064789 3.15352840450026
448 6.25465405657896 3.01807764528996
449 6.4632141348188 3.19792684671762
450 6.24334949236276 3.01807769571736
451 6.42786179602057 3.03880462790467
452 6.06443178322957 3.01421942956897
453 6.72978053834293 3.17249279687435
454 6.24334949236276 3.01807769571736
455 6.25093692341566 3.24307705049121
456 6.05145806738862 3.01807784757953
457 6.55668783415253 3.01807783640879
458 6.29184793402429 4.95900148111695
459 6.24334949236276 3.01807769571736
460 8.41907536578036 2.7847811848283
461 5.8362986847738 2.97840564438752
462 6.58239633028853 2.91497985054408
463 6.71904272237124 2.97324205535446
464 6.01930872711735 3.17681389774102
465 6.22142535028051 3.30177346230622
466 6.1436628175192 3.41684110046945
467 5.94235201599034 3.02787023703065
468 6.24334949236276 3.01807769571736
469 6.23433907926832 2.87990009532059
470 6.50710057175021 3.22786989177935
471 6.70436964152252 3.01807783526352
472 6.25309078041212 3.28875277229943
473 6.40107368224664 3.01807793899186
474 7.22866355787497 3.01807760841232
475 6.09115932596797 3.04163904984525
476 6.35916326839902 3.12233746559919
477 6.21612664457456 2.69569327211017
478 6.18631730948176 3.01807789568703
479 6.25272088553547 3.278067512172
480 6.46622411717979 3.28110984467668
481 6.33972739404447 3.01807793725984
482 6.23983555211221 2.92667613542948
483 6.40254079831522 2.91686742265841
484 6.1527532397139 3.00770027007533
485 6.30944137189772 3.01807780002835
486 5.65921151646441 3.08468560489419
487 6.3919727426065 3.3369366465754
488 6.23857021624861 2.89486558235981
489 6.24280024929724 3.00666928930207
490 6.27048771866211 4.95520146124405
491 5.76239424240289 3.02967225368397
492 6.3364412493078 2.64720347548048
493 6.02258768344961 3.01807774127888
494 6.27968580318115 3.0180777302709
495 6.20823270478459 2.96557454778686
496 6.35360470972677 3.43828531109476
497 6.42129073675047 3.15689859072345
498 6.26747812839752 3.72632645657443
499 5.97681634365625 3.01807781878739
500 6.27987773810828 3.38968441512581
501 6.03426082980855 3.11548983222515
502 6.55925308247494 2.73523749809054
503 6.24334949236276 3.01807769571736
504 6.44919225731071 3.01807788732844
505 6.28937199934388 3.04442217676514
506 6.24716239838528 3.09394892265586
507 6.24334949236276 3.01807769571736
508 6.28978790716292 3.59383929454765
509 6.24334949236276 3.01807769571736
510 6.20230533445765 3.13501328224846
511 6.15618938281315 3.3011678860068
512 6.24334949236276 3.01807769571736
513 6.45322314396425 3.05240425470451
514 6.24334949236276 3.01807769571736
515 6.06781941580398 4.16252240438664
516 6.32544470703282 3.0180777242554
517 6.24334949236276 3.01807769571736
518 6.23955839847793 3.25401314195079
519 6.23663203815047 2.89273088269374
520 6.24334949236276 3.01807769571736
521 6.3147985302882 3.01807787624554
522 5.74253425821589 3.01807775435966
523 5.45178825231796 2.91387072816682
524 8.89188199095747 3.01807783576958
525 6.42968001011297 2.81630979339118
526 7.04276473660293 3.62388979019511
527 6.25288078015224 3.28267326854187
528 6.08920285757337 2.64720344301114
529 5.32079781697913 3.37966322750171
530 5.93338166364508 3.01807783686866
531 5.75588080165349 2.91491424463444
532 5.9258070677885 2.6824050270112
533 6.39994047750286 3.01807796584275
534 6.24334949236276 3.01807769571736
535 6.27073288999854 3.83018241168033
536 6.26321029133852 3.0180776942682
537 6.25058333310359 3.21681575047463
538 6.24334949236276 3.01807769571736
539 6.25223092926455 3.26392679769515
540 6.24334949236276 3.01807769571736
541 6.20719700612567 2.66876446103568
542 6.41582160636182 2.8651634717739
543 6.21138287685261 2.63568715641561
544 6.65898829917443 3.01807784676735
545 6.29889172376061 3.00537189704246
546 6.26136302610781 3.01807788814072
547 6.24334949236276 3.01807769571736
548 6.24334949236276 3.01807769571736
549 6.24166515722912 2.98280402515766
550 5.91275320242145 3.03945871569328
551 6.12866223582741 2.6702371557375
552 6.36968906730421 3.33693644551332
553 5.90370138483133 2.8371559760707
554 6.19877981352606 3.01807750952547
555 6.01149279307001 3.01807753776912
556 6.0452835211959 3.09793330222885
557 5.95884973412386 2.9150605297505
558 5.96662469117815 3.27508774792808
559 6.06443178322957 3.01421942956897
560 5.68243871148743 2.7923705524106
561 6.22066190588415 3.22175544544819
562 6.28207603405981 3.98713213877734
563 5.7073257275085 3.52245230142247
564 6.04224576658861 3.01807783314924
565 6.46986919866344 3.01807767057492
566 6.07209076797753 2.31753433911747
567 6.23223099225539 2.96053237301106
568 6.24334949236276 3.01807769571736
569 6.24334949236276 3.01807769571736
570 6.07951142986945 3.26414028753778
571 6.52034500732238 3.01807785675877
572 6.24334949236276 3.01807769571736
573 6.24334949236276 3.01807769571736
574 6.3181575878849 3.02520368810554
575 6.301271903098 3.17028244254032
576 6.28624250326248 3.61231039464956
577 6.70255705166569 3.61244279392103
578 6.33941693458117 3.04055456446831
579 5.57465762733431 2.56180884879498
580 6.23626825281109 3.01807789876284
581 5.70170742212944 2.96216956170773
582 6.23530161529174 2.81901063080848
583 5.57588174607124 3.01807773595612
584 6.0312692569376 3.09875306696208
585 6.23861760087464 2.89605007315211
586 6.24334949236276 3.01807769571736
587 5.7834197236822 3.01807783874482
588 6.41567574235722 2.78141980099453
589 6.29319389936347 4.86060033848672
590 6.25793062533907 2.87111368789283
591 6.24334949236276 3.01807769571736
592 6.38133082002973 3.01807795981271
593 6.71858865674626 3.01807793346117
594 6.65627490629369 2.92773632680932
595 6.49128996800703 3.45552316020995
596 6.2462289680275 3.05320196160191
597 6.11514383660628 3.01807789644776
598 6.46650843988696 3.20207428844941
599 6.37084153095036 3.01763257979209
600 6.53673230704893 3.17422118583401
601 6.24355791065852 3.02235611026854
602 6.56149511772204 3.01807788091308
603 6.26339904884467 3.59844966506046
604 6.24489074406576 3.04940284543011
605 5.66160632687204 2.58028654613408
606 6.2627394952991 3.57801757943449
607 6.22659973258366 2.79166277346107
608 6.15536259385448 3.01807787574628
609 6.2675938162975 3.73001270452941
610 6.38302401381256 2.96389354995325
611 7.10268340798707 2.99035685866067
612 6.24334949236276 3.01807769571736
613 6.23665159215147 2.84868293668434
614 5.50214148755698 3.01807784698714
615 6.24074344642653 2.92157597616853
616 6.21291379594087 3.01807779334752
617 6.2469303369491 2.81630973690988
618 6.2197513228987 2.76679322369257
619 6.30188238378234 3.0278702860642
620 6.16308660263351 3.0180778424985
621 7.24185855241106 3.32009488573963
622 6.34191327198202 3.3715713019135
623 6.36126465024434 2.97877262061657
624 6.12202368004902 2.81631585334725
625 5.59753354425763 3.01807787585807
626 6.18933095703053 2.44171539615013
627 6.10487279765341 3.00334577833738
628 6.63900797559143 3.21084182833606
629 6.77920388024107 3.06881003849958
630 6.24262681233085 3.02666664828123
631 6.42032216951448 3.01807792223133
632 6.24068711182402 2.96191253039563
633 6.56640898053818 2.84766115424184
634 6.67674434018483 3.05267736637834
635 5.62968824036739 3.69042630747153
636 6.6053956710919 3.11044916706586
637 6.19180953210873 2.53442307168622
638 5.67669629218305 2.72349906823821
639 6.690051054948 3.01807781943449
640 6.33533838990166 3.01807777202698
641 6.28355498461816 3.01807785579983
642 6.16429525713946 2.85584043924545
643 6.29140294928675 2.86314469544747
644 6.24903723422487 3.25550482844149
645 5.02475543569685 3.01807789327689
646 5.81011613134465 2.91387058935152
647 6.31175020434791 3.0750490249027
648 5.90347291819608 2.92952402259073
649 6.42527871633556 3.11020962631281
650 6.24334949236276 3.01807769571736
651 6.23943157135792 3.47247682872638
652 6.24962251538316 3.18965969581743
653 6.12246876689415 3.57769293327351
654 6.24334949236276 3.01807769571736
655 6.51794467672002 3.01807793502289
656 6.14644349712422 3.31875412386313
657 6.25831356712245 3.06880983146414
658 6.3529500823625 3.01807783965782
659 6.19491749462712 2.56298508309198
660 6.32180773767349 3.01807792652943
661 5.99649292442952 2.9981541868939
662 7.53010451343473 2.80709140703471
663 6.09533183991 3.01807752865371
664 6.13308433305176 3.17074452353951
665 5.39540622029544 2.29117673774067
666 6.09189656790272 3.0180778085925
667 6.21984799464485 2.73057735955877
668 5.99954216722926 3.0989166271662
669 6.24362916778545 3.0238146091802
670 6.05209741573458 3.22608548914138
671 6.00429739828547 3.03941078064244
672 6.24598966776009 3.0890719234246
673 6.03495243196175 2.11714722270143
674 6.29552409977041 2.41807107647562
675 6.02258768344961 3.01807774127888
676 6.25714558341205 3.40801348091937
677 6.24382726803822 3.02787034668715
678 5.8162419947622 2.80981457733623
679 5.65992071707916 2.60997882520012
680 6.31886109563109 3.01807791781483
681 6.37308749210076 2.78554503962316
682 6.12699568638928 3.01807790846444
683 6.33826597751455 3.16174171060084
684 6.24224438571051 2.99505426568401
685 6.16008404002388 3.47996120668961
686 6.29749866489028 3.37140086762335
687 6.1535947550088 3.07306702646284
688 6.01930872711735 3.17681389774102
689 6.12542021655409 3.01807774646416
690 6.28935998685823 2.92952417440967
691 6.45659727689695 3.02155308193435
692 6.2547142359738 3.22956629586033
693 6.30789602592457 3.01807761343385
694 6.41454718121171 2.90766152317172
695 6.81212088235806 4.15454545135485
696 6.88130261372193 3.01807786885174
697 6.07457989260302 3.17399607040415
698 6.15171854740362 3.26644831977686
699 6.12885850734162 2.74291501316517
700 6.24334949236276 3.01807769571736
701 5.61472749344962 3.17399581477901
702 6.22245529111891 3.01807770061597
703 5.87982285099097 2.16791102447991
704 6.53568951508504 2.84657161301281
705 6.1436628175192 3.41684110046945
706 6.23990103494035 2.92833285692548
707 6.25892517302774 3.46144553318037
708 6.24334949236276 3.01807769571736
709 5.95516121332101 2.99365254463163
710 6.18838428817936 2.50205793417401
711 6.23746064222846 2.87486475189128
712 6.24057891961333 3.01807780881452
713 6.23043903789265 3.01807783288772
714 5.44774359197155 2.81463153767711
715 6.24334949236276 3.01807769571736
716 6.25589107715522 3.37073733104156
717 6.63628631921502 3.04281483420347
718 6.24855242164701 2.77383566109716
719 5.83249566163617 3.00861376307893
720 6.45523473761264 2.91229930169995
721 6.28397676393738 4.26582859704764
722 6.21952177962043 2.78993658957648
723 6.38763547526501 2.75987681163938
724 5.59988495288909 3.09848595321056
725 6.88002928237934 2.91387076736175
726 6.53335850268259 2.79332553768682
727 6.53059958189454 3.20833179062039
728 6.09386695066984 2.81579546000063
729 6.05522097158706 3.01807770447132
730 6.26164233677028 2.8322093814768
731 6.71121249359949 3.56323307279458
732 5.86120208844213 3.50611324419012
733 6.37365050965057 3.01807768395442
734 6.23917655160521 2.91003834754009
735 6.26155772328505 3.22483755801919
736 6.35020062071953 2.89665971056107
737 6.25021815283206 3.13605760671718
738 6.12678426558241 2.67653523190273
739 6.24673951855187 3.10955298745319
740 6.35212330156188 3.01807786609116
741 6.24334949236276 3.01807769571736
742 6.25498599428503 3.23410436393057
743 6.06589749294048 3.50288011988738
744 6.21049816805805 2.72478297408454
745 6.82132556923475 3.14008031043638
746 6.30315542495204 3.02553056727308
747 6.55325465720521 3.01807783642046
748 6.33156301917014 3.42535896256607
749 6.1523629659629 2.79879473946686
750 6.14880539077363 3.83140165046462
751 5.84612656909481 3.01807762326545
752 6.08280429158661 2.92241352798938
753 6.23850263483633 2.89318471863257
754 6.2217790241713 2.78178422679511
755 6.07790222492939 2.96339921806013
756 6.61596616284943 2.82105733662371
757 6.29688797073857 3.0180778374498
758 6.12739118754094 3.53454931662359
759 5.69470292984376 3.11044913751865
760 6.23419443479462 2.79752670741725
761 5.9687294183228 3.01807790016773
762 6.0160408779596 3.01807794298537
763 6.48009512778836 3.01807794455275
764 6.28720132568272 3.69042606284261
765 6.23495189022956 2.8119231033149
766 6.09667628879826 3.09575626423118
767 6.24859953541352 3.1609849780273
768 6.23671292240173 2.85478001786006
769 6.38755668354947 3.09890670878754
770 6.24334949236276 3.01807769571736
771 6.2440986803314 3.03343477252108
772 6.21822587831608 2.88070705558035
773 6.46581396467456 3.5667618996294
774 6.36783692762882 3.06562646167983
775 7.80319069184568 2.9434265228784
776 6.50442980665157 3.01349185208395
777 6.24334949236276 3.01807769571736
778 6.31898137727788 3.19644475195846
779 6.24334949236276 3.01807769571736
780 6.24334949236276 3.01807769571736
781 5.52484276843727 3.0296722474025
782 5.77244469739168 2.60997862848189
783 6.17122199914188 3.01807789250715
784 6.51244448559688 2.98503681082811
785 5.75770653900724 2.96784019700642
786 5.76089385842429 2.99140650461208
787 6.34080200526566 2.89318474861328
788 6.25892517302774 3.46144553318037
789 6.4384922778627 3.01807783321619
790 6.42189859593516 3.01807793828954
791 6.50099033422834 3.21174302037005
792 6.4899136366244 3.47778363873198
793 6.06071658860291 3.01807794327442
794 6.24334949236276 3.01807769571736
795 5.91680242119671 3.0180777958651
796 6.23669872523705 3.80500184881577
797 6.28083936217398 4.16101412808419
798 6.37994993438665 3.17046493106689
799 6.36726422444186 3.11339195487709
800 6.19386028167055 3.16098507349128
801 6.24334949236276 3.01807769571736
802 5.83539862445606 3.09352484758104
803 5.57485023400103 3.48052145590297
804 6.50535201986365 5.02597329529807
805 6.23965245974843 2.94004378371436
806 5.61354499535021 3.02063135449943
807 6.34093587751339 3.07033193507164
808 6.24651215139854 3.1032812112242
809 6.09081765560297 3.01807799069954
810 6.06568286538947 3.02520955473757
811 6.24334949236276 3.01807769571736
812 6.17708931744798 2.93449599173875
813 6.24328234471344 3.03252918472352
814 6.29291845176579 3.42599314239063
815 6.08433742590504 2.99689597273764
816 6.00540896742107 3.07129870721992
817 6.09148250156115 3.09116190569822
818 6.05985282453054 3.01807775064543
819 6.37360135669395 2.9903568217439
820 6.13396826705967 2.96176968086927
821 6.16969493855926 2.88805789949884
822 6.3268553118845 2.98847469444263
823 6.21963610683809 2.86476757924545
824 6.01410200733204 3.07504870552808
825 6.24770467610745 3.07166422137734
826 6.21194361138477 2.70242894404935
827 6.45127695573961 3.13247193909265
828 5.80872219859868 3.02527026438058
829 6.550401228571 2.94856642273438
830 5.98997327671099 2.38253012119199
831 6.25979148728114 3.48768754563803
832 6.23455933209063 3.19022074136802
833 5.9102466003597 2.8081350990414
834 6.23349650427487 3.01807771895077
835 5.93922864982959 2.76189202298086
836 5.85586011854976 2.69549646529723
837 6.24770090643808 3.10422812834853
838 6.37394008895381 2.77743083076709
839 6.24268323858403 3.07567831219925
840 6.24334949236276 3.01807769571736
841 6.22193246255379 2.92194072062076
842 6.24334949236276 3.01807769571736
843 6.4774438928957 2.73192962590511
844 6.11577529302263 3.03525632378668
845 6.27122281782537 3.84593095560031
846 5.65959279086413 3.02927552728082
847 6.1312339942016 2.58315321107796
848 6.24334949236276 3.01807769571736
849 5.55074572375923 3.06214643127781
850 6.21536926379837 2.85584047161609
851 6.72867618497497 3.47721480453007
852 6.038290197867 3.71133576008325
853 6.23839329015367 2.91619551316814
854 6.26189604372313 3.60522817510776
855 5.77680304289878 3.0180778069314
856 6.24334949236276 3.01807769571736
857 6.18338456883672 3.01807774949118
858 5.19737387971571 2.81328991624014
859 6.34601846520057 2.76390733189656
860 6.52825026236653 3.74771213370347
861 6.24334949236276 3.01807769571736
862 6.19515428677294 3.01807785535089
863 6.09189656790272 3.0180778085925
864 6.24334949236276 3.01807769571736
865 6.24816196596836 3.11615452395473
866 6.24334949236276 3.01807769571736
867 6.27187989376677 3.29544477802981
868 5.71899641127577 2.79879477478866
869 6.4272229106312 3.55375593378401
870 5.6702120738202 3.0180778551399
871 6.41715106613243 2.69767794295349
872 6.4387983378679 2.89243118380006
873 6.23650602068441 2.84535523582481
874 6.45642429973631 3.01807774277215
875 6.4063553752913 2.73485229574778
876 6.24334949236276 3.01807769571736
877 6.12831197619015 2.9658547189271
878 6.55283842021664 3.01807783235
879 6.34040986206317 2.70374380192907
880 6.56583438374123 3.48052157474994
881 6.13922293115219 3.23947897928105
882 5.99638650931058 3.0180778945246
883 6.23724002896688 2.89964285501006
884 6.17737235519726 2.6122910543897
885 5.92027623956011 2.75818118193102
886 6.28599498014165 3.01807779777765
887 6.42694184938979 3.0180775973681
888 6.18670478543655 3.78127971106909
889 6.24334949236276 3.01807769571736
890 5.66792026681294 3.01807788451646
891 6.20255768040695 3.85853284547163
892 6.24446638002339 3.04085582727083
893 6.54998025031441 3.16098493435096
894 6.14770054367771 3.10896536104887
895 6.24334949236276 3.01807769571736
896 6.25624900435106 3.27200271818704
897 6.22258457512036 2.70935916643582
898 6.25882845799053 3.45850708071179
899 6.26792111127199 3.74037377615679
900 6.31609984442668 3.01807787263186
901 6.12397374936334 3.04417193106867
902 6.44919565177587 3.26617344766355
903 6.15767917092526 3.86250951221237
904 6.52472782918978 3.08427345931094
905 6.24507185604176 3.053041779205
906 5.96505938495843 3.01807774090617
907 6.07045730806024 3.01807773463606
908 6.23424156650559 2.8112462894964
909 6.22304797467488 2.66426807028216
910 6.24334949236276 3.01807769571736
911 6.25836575561718 3.44460132470647
912 6.24334949236276 3.01807769571736
913 5.98470696206437 2.85584056202544
914 5.62106367775442 3.01807780174299
915 6.35374755064574 3.07306684170987
916 5.96480134608625 3.38251386746818
917 6.19299718685992 3.36352982087572
918 6.24334949236276 3.01807769571736
919 6.07180094242124 2.77129479149833
920 6.45192919415189 3.35761172955504
921 5.73631543604742 2.89318458221041
922 6.46267472355138 2.91003017345352
923 6.33522357242278 3.46641974940654
924 6.44691756427401 3.01807753231347
925 6.24334949236276 3.01807769571736
926 5.7979759907131 3.01807748361471
927 6.35990182697775 3.04595416411814
928 5.71804421569595 2.16959925700312
929 5.95656948900989 3.0180777377791
930 6.29001468876597 3.01807793248169
931 6.23162153126018 2.85207338154431
932 6.78036680118909 3.01807782652189
933 6.23214717190551 2.85584057935799
934 6.49235906865154 2.91127356409858
935 6.04127037356124 2.74651164585882
936 6.11130672190521 3.08632907906468
937 6.18658449415428 3.28267307000384
938 6.19212154026758 3.01721758273767
939 6.14478638446195 3.24187252566946
940 6.7272323092504 3.6124428010459
941 5.71872782321413 3.01807791003219
942 6.07579414491457 4.36217695677163
943 6.09451912137625 2.88840708191838
944 6.02258768344961 3.01807774127888
945 6.27684316959962 2.88985976255044
946 5.94168447578143 2.7253358720747
947 6.23099261820688 2.95036909166722
948 6.26082244017241 3.51909028349639
949 5.27349415056429 3.01534015793659
950 6.24034615680625 4.19443859670869
951 6.32044324459138 2.77612611262976
952 6.349351776387 2.63762888488144
953 6.24658492941885 3.14879128744138
954 6.39060841225158 3.01807784769517
955 6.48502125392683 3.01807786100252
956 6.28466842254656 3.33372614703229
957 6.20705517454976 3.01807779789711
958 6.05855434159987 2.53442301848994
959 6.24334949236276 3.01807769571736
960 6.17457100412105 3.25401265682197
961 6.70521658421382 3.018077782799
962 6.38110856611815 3.01807783990542
963 6.45488435269847 3.01807785571027
964 6.09409062809285 3.01807786474604
965 6.10559475370537 3.01807789297679
966 6.25773268585467 3.46036101491154
967 5.95139077238374 3.01807784377853
968 6.42966624453177 3.01807772332294
969 6.24332967218136 3.0175323446483
970 6.17686308821957 2.92163490364993
971 6.07457982979252 3.103588324479
972 6.34498690322926 3.48052159158146
973 6.27886746421916 3.3796632250438
974 6.43105790853133 2.92356006432185
975 6.34648865396938 3.0597233693961
976 5.94564732869042 3.01807777237414
977 6.24436174757363 3.46144567996339
978 5.61279287629317 3.30560663631504
979 5.3912479860215 3.21681577441656
980 6.23495189022956 2.8119231033149
981 5.95859996788672 3.01807798832868
982 6.03570837791203 3.01807790059603
983 6.09385317392732 2.59373147483332
984 6.22973220015143 2.28639584592258
985 6.2292954976426 2.72931493073221
986 6.24334949236276 3.01807769571736
987 6.24334949236276 3.01807769571736
988 6.28885781294369 3.50525840456736
989 6.28035827993723 3.46014797327309
990 6.28779452703416 2.99505051134471
991 6.45674595424168 2.08390739076629
992 6.04673221535883 2.83530869748344
993 6.02956098407442 3.28111017124942
994 6.44527976115363 3.00840758838666
995 6.35585283731637 3.01807769746204
996 6.22318132401924 2.97096967806168
997 6.49383223297456 3.02871853174502
998 6.24334949236276 3.01807769571736
999 6.30768687480766 4.97392410268555
