0 12.7204479478985 2.17254506589734
1 13.0812259552851 2.12622893127731
2 17.9719514162045 2.2933434774498
3 15.1823063010713 2.2933435315406
4 15.3757001833401 2.13720910339848
5 16.1606304462637 2.23531401717199
6 14.5015818458345 2.26890756818459
7 13.9470962747531 2.29334360162698
8 16.8522254288863 2.20323652410151
9 16.0388899776107 2.27296503753279
10 15.9210138737962 2.33976760028243
11 16.8181056466138 2.2933435051733
12 16.5907020100213 2.23270654724474
13 14.5038707025266 2.29334362860474
14 14.8945190257332 2.14727916066934
15 15.0875682637725 2.2032365887774
16 15.0195837305669 2.39114075420327
17 17.114247391682 2.38298727442349
18 15.9057053771317 2.39114072482503
19 15.8686224937744 2.308946253228
20 15.6503799424073 2.36403078102101
21 15.9129486611829 2.48073267683404
22 16.3162652078259 2.38729578528382
23 16.5792489371394 2.29334360543096
24 15.8938735714151 2.26053938952644
25 15.8849539422707 2.16416102818172
26 17.0048163078583 2.46271114842831
27 15.7419371833352 2.26519111859741
28 13.7365394066553 2.29334365678489
29 15.6082966835321 2.29334376175366
30 15.2631680373754 2.29334372186406
31 17.2297709205739 2.33363484464298
32 14.8741839249975 2.30111359462822
33 15.3439716505516 2.29334362907801
34 15.0346846552982 2.29334367639854
35 16.1739460896363 2.38893786843904
36 13.891087939535 2.2933434327589
37 15.9058096512055 2.39238644011844
38 15.3439716505516 2.29334362907801
39 15.941821717899 2.89043622014953
40 16.971095184603 2.30151039042438
41 19.0387876611407 2.33501429868985
42 16.3196029912689 2.17144920983183
43 15.9026603856825 2.34411761755453
44 15.8972941625474 2.29334369957873
45 12.5892696069252 2.29334364979776
46 15.9047899339173 2.38018609933041
47 15.8972941625474 2.29334369957873
48 16.8159617517675 2.29180400166955
49 15.8867859482012 2.19135344343756
50 15.8933970428704 2.25590654009408
51 15.9057053771317 2.39114072482503
52 17.3660180661889 2.29334378824425
53 15.3439716505516 2.29334362907801
54 10.4042714795753 2.21126819774039
55 15.6871607780873 2.29334365139928
56 15.893794527299 2.25977384810649
57 15.3439716505516 2.29334362907801
58 15.332200456064 2.17254518430821
59 15.7287421786837 2.39114075590592
60 15.8973779842548 2.29413210919407
61 15.6977992810407 2.42026697186463
62 15.3490681523163 2.34411758613841
63 15.8704572248819 2.29334352570393
64 14.5038707025266 2.29334362860474
65 13.8958779133531 2.3911407812592
66 15.4437289650776 2.29334353384344
67 16.0504751538596 2.24825778706393
68 15.8760289429831 2.08365984007508
69 15.9010570889538 2.34354170619831
70 15.9402923400119 2.86657248492993
71 15.8972941625474 2.29334369957873
72 16.831248794387 2.29334367795356
73 14.7692062836208 2.24282360422685
74 13.8168398821805 2.29334373905015
75 15.7434993752024 2.23270666864978
76 15.8972941625474 2.29334369957873
77 16.8181056466138 2.2933435051733
78 15.8972941625474 2.29334369957873
79 15.8960305262138 2.28124057667503
80 16.5958003427469 2.29334360648058
81 15.8972941625474 2.29334369957873
82 15.8972941625474 2.29334369957873
83 15.3439716505516 2.29334362907801
84 16.0840248345649 2.29334370782922
85 13.1262673599852 2.44365264319877
86 15.3495562213223 2.36121933132805
87 16.9067064341232 2.23778803825731
88 16.2170850359157 2.29334368946722
89 15.8821014600517 2.57354717961633
90 15.6791712271866 2.06646954047674
91 15.8939461099025 2.26119053918819
92 15.3727512300212 2.29334371704043
93 16.8181056466138 2.2933435051733
94 16.4365010254587 2.28628182557489
95 15.7049831958538 2.53102994441661
96 15.4319163796044 3.41350959206335
97 16.4456865177614 2.38729581218119
98 15.1970242250094 2.33998465591112
99 15.9503216878242 2.49542435113118
100 15.8972941625474 2.29334369957873
101 12.10071175737 2.28340679902426
102 15.9034048083959 2.35111695021271
103 15.7276907265522 2.29334351796774
104 15.9041918266639 2.37305483821782
105 14.5038707025266 2.29334362860474
106 16.0617463244997 2.17254514681534
107 15.9053868235654 2.38729580625921
108 14.5038707025266 2.29334362860474
109 15.8933468132491 2.25540128282194
110 13.9048913886966 2.47544311831128
111 14.0496830558752 2.35617179689235
112 15.9022275294542 2.34006908597472
113 15.8979226649972 2.29117403919179
114 14.9151818523332 2.38018598953819
115 13.6188550907577 2.39114058819952
116 13.8470284608168 2.29334370917128
117 13.6188550907577 2.39114058819952
118 14.061096917247 2.1725450997171
119 15.9074864160371 2.41182501163522
120 15.8447470784538 2.42429864754844
121 15.3370740994229 2.22316593002143
122 14.9041022681893 2.20044389048943
123 16.6922535341945 2.12255421288864
124 16.5651357447946 2.29334361938368
125 15.0923855667325 2.27353952555259
126 16.8544459272413 2.29334362905082
127 15.7679407503486 2.25590672191047
128 14.2965844269021 2.29334376284166
129 15.9209015157332 2.5659097299725
130 15.8890047201474 2.20323651398484
131 16.0183672853281 2.29334368516201
132 14.5038707025266 2.29334362860474
133 15.1431002178383 2.39114061604554
134 15.04087598504 2.29334357132656
135 15.7557451377501 2.28546916918062
136 15.3439716505516 2.29334362907801
137 16.2131528979235 2.29334360549915
138 15.8981843371062 2.30184774780972
139 15.3265396746026 2.1127532861317
140 13.8903337049019 2.37212528951741
141 16.0668834053755 2.34377310746455
142 13.0199591676606 2.26119032976441
143 16.4372696837377 2.29334370165033
144 15.9057053771317 2.39114072482503
145 15.3033195452793 2.29413210637211
146 16.1980121335589 2.29334368373312
147 15.8933970428704 2.25590654009408
148 15.9057053771317 2.39114072482503
149 12.6981461662729 2.29334374155866
150 16.3112063374343 2.37941271879289
151 15.8972941625474 2.29334369957873
152 15.3427322558596 2.27955271260461
153 14.5086886178637 2.34411746005017
154 16.5154273254113 2.39114074478245
155 15.9440568505387 2.41723620184807
156 15.9009455466625 2.33499273367383
157 16.8181056466138 2.2933435051733
158 15.8972941625474 2.29334369957873
159 15.8944680841954 2.26623942224968
160 15.8981085837639 2.30111355466488
161 15.9053868235654 2.38729580625921
162 15.9008369221809 2.33379016195713
163 16.6548208056171 2.29334375658173
164 15.1260478647954 2.29334351652514
165 14.647095526882 2.21463485050744
166 16.1078126531131 2.29334371228706
167 15.8925344911013 2.24754826095589
168 14.7290653967643 2.27989748412965
169 15.8972941625474 2.29334369957873
170 17.1509779312893 2.2933438170024
171 15.3439716505516 2.29334362907801
172 16.430565832102 2.21663040105077
173 15.6091726086042 2.28532271886748
174 15.6871607780873 2.29334365139928
175 16.7548820957766 1.82181097060423
176 16.3780313645445 2.23270666954384
177 16.324753439139 2.22082609326097
178 15.4407211399056 2.29334372630953
179 15.3439716505516 2.29334362907801
180 14.4205291489151 2.29334354172121
181 16.4848562690549 2.29334356668826
182 14.5038707025266 2.29334362860474
183 9.78753534466282 2.29334375871448
184 15.4462826301476 2.29334351380897
185 15.0361542728167 2.33069031762069
186 16.7451865369984 2.29334366810555
187 17.6315813237659 2.29334347655262
188 15.8366802642553 2.29334356376492
189 15.7257294433173 2.34411740471449
190 16.8094388700322 2.20424604362194
191 14.5038707025266 2.29334362860474
192 15.8972941625474 2.29334369957873
193 16.7145302393956 2.21835106745663
194 17.3642710913424 2.27778520809987
195 16.8181056466138 2.2933435051733
196 15.8837324890447 2.3794127728139
197 15.7204253221462 2.29334366000802
198 15.6758891737653 2.29334366727765
199 16.682803035615 2.29334359949128
200 16.8155562107603 2.27023928631176
201 17.01643733062 2.29334372179325
202 17.0364938672301 2.29334367107874
203 15.657327374707 2.2078546392601
204 15.8972941625474 2.29334369957873
205 14.5038707025266 2.29334362860474
206 15.8972941625474 2.29334369957873
207 15.8972941625474 2.29334369957873
208 16.9010350421157 2.29334338085228
209 10.7188882916201 2.29334373677006
210 16.6439516808341 2.25807487175185
211 15.6871607780873 2.29334365139928
212 17.0936375233146 2.29334359929466
213 16.8237790176827 2.35492567352077
214 15.9053868235654 2.38729580625921
215 16.6196836140902 2.33294117947325
216 13.8841563624524 2.21463468583276
217 15.8972941625474 2.29334369957873
218 17.3642891963958 2.27794079109145
219 14.4297769469154 2.2933437013577
220 14.5562208217508 2.22940468670628
221 16.8181056466138 2.2933435051733
222 14.5071620815772 2.32811893885095
223 13.6157764656159 2.36007399840664
224 15.9916526494776 2.3092159021632
225 15.3439716505516 2.29334362907801
226 15.3439716505516 2.29334362907801
227 15.8972941625474 2.29334369957873
228 16.8181056466138 2.2933435051733
229 16.5133237951367 2.34057054604769
230 15.8967171073199 2.28685692296071
231 14.9273351099085 2.36320089952902
232 14.8980335773502 2.23270652080972
233 15.8848848226339 2.17254512639218
234 15.5674487111593 2.29334366756779
235 15.7118499615096 2.2933436120818
236 12.1135420951976 2.21126796290314
237 16.4456865177614 2.38729581218119
238 13.3184685847024 2.29334348746502
239 16.4456865177614 2.38729581218119
240 14.5220288401977 2.55606388065277
241 14.0718259529001 2.29334370457672
242 16.3277476987511 2.24920546987626
243 13.8792466324773 2.06646984122243
244 15.9165519528385 2.52721483598855
245 15.8972941625474 2.29334369957873
246 15.899984252068 2.32388808331805
247 15.8972941625474 2.29334369957873
248 12.3464380293355 2.29334374595898
249 13.972511646286 2.29334368027074
250 15.7239539503928 2.26950094710274
251 17.2660590106779 2.49542468428767
252 14.5038707025266 2.29334362860474
253 14.5038707025266 2.29334362860474
254 15.6861944595947 2.2513018864496
255 15.0735932510986 2.29334368184404
256 16.3980904806207 2.34411751377258
257 16.1688056109523 2.32378138308308
258 11.4584268988599 2.29334365076694
259 12.60849517892 2.61087812473208
260 15.1299434878804 2.29334369793673
261 16.0160695561066 2.29334347002403
262 16.8181056466138 2.2933435051733
263 15.9041035309659 2.36295033835713
264 14.2831638624625 2.27774939620217
265 15.9058096512055 2.39238644011844
266 14.9074993594115 2.2394941567556
267 16.7314808399179 2.29334360474679
268 15.6250806267236 2.41156824176975
269 15.6029001447686 2.16987846178063
270 15.9483568864608 2.31756696447898
271 15.7891913324767 2.23427571746675
272 14.5038707025266 2.29334362860474
273 15.8972941625474 2.29334369957873
274 14.5134159948219 2.4104680385637
275 14.0569723180168 2.44408006327152
276 14.0494465444579 2.29334372959592
277 16.8249267127088 2.35427965322521
278 15.9057053771317 2.39114072482503
279 17.4176460490016 2.29334378670475
280 15.8733890304538 2.34411754157986
281 15.8802717190852 2.21156140545073
282 15.8786536684866 2.29284134892242
283 14.8868996391181 2.29334337814283
284 11.4584268988599 2.29334365076694
285 13.9604315525589 2.29334359857806
286 15.7131955589995 2.29334356161185
287 17.9511827433329 2.29334379932911
288 16.5958003427469 2.29334360648058
289 13.3184685847024 2.29334348746502
290 17.8604865392913 2.24920577321304
291 15.7687850140093 2.60360244086469
292 15.8972941625474 2.29334369957873
293 15.8972941625474 2.29334369957873
294 16.2587807880548 2.24747834261659
295 15.894564421038 2.26299302815732
296 13.6035741876816 2.31773180876513
297 15.8972941625474 2.29334369957873
298 15.7204253221462 2.29334366000802
299 16.51588216946 2.29334368197392
300 15.900187055152 2.32622907033893
301 17.2280412648561 2.54494777902515
302 10.4677315973724 2.16109315247749
303 16.8081099370521 2.20182870418698
304 16.3130197922951 2.28769263909682
305 14.2027222030291 2.29334364279017
306 15.8972941625474 2.29334369957873
307 15.8837728107677 2.29334366255065
308 15.8819776754243 2.14359139608185
309 16.80989535883 2.20882102559621
310 16.2085869277491 2.25357323352107
311 14.5044560712797 2.30045878762357
312 15.915405758243 2.53103000138516
313 15.8911136438656 2.22557548098738
314 15.7204253221462 2.29334366000802
315 15.8927056146356 2.24920566177056
316 15.887720127122 2.18983311369125
317 15.6843009544515 2.35289378816243
318 16.8270034733943 2.39114048343394
319 15.6504950890042 2.37941257453615
320 13.4961026953514 2.2876241426895
321 15.8998155662134 2.31282270278949
322 16.643737044554 2.29334377695417
323 16.3000624477144 2.29334362030246
324 14.5105892454973 2.38029318912726
325 15.8890047201474 2.20323651398484
326 15.8972941625474 2.29334369957873
327 14.9082405049928 2.29334365567975
328 14.3344410309801 2.2933433995116
329 15.1351711996542 2.29334365797765
330 15.9130949414461 2.48349176359663
331 15.8972941625474 2.29334369957873
332 15.8972941625474 2.29334369957873
333 16.7879416030532 2.30230434327416
334 14.0449746893291 2.29334362014142
335 15.6907715137488 2.29334362113663
336 13.8012145389616 2.39114064626388
337 15.3439716505516 2.29334362907801
338 16.6976535482372 2.38729599303874
339 14.4225615791246 2.34512058975353
340 14.4651234174258 2.29334369975463
341 15.9154709470059 2.50643574601608
342 15.8950531166922 2.27186231935116
343 16.3407727417128 2.29334336388496
344 16.3224516490181 2.29334366589794
345 15.751042125141 2.2933437791847
346 15.8908157306134 2.21833580772078
347 14.6181782409415 2.29334372843841
348 15.8578646408624 2.31449685780865
349 13.9641478077362 2.25376361782391
350 15.8600563779749 2.0720943039696
351 16.6963352014987 2.29334384992208
352 15.8726248653497 2.23468689437557
353 14.0205204769846 2.26929348078925
354 15.3439716505516 2.29334362907801
355 14.4810427221445 2.23949406240326
356 15.894609142083 2.26352993402969
357 15.8972941625474 2.29334369957873
358 15.9017247652549 2.35210700144813
359 12.1562782089276 2.21010998018577
360 15.9570591677673 2.29334389642758
361 15.8972941625474 2.29334369957873
362 15.5833712261026 2.2933436231478
363 15.4942233571398 2.29334351014223
364 15.955606208668 3.11764818008627
365 22.4010371481522 2.29334391706806
366 16.3277476987511 2.24920546987626
367 15.8680362430011 2.29334373283842
368 15.9929019076908 2.29334360396442
369 15.5577805188809 2.16740166162887
370 16.8181056466138 2.2933435051733
371 13.1122213148767 2.29334368986347
372 16.2499265859831 2.18018457474794
373 14.5038707025266 2.29334362860474
374 13.9572866383947 2.22940498317099
375 14.502203352415 2.27261601082299
376 15.3379471431305 2.23212690060097
377 14.9041022681893 2.20044389048943
378 15.9277050968571 2.12921539608894
379 14.5064603636614 2.32622911324077
380 15.8966214272373 2.28690870027055
381 15.8972941625474 2.29334369957873
382 14.4003183380323 2.29334357936699
383 12.7965130432006 2.43624812082909
384 15.909620456026 2.66022739377614
385 16.5876850474739 2.38729581243645
386 15.722126881277 2.32558564523343
387 15.7243787932528 2.26119048728425
388 15.8972941625474 2.29334369957873
389 15.3429908616113 2.28347499050179
390 16.4855756089074 2.29334368197786
391 14.0764610554929 2.29334378503443
392 15.7162816465856 2.23978617674049
393 14.5018572858872 2.27186225208107
394 15.8972941625474 2.29334369957873
395 16.8181056466138 2.2933435051733
396 15.9135782065939 2.2599269699603
397 15.7192238367964 2.2004438575878
398 14.9008993395067 2.29334367246903
399 15.3764773808723 2.29334352326054
400 16.1679935924293 2.31624936721396
401 16.7710987027003 2.27186227339963
402 16.8221185276908 2.32931740181856
403 16.1216274010347 2.37941271803153
404 15.9111928648629 2.44407990583731
405 15.7257294433173 2.34411740471449
406 15.7215898945951 2.304550652037
407 15.9228228624404 2.59825750371569
408 15.3439716505516 2.29334362907801
409 14.8814616060463 2.43566813235353
410 15.6883480080377 2.30698318822603
411 16.1513422867503 2.29334372001071
412 13.8887129855495 2.29334370740404
413 14.5172154020871 2.47110959256139
414 18.0441006986271 2.29334376272147
415 15.9090254336744 2.29334368611949
416 15.8962487704688 2.52550826481779
417 15.3439716505516 2.29334362907801
418 15.3439716505516 2.29334362907801
419 16.1435300214909 2.29334356264081
420 14.0217856439175 2.59300690648806
421 15.6419806501258 2.29334346407382
422 14.4989359982251 2.2327496848349
423 16.8181056466138 2.2933435051733
424 15.8972889521146 2.29327923237544
425 14.2330589555228 2.18018455353947
426 14.5038707025266 2.29334362860474
427 15.8972941625474 2.29334369957873
428 15.9088209258018 2.44647875486038
429 15.8812565160616 2.29334353923383
430 18.441055166502 2.13800240850019
431 17.0688430541525 2.29334361800954
432 13.3200061106948 2.59300680056314
433 15.8972941625474 2.29334369957873
434 14.7321926047227 2.2750072379352
435 15.8764008651699 2.27125356470265
436 15.3439716505516 2.29334362907801
437 15.9052093030328 2.3863019343196
438 15.7350450292971 2.28351419149967
439 15.8972941625474 2.29334369957873
440 15.9710384006911 2.58214867585039
441 14.5804367693412 2.291754135619
442 17.214771153278 2.35491323213519
443 16.1496936577262 2.32395257349727
444 10.5211327750336 1.88614043032718
445 14.5047143603552 2.30230439779239
446 19.034415576335 2.29334371777855
447 12.3575770552946 2.39114067204817
448 17.239437267614 2.29334382047047
449 16.2697279227602 2.40828152149625
450 15.9047246227042 2.37941262667341
451 15.675707450415 2.18111220729453
452 14.061096917247 2.1725450997171
453 17.3392209063094 2.3093553870727
454 15.8972941625474 2.29334369957873
455 16.1037263991478 2.29334369121445
456 14.8042254978783 2.29334370274768
457 16.331558185905 2.34411748994732
458 16.5792489371394 2.29334360543096
459 14.5038707025266 2.29334362860474
460 15.8972941625474 2.29334369957873
461 16.0944330321682 2.28008108694414
462 16.8181056466138 2.2933435051733
463 15.3423028243791 2.27373298698734
464 15.7204253221462 2.29334366000802
465 16.7709488563751 2.33056805895151
466 14.8868996391181 2.29334337814283
467 13.9264853171966 2.39114076521002
468 14.5038707025266 2.29334362860474
469 15.3439716505516 2.29334362907801
470 15.8848848226339 2.17254512639218
471 16.6813634933251 2.29334358237387
472 16.1132435892643 2.29334385151666
473 15.3439716505516 2.29334362907801
474 15.6910208399276 2.23270684468086
475 15.2624475793222 2.2933437201665
476 15.8819776754243 2.14359139608185
477 16.393629065539 2.19391788883065
478 16.8458623823813 2.62088763802968
479 16.8181056466138 2.2933435051733
480 15.8856557387567 2.18018452593739
481 16.111941496212 2.38729587067766
482 15.8213240215122 2.29334382420169
483 15.4334583645286 2.37941289301923
484 15.4086264129325 2.29334370779118
485 15.7378933195728 2.29334374293106
486 15.3439716505516 2.29334362907801
487 16.5216375220063 2.43268259900016
488 15.9433894419593 2.42585195924138
489 16.8270034733943 2.39114048343394
490 15.8390413982231 2.32023620780503
491 15.9203724960443 2.60313035951141
492 16.2606957624263 2.14359131414782
493 14.9500117686482 2.29334364519706
494 15.4176129796024 2.29334370570241
495 15.841786747228 2.29334357649449
496 15.9012137289094 2.33808596607775
497 15.6793456624254 2.3872957199366
498 14.9046256295634 2.25590639412008
499 15.9186349896466 2.25314521142751
500 15.7220557158775 2.30904627808909
501 15.2762234813115 2.32511720245529
502 15.8972941625474 2.29334369957873
503 14.7021467736877 2.29334373770113
504 17.2860633633776 2.29334358385895
505 11.2091497073826 2.20423992802499
506 13.8911112781092 2.29334366924813
507 16.5056249882318 2.2559062618592
508 16.94132872406 2.29334341015914
509 15.8972941625474 2.29334369957873
510 15.8173057956923 2.29334374710343
511 14.9182270700041 2.35918539062348
512 15.8927056146356 2.24920566177056
513 17.2435444185772 2.30058794305359
514 15.8972941625474 2.29334369957873
515 15.5498331649613 2.38736010987218
516 16.3277476987511 2.24920546987626
517 14.9160635163399 2.34321952590262
518 16.8274685675423 2.39644619168098
519 15.8928632415201 2.25073228576627
520 15.8972941625474 2.29334369957873
521 16.5958003427469 2.29334360648058
522 17.5765435605676 2.37941279137959
523 14.8103169919869 2.44035187962068
524 20.4124504116849 2.39114097262147
525 16.3250566309735 2.22372170552384
526 15.3644481690633 2.55808094768942
527 15.8927056146356 2.24920566177056
528 15.2205865808463 2.27357491018717
529 19.034415576335 2.29334371777855
530 16.8237813360788 2.34411746447038
531 16.084870078303 2.25825409362436
532 15.3114640734679 2.23949417104493
533 16.0134549408857 2.29334346585361
534 16.8181056466138 2.2933435051733
535 14.9008993395067 2.29334367246903
536 16.1758030738356 2.29334382489413
537 17.1994808583808 2.42585197595506
538 15.0253777222522 2.29334353079395
539 13.9278491694864 2.45393767984998
540 15.8972941625474 2.29334369957873
541 16.3193733922702 2.16926129302382
542 16.5806639161842 2.20599357678744
543 15.9011916892871 2.33035450991316
544 15.1668966638755 2.29334328083255
545 16.1455232006807 2.29334359690348
546 15.5372905655925 2.29334364298297
547 14.0718259529001 2.29334370457672
548 16.5517958108751 2.18137027361651
549 16.5039252830225 2.24012599880314
550 15.0792159005008 2.30268729475724
551 12.681850332147 2.29334365555621
552 15.9053868235654 2.38729580625921
553 14.9008993395067 2.29334367246903
554 17.5683320212315 2.29334357402393
555 14.5038707025266 2.29334362860474
556 16.3264374645353 2.23679407072848
557 16.3401208395112 2.28731043449463
558 15.3892304698773 2.32322197398244
559 16.1132435892643 2.29334385151666
560 15.3238027916436 2.07910580306761
561 16.6956573367238 2.30062545480723
562 12.704823204832 2.45010467998622
563 16.1140216035198 2.30067708165894
564 15.8972941625474 2.29334369957873
565 15.7257294433173 2.34411740471449
566 16.8181056466138 2.2933435051733
567 15.7372200049939 2.37918972597189
568 16.1037263991478 2.29334369121445
569 16.6475316826722 2.29334353151653
570 16.8235979731623 2.34248201255323
571 15.2199236930096 2.17254515708551
572 15.3439716505516 2.29334362907801
573 13.4183848036502 2.293343744307
574 15.8972941625474 2.29334369957873
575 15.519271884116 2.34249215118435
576 16.1146201089801 2.29334371799969
577 15.6448194050683 2.30990448838064
578 14.5103320376237 2.37681370635339
579 16.498287302536 2.1873041209151
580 14.2027222030291 2.29334364279017
581 13.6664724942378 2.33978397463648
582 16.8096459821 2.20635080422825
583 10.6993607872019 2.29334351637688
584 16.0790779378259 2.33815230469099
585 14.4859530445825 2.09373995318838
586 14.5038707025266 2.29334362860474
587 15.3396135054118 2.24920521108819
588 15.874742466864 2.06646984811571
589 16.1843337819614 2.2788450189892
590 16.2013349079917 2.23876369723192
591 16.4831536143343 2.29334358913095
592 15.5517110797394 2.29334353042346
593 18.0076152926451 2.29334386612582
594 14.0449746893291 2.29334362014142
595 16.7546055383981 2.48451303864561
596 14.0564795221914 2.45173482610332
597 16.2996926675894 2.29334362200508
598 16.824713844312 2.35242239754552
599 15.0735932510986 2.29334368184404
600 15.9023612952524 2.35146777503668
601 16.8181056466138 2.2933435051733
602 16.3324679631096 2.29334372555346
603 15.3510128060124 2.3794127964837
604 15.8928632415201 2.25073228576627
605 12.9080107607004 2.25257488769412
606 15.8992321922468 2.31529585209312
607 15.7276907265522 2.29334351796774
608 13.1178167456223 2.2049297249652
609 16.8266669597023 2.38729588202986
610 15.4529157331441 2.39114053249015
611 15.9528917924844 2.29334370270576
612 14.061096917247 2.1725450997171
613 15.3439716505516 2.29334362907801
614 12.0736400712532 2.29334376359899
615 15.8831738296594 2.14802208365254
616 16.8181056466138 2.2933435051733
617 15.8972941625474 2.29334369957873
618 16.8181056466138 2.2933435051733
619 16.1535860320162 2.28628186015664
620 15.8972941625474 2.29334369957873
621 14.9130487992842 2.34240995965394
622 16.2754732961393 2.29334368273946
623 16.3060300232827 2.41432454450528
624 16.0955145248763 2.205581701056
625 13.253500020092 2.29334362180053
626 15.0056927244399 2.07774317023547
627 15.6147411093579 2.34851044478961
628 16.8181056466138 2.2933435051733
629 17.1456202204151 2.29334360511895
630 15.6877529656762 2.30013134908453
631 16.1982761339871 2.29334367951073
632 15.724699305178 2.33431851612869
633 16.8181056466138 2.2933435051733
634 15.8984933153866 2.30476937101845
635 14.4935672832245 2.16987851229278
636 15.7479718332114 2.64335533947472
637 15.3439716505516 2.29334362907801
638 15.3341781589021 2.18188554615473
639 16.6569443129998 2.29334348191107
640 14.8751240197154 2.29334363248977
641 14.5038707025266 2.29334362860474
642 15.9047246227042 2.37941262667341
643 14.7021467736877 2.29334373770113
644 14.0447781776126 2.29076620573304
645 15.5320562051308 2.18137037097409
646 17.0009339436492 2.29334366610815
647 15.8857847013381 2.16987838257992
648 15.3703900970716 2.64335540021057
649 16.1968088940228 2.32342728399367
650 14.0449746893291 2.29334362014142
651 14.5074166751199 2.3307921051771
652 15.8848848226339 2.17254512639218
653 15.6981020135004 2.3730548118777
654 15.8927056146356 2.24920566177056
655 14.7075801308499 2.29334364252155
656 14.5038707025266 2.29334362860474
657 15.9765741634704 2.29334362845657
658 17.1069060291431 2.29334361386656
659 15.5684309040762 2.2323228545905
660 16.3572636955699 2.20323660663485
661 14.8730183481573 2.28671262397269
662 15.8986681635561 2.32310395281767
663 15.9047246227042 2.37941262667341
664 14.9209739860981 2.13918455654357
665 15.0284780956079 2.22940496480467
666 12.7204479478985 2.17254506589734
667 15.3439716505516 2.29334362907801
668 16.8414845071841 2.29334386785905
669 15.3439716505516 2.29334362907801
670 14.5038707025266 2.29334362860474
671 14.5038707025266 2.29334362860474
672 13.86777841656 2.21300064468666
673 15.6770695354311 2.17305818939778
674 14.670587075474 2.24711943032155
675 14.9500117686482 2.29334364519706
676 15.9675686395381 2.42101677980225
677 16.0121789596332 2.29659933056445
678 14.1843524871381 2.44715965406493
679 15.8967258203005 2.30185800809517
680 15.8317960505611 2.53103004720053
681 15.0123220096869 2.21263381725853
682 13.8966661889101 2.29334370668595
683 16.0551343312542 2.35612866702088
684 15.8964894413839 2.28567486763792
685 14.9939083957862 2.29334357358168
686 15.8845958728483 2.29334362392273
687 13.8956689806516 2.34411755291779
688 16.5792489371394 2.29334360543096
689 15.8972941625474 2.29334369957873
690 15.9827859892414 2.29334371971608
691 14.2723849871175 2.29334345899731
692 13.6214950920762 2.42097205034952
693 13.3184685847024 2.29334348746502
694 17.119646289041 2.32457050494713
695 19.1663510482798 2.74488976588495
696 16.9822124521321 2.29334355475334
697 15.8972941625474 2.29334369957873
698 15.516877464354 2.27465645401514
699 16.1792922854499 2.29334352254803
700 14.5038707025266 2.29334362860474
701 16.8181056466138 2.2933435051733
702 15.8030548672895 2.26580648946335
703 14.1486502758796 2.25010632056301
704 15.8913929716805 2.23646588077796
705 15.422001891102 2.53102999042323
706 15.3470970969864 2.33091184149197
707 15.7257294433173 2.34411740471449
708 14.9082405049928 2.29334365567975
709 14.0442381287486 2.28519558052557
710 15.9054730774441 2.39438706157782
711 13.2525668568358 2.28226474732492
712 15.1677831749824 2.29334371399366
713 16.6326733564895 2.29334372157742
714 15.3700422379044 2.22311979424965
715 15.8972941625474 2.29334369957873
716 16.3332822566246 2.30230054450655
717 15.8972941625474 2.29334369957873
718 16.3223092467968 2.18658970930985
719 16.2756383949885 2.31756699895864
720 17.3101132099231 2.29334365067657
721 15.9185135678481 2.55303321055372
722 15.3465763991129 2.32459660090621
723 16.5551934270762 2.18048952438198
724 11.6614849419002 2.29334381542487
725 15.404868237445 2.25590641992011
726 17.3660180661889 2.29334378824425
727 21.4887490207656 2.66313804295214
728 16.2505019524452 2.30769214647604
729 15.8972941625474 2.29334369957873
730 13.9365320997304 2.51260831165801
731 15.8980871683203 2.26220617225763
732 12.2461329955796 2.29334399570328
733 15.7204253221462 2.29334366000802
734 15.8972941625474 2.29334369957873
735 15.9494044094859 2.34111676694286
736 15.8972941625474 2.29334369957873
737 15.9047127417871 2.36331600937006
738 15.8857847013381 2.16987838257992
739 15.8972941625474 2.29334369957873
740 13.6573958885332 2.29334376373925
741 15.8965558959359 2.28628180207266
742 14.5073430228024 2.33002902122903
743 14.9110588855613 2.29334364371549
744 16.509700552757 2.29334351085008
745 16.8793539016712 2.3538279392869
746 15.9969547110915 2.2636930653914
747 14.5405994398957 2.29334388594235
748 16.0413321483718 2.51864422638902
749 15.766137881583 2.39114067432695
750 15.7186501447356 2.64876835977053
751 16.3277476987511 2.24920546987626
752 15.8972941625474 2.29334369957873
753 15.8972941625474 2.29334369957873
754 14.0522186599921 2.39114057769414
755 15.8887387852007 2.20044394299258
756 15.5650379430898 2.43541758934967
757 15.6879274622643 2.2394939787684
758 14.0832910852971 2.45477307008143
759 14.3472681912315 2.3441173871063
760 14.0449746893291 2.29334362014142
761 13.6607863606372 2.26119050483885
762 14.9013678115538 2.16987833074565
763 16.9896086819389 2.29334358505277
764 15.3519406684878 2.3911407625614
765 13.887768873067 2.25590650667221
766 15.7390903109003 2.32728176470675
767 15.3439204844923 2.29284119222939
768 15.8989677431994 2.31363823163613
769 15.8972941625474 2.29334369957873
770 16.8181056466138 2.2933435051733
771 15.902937945888 2.34674518637639
772 16.913150013737 2.36429060571451
773 16.8100199237717 2.29334366817752
774 15.3439716505516 2.29334362907801
775 13.1222240202552 2.178958318782
776 13.0102671337895 2.2913248099605
777 14.0718259529001 2.29334370457672
778 17.4190859254795 2.29334378797773
779 15.8972941625474 2.29334369957873
780 16.7743238315628 2.30111348947111
781 14.5038707025266 2.29334362860474
782 14.4600229959331 2.92153681803831
783 16.5228877922502 2.29334345751795
784 16.1875318966081 2.33838787782538
785 15.896071718375 2.28164999518717
786 16.8181056466138 2.2933435051733
787 15.6871607780873 2.29334365139928
788 15.8972941625474 2.29334369957873
789 16.0729886014652 2.29334365250928
790 16.6996602093896 2.29334353445195
791 15.3565182718142 2.43102439933459
792 15.3490681523163 2.34411758613841
793 15.6278583098432 2.23270652342482
794 15.8972941625474 2.29334369957873
795 15.9111928648629 2.44407990583731
796 14.87608375505 2.61854658385274
797 15.2774419452063 2.29334373097672
798 15.8924046095808 2.23949409629853
799 15.3510128060124 2.3794127964837
800 15.213556009625 2.25590637309224
801 14.5038707025266 2.29334362860474
802 14.1658246969173 2.20358857522892
803 15.9057053771317 2.39114072482503
804 19.0551940863184 2.50249167731411
805 14.0591104795203 2.49889603962058
806 11.738758852369 2.29334387430722
807 15.9063478966095 2.39463114421156
808 15.9005641094069 2.33056817494607
809 14.7074337604224 2.29334372563612
810 16.8418831435053 2.56978724428301
811 14.5038707025266 2.29334362860474
812 16.4412558753762 2.25680693850511
813 13.0298429243362 2.2934225393519
814 16.1033163361931 2.34141563953376
815 14.9557222339694 2.2933437266219
816 16.5792489371394 2.29334360543096
817 15.9045455201 2.38748204840912
818 15.7204253221462 2.29334366000802
819 15.3439716505516 2.29334362907801
820 15.4311828971399 2.27444676427345
821 15.3335944923025 2.23650848277722
822 17.8702717226052 2.33237054443671
823 12.9866382604206 2.293343608931
824 15.8972941625474 2.29334369957873
825 17.1685667632209 2.53005008264124
826 15.8816038779066 2.13601642294111
827 16.3472823843052 2.30507359293828
828 14.4876889266223 2.62538865732214
829 18.7331627733846 2.5585163831364
830 14.0569994624411 2.12153214775884
831 16.509700552757 2.29334351085008
832 16.5517958108751 2.18137027361651
833 17.0474951714783 2.34594096001107
834 15.6828578781981 2.34411727695616
835 14.7817941901352 2.29334370548848
836 14.2319270147718 2.2933434939651
837 15.9002586786148 2.3215074995908
838 17.6793249871195 2.31352926852836
839 15.3439716505516 2.29334362907801
840 15.8972941625474 2.29334369957873
841 15.3439716505516 2.29334362907801
842 16.0881643577548 2.14359162573923
843 15.1135636407148 2.20424580172274
844 15.6798432915685 2.30084025503562
845 15.8972941625474 2.29334369957873
846 15.3439716505516 2.29334362907801
847 15.8939385719884 2.26113295567926
848 15.8972941625474 2.29334369957873
849 11.8370845020719 2.35427970130787
850 15.65261203019 2.34411723898251
851 13.4347880497719 2.31259723468987
852 15.7605520564875 2.29334378706926
853 16.8191020725951 2.30230449499041
854 16.8657861476599 2.2699013685277
855 16.068570938895 2.35427961581589
856 15.8972941625474 2.29334369957873
857 15.9179050323185 2.54495697267222
858 15.6426024109286 2.32124509563074
859 16.9896086819389 2.29334358505277
860 16.3115181736931 2.29334366595357
861 15.1260478647954 2.29334351652514
862 13.663583904857 2.2933437635536
863 15.6397115411739 2.29334366137002
864 13.3184685847024 2.29334348746502
865 16.9631634785529 2.29334357867574
866 15.7204253221462 2.29334366000802
867 15.9890553917667 2.54158689169634
868 13.1237803366793 2.20044397320434
869 17.2801435218792 2.35658652248459
870 16.4893807961676 2.38729578780447
871 13.3442544756169 2.39114054402804
872 15.7188476696375 2.2780575663811
873 17.5663855035222 2.27368978830622
874 15.7360603699901 2.29334356795288
875 15.8972941625474 2.29334369957873
876 14.8755509834349 2.17254509959917
877 15.5500561374977 2.29334367818451
878 15.8819776754243 2.14359139608185
879 13.8276309071196 2.17569995827078
880 17.3660180661889 2.29334378824425
881 15.3469142593774 2.32869913740934
882 16.5958003427469 2.29334360648058
883 15.8972941625474 2.29334369957873
884 15.340696248856 2.26022356950478
885 12.8597438687602 2.18299437973639
886 14.7464002026369 2.29334371816388
887 16.2047893637827 2.24920566769041
888 15.820674778484 2.62072048037193
889 15.8972941625474 2.29334369957873
890 15.4385235857995 2.20044385666734
891 15.8732782395437 2.23347445487134
892 12.9079184410817 2.29334374113033
893 15.1661279046269 2.25590642201296
894 14.7359985979693 2.32302294434162
895 15.8972941625474 2.29334369957873
896 14.2239551161205 2.3521071153444
897 16.1469552394849 2.2933436755885
898 15.7452830123508 2.4185378107664
899 16.844945408146 2.60898784066422
900 14.5038707025266 2.29334362860474
901 13.3676642333147 2.30196699408939
902 16.8181056466138 2.2933435051733
903 15.4332750382597 2.66236473359838
904 14.9441443618193 2.36661102735721
905 15.3447834618949 2.30152027147445
906 14.4610612420716 2.64335515091258
907 15.1491890612019 2.27125332929332
908 15.9047246227042 2.37941262667341
909 14.4950710991916 2.18719081904296
910 14.5038707025266 2.29334362860474
911 15.358732167298 2.4797228437628
912 15.8972941625474 2.29334369957873
913 13.6423318797918 1.87484486076289
914 12.1397164513838 2.3542795759414
915 16.0992287829399 2.51413112522704
916 15.8970711221571 2.29080912130503
917 16.8845606992976 2.36680455189347
918 16.8181056466138 2.2933435051733
919 15.7307453659026 2.23418846967757
920 17.067620161564 2.31099372572779
921 12.3771294606988 2.29334371312052
922 15.7528568674953 2.29334365639558
923 15.8928982691661 2.24479999295103
924 16.1142532783585 2.29334342951058
925 15.8972941625474 2.29334369957873
926 14.5038707025266 2.29334362860474
927 15.6019079631181 2.29334363867977
928 15.887151960323 2.19497563908735
929 15.6366387597689 2.29334369674281
930 17.1456202204151 2.29334360511895
931 16.8181056466138 2.2933435051733
932 17.9095737990848 2.30865896479988
933 14.5038707025266 2.29334362860474
934 14.0413750115971 1.93829025399495
935 15.3389704761285 2.24262919519793
936 13.3551850411606 2.56222651152303
937 15.8972941625474 2.29334369957873
938 15.9057053771317 2.39114072482503
939 15.6864283643092 2.55941263787793
940 15.643379384591 2.29334345680642
941 15.3439716505516 2.29334362907801
942 15.7466409716422 2.53054195711567
943 15.9053868235654 2.38729580625921
944 15.6871607780873 2.29334365139928
945 15.6563307029328 2.21732472477141
946 14.7204850909589 2.1905172419034
947 15.8972941625474 2.29334369957873
948 16.5981345607796 2.51228634288231
949 16.8190395124665 2.30175842737473
950 18.8105993491817 2.37580429795557
951 16.0364635394809 2.18759917476834
952 14.8638111854469 2.36605499285627
953 15.7571801983474 2.55515957601953
954 14.0718259529001 2.29334370457672
955 16.3082478213738 2.29334355452062
956 15.9021567740711 2.35732582893722
957 14.061096917247 2.1725450997171
958 15.3439716505516 2.29334362907801
959 15.8887387852007 2.20044394299258
960 16.8274685675423 2.39644619168098
961 15.7379253831582 2.23270685487995
962 15.7341666002293 2.4440795962649
963 16.2570579090789 2.29334362468224
964 15.6248551069202 2.29334350269343
965 15.6507254506769 2.17254535324227
966 12.4835307182316 2.22019853643061
967 14.7411814972146 2.18137021239356
968 17.2840177837156 2.29334351950271
969 16.8180831763841 2.29310719036638
970 15.1389287096119 2.64335519379391
971 14.7939588909746 2.29334374715536
972 15.9057053771317 2.39114072482503
973 12.5892696069252 2.29334364979776
974 16.7553168493683 2.25203841201961
975 17.1111012632758 2.29334356903749
976 14.6116095540852 2.27125336891017
977 15.6625802576247 2.3441174903961
978 15.9067584684715 2.41900011292118
979 15.8972941625474 2.29334369957873
980 15.7204253221462 2.29334366000802
981 13.4339011618645 2.39114075966835
982 16.3324679631096 2.29334372555346
983 16.6394208503332 2.20882094613259
984 16.1856460994448 2.29334368631004
985 14.9000488930305 2.1554011239226
986 15.8972941625474 2.29334369957873
987 14.061096917247 2.1725450997171
988 15.8972941625474 2.29334369957873
989 13.7592083875072 2.4865320451105
990 15.9318669956804 2.29334358376044
991 16.4236506787724 2.29334358069175
992 16.7812599177792 2.23964936915547
993 15.5690196128736 2.29334359812834
994 16.4453295764885 2.38395708250712
995 16.1064260359294 2.21631741860072
996 14.4983975185994 2.23454672549759
997 12.7269199825719 2.27115310241253
998 15.8972941625474 2.29334369957873
999 16.3362822608897 2.34501514364276
