0 15
1 15
2 18.7333
3 15
4 15
5 21.9975
6 15
7 15
8 20.7291
9 15
10 15
11 24.452
12 21.5888
13 15
14 22.6831
15 16.5312
16 15
17 18.7333
18 15
19 15
20 15
21 15
22 15
23 15
24 15
25 15
26 22.2126
27 15
28 15
29 22.6831
30 15
31 22.6831
32 15
33 24.1315
34 15
35 15
36 15
37 10.8901
38 15
39 15
40 15
41 13.027
42 15
43 14.003
44 15
45 15
46 21.9975
47 21.0377
48 15
49 15
50 15
51 15
52 18.6009
53 15
54 15
55 15
56 15
57 15
58 15
59 21.0377
60 15
61 15
62 15
63 15
64 2.74339
65 15
66 15
67 15
68 15
69 15
70 15
71 15
72 15
73 15
74 15
75 21.0683
76 15
77 15
78 15
79 15
80 15
81 15
82 15
83 15
84 15
85 15
86 29.6806
87 15
88 13.027
89 26.1804
90 15
91 15
92 15
93 15
94 18.7333
95 15
96 15
97 15
98 14.003
99 15
