0 5.98695068353271 3.0180777507283
1 6.23216791425492 2.77907171604281
2 6.25646092618063 3.41607339935031
3 6.53450963354525 3.01807792896897
4 6.11310397684744 3.7476980145839
5 5.74652864514472 2.36929014586464
6 6.06124653345492 3.03187706965644
7 6.17350024743055 3.32265248294752
8 5.97701137909154 2.79953997765872
9 5.55536444262096 3.10322602794738
10 6.43712945750128 2.64617190489025
11 5.97991582968541 2.75040956067366
12 6.24334949236276 3.01807769571736
13 6.29878806933821 3.32265260777477
14 6.4661679033656 2.90017126505222
15 6.29952165352905 3.39145613842216
16 6.26863809112065 3.03756131328637
17 6.59293102978142 2.95101642668355
18 6.1675763639562 2.92499291333338
19 6.34623397412282 3.39867970096587
20 6.84944995790867 3.4287536230026
21 6.22248512374845 2.82406939621448
22 5.93747760606823 2.82468260046901
23 5.64822778398833 2.49900293176382
24 6.24581416518586 3.07911310328945
25 5.41091579855375 3.69056553238919
26 6.0043726234761 3.01807761616412
27 6.98445242077337 3.01807777624683
28 6.26125642153553 3.53240048026704
29 6.76930015238389 3.0180777362945
30 5.52468373271178 3.0180776171516
31 6.24371932649731 3.02788341808657
32 5.69165284589655 2.06358377902694
33 5.76016681352318 3.01807795379133
34 5.95066764316039 2.65792881027092
35 6.58726840040517 2.79747751981884
36 6.21016497559792 3.21030801977736
37 6.23500650990196 2.91738666240061
38 6.24627193094556 3.07671632882853
39 5.55028576952289 3.01807760233882
40 6.34586498848677 3.37751033350978
41 6.37690005316478 3.01807774803341
42 6.70446906411333 3.06339872927705
43 5.98493294261062 4.97216952079908
44 5.71470298885032 3.02441049302728
45 6.28360800860286 4.2534472770009
46 6.55084084094639 3.01511399776616
47 5.73477315972038 3.13950126607174
48 6.2462558347596 3.09628696525778
49 6.45394290326275 3.15156718645598
50 5.94101244664994 3.2552271958551
51 5.72237456107339 2.96890100752434
52 6.24648404904289 3.10255867651933
53 6.68075802131082 3.20524533946276
54 6.24139179152767 2.97696159110439
55 6.15867732654625 2.87997243569759
56 6.21858721119332 4.00043913045677
57 6.18682641916277 3.13284944011114
58 6.16276108576261 3.07718683077774
59 6.34220764206356 3.01807793745636
60 6.24759120291924 3.10216449689611
61 6.53314364420249 2.76539988399242
62 6.35197193534414 3.01807764253464
63 6.427391515574 3.50172009384564
64 5.68254604669114 3.01807758516614
65 5.71099414870774 3.76657994811549
66 6.2220270203534 2.95743031259118
67 6.57447969396071 3.65750008450366
68 6.23133722767094 2.75393931266015
69 6.24334949236276 3.01807769571736
70 6.3284516952328 3.12779529051678
71 6.29341486049835 3.2149329539373
72 6.31039418522081 2.69440772936542
73 6.24257614405179 3.00202424407333
74 6.00764733741564 2.94178482862463
75 6.36010352224115 3.43924407853991
76 6.250575508312 3.17030272224314
77 6.42595896458926 3.02840802521389
78 6.41610767374404 3.23243078337996
79 6.28661286242899 3.70088942062564
80 6.25624426347922 3.40317133907105
81 6.24175407734583 2.97610267406835
82 7.24941799266882 3.32228882553373
83 6.06104470668361 4.35528501230672
84 6.50634630801563 4.15117479786453
85 6.22608778615167 3.04330714234747
86 6.52082339943729 3.18135978731179
87 6.51235688177326 3.01118110040056
88 6.30923206340321 3.01807788283974
89 6.51320691699584 3.32720912506597
90 6.28111343068075 4.1701317085607
91 5.85217039312997 2.95959985189269
92 6.03089006855016 3.01807779213952
93 6.54602542453146 3.62321197133433
94 6.15992003067831 3.15431998728234
95 6.25314779324336 2.86771448928944
96 6.08064734587323 2.70635145643436
97 6.24334949236276 3.01807769571736
98 6.27027371646045 3.81835360952303
99 6.4276960391519 3.06992336349772
100 6.3593250511457 3.62429058397725
101 6.45281738314256 2.73246692322192
102 6.16525914315724 2.94842589579023
103 5.66597497296827 3.09431139035526
104 6.09039475081042 2.96654879178813
105 6.04788164526207 2.81549468584187
106 6.13175233643505 2.98147483717781
107 6.37791664646729 2.89893103357475
108 6.25017539916964 3.20524532444026
109 7.50211786709632 3.28101130686011
110 6.36106482786138 3.20145349116366
111 5.51327339246679 3.05605466761337
112 6.63789929397487 3.01807785348509
113 6.61892708768036 2.83283667267889
114 6.35793146299255 3.01807793961851
115 5.61351602636059 3.01807765845253
116 5.72830057867195 3.99961641374746
117 6.59656883445559 2.31894360540494
118 6.41035493807026 3.20168026901793
119 5.60381363460685 3.17162389014628
120 6.45233319777391 3.5966102545615
121 6.40223523539476 3.01307233444054
122 6.24334949236276 3.01807769571736
123 6.2327840217178 2.86047034045933
124 6.4505964258014 3.01807780296999
125 5.89264852002288 3.01807772507202
126 6.23757054046706 3.01803473920885
127 6.55135157506897 3.02508778076632
128 6.21418780731398 2.72448939955376
129 6.44712956807005 2.66536506808297
130 6.14859425333624 3.11362232872836
131 6.12340766418059 3.01807781487816
132 6.35188836689137 3.01807788823217
133 5.74178500493518 3.019879787888
134 6.23807325719595 2.80852919431719
135 5.988225576707 2.76176416107772
136 6.24334949236276 3.01807769571736
137 6.04281572827623 2.55926759666067
138 6.24334949236276 3.01807769571736
139 6.2535974778663 3.30963864692818
140 6.11268013647277 3.0180777199208
141 6.50373807560325 3.30492938887695
142 6.05269982071713 3.01807767317366
143 5.61895103795506 3.33770731281768
144 6.05308375115973 3.27295746492275
145 6.24334949236276 3.01807769571736
146 5.96250479318061 3.3369364326618
147 6.25279527853483 3.34485350885797
148 6.6403989687079 2.7296488390168
149 6.23847530072212 2.89251612440724
150 6.36534834730029 2.99427369436773
151 5.98356365807813 3.0180776168049
152 5.84641774278584 3.01807773702539
153 6.18806591288586 2.49900295397581
154 6.20632586487862 2.69366776517783
155 5.729395792413 3.04547054421043
156 6.25248611779703 3.27127516226385
157 6.45472098306525 2.96143593161029
158 6.14502789896209 3.04997846262543
159 6.24334949236276 3.01807769571736
160 6.55328898112969 4.85894114277807
161 6.38671052253262 2.91837132481628
162 5.4289540530508 3.52182793089037
163 5.81486522126976 2.63928408917334
164 6.24790083701281 3.14154536793266
165 6.24334949236276 3.01807769571736
166 6.15131976256594 3.04982672221524
167 7.18587400482067 3.07078316316815
168 6.58048741774205 3.03298535633714
169 6.37831456636379 3.3446815516188
170 6.10726703569738 3.29351076505603
171 6.24334949236276 3.01807769571736
172 6.23228995203714 2.76688081095087
173 6.50791816743821 3.48628004368558
174 6.19268346362818 2.95384796888366
175 6.24369679068585 3.02521497543275
176 6.25421324145071 3.32647248146133
177 6.24103946193283 2.96944680923302
178 6.31283116350444 3.13284109729162
179 6.21964467431106 2.68118384335402
180 6.24334949236276 3.01807769571736
181 6.66140925157487 3.12278868371766
182 6.41110498654151 2.91614027440736
183 6.28066702317956 4.15533242580754
184 6.35848790330449 3.01532104407407
185 6.23420153497223 2.79767417580305
186 6.22383756633878 2.70595201635087
187 6.24334949236276 3.01807769571736
188 5.81234242290373 3.01807783503667
189 6.220706012983 2.77386755384706
190 6.49241584156902 3.86607866987862
191 6.49583899120032 2.95805966756729
192 6.25408144713845 3.32386669773121
193 6.30116069273769 4.83941996202466
194 6.25560011266609 3.36213559751176
195 6.2535117341515 3.3125143622947
196 6.31426890437485 3.37751048865983
197 6.21767201769506 2.7511983569346
198 5.98881248584548 2.96890117293223
199 6.24334949236276 3.01807769571736
200 6.24681304555527 3.08723526651977
201 6.35092610181439 2.69051468989496
202 6.24823337477254 3.14674019511898
203 5.8728096635894 4.08762506093879
204 6.47890172408218 3.01807785371733
205 6.23079961955301 2.94675079854089
206 6.20610865286327 3.23278962801602
207 6.59391743692882 2.98732499852935
208 6.54052158728317 3.07564057099897
209 6.27180956293584 3.86487835889932
210 6.12004307509997 3.07358695254563
211 6.21336617013386 2.76140895386608
212 6.23199115567981 3.01807775029691
213 6.04860246136465 2.6893742096096
214 6.23468293434142 2.96997859488727
215 6.24244796881806 2.99427381945217
216 6.27030279225123 3.8163906839321
217 6.24334949236276 3.01807769571736
218 6.33548272990338 3.14490757644472
219 6.53953927764792 3.3665691968196
220 6.53035621380219 2.9944736332129
221 6.36489886553678 3.01807796703431
222 6.32515377091334 3.01807775273085
223 6.25677577335559 3.39697428923818
224 6.39493584751237 2.53341090451687
225 7.03829798352158 3.01807764774562
226 6.36172050645071 2.87642105361929
227 6.24938852011882 3.13582608236626
228 6.0901822489393 2.82586232128913
229 6.01782188948167 3.37108143208658
230 6.257407427751 3.41583858410392
231 6.43562696164484 2.37570712003482
232 7.06077782961346 2.75744997601589
233 6.49737505584217 2.92808265293368
234 6.74851838052131 3.06214450562948
235 6.34687153437421 3.77763517603682
236 6.17014725991072 2.35181401053806
237 6.36508854159181 2.94611682121044
238 5.85870581454547 3.11000028646398
239 6.4118182282368 3.30492944471988
240 6.24916065543192 3.14814319781905
241 6.24334949236276 3.01807769571736
242 6.39174437146532 2.95184673296889
243 6.12916108311035 3.0524650275669
244 6.02395183301526 2.85164958881448
245 5.61114601027233 3.18181441240718
246 8.27727139872635 3.05845830515173
247 6.01158255687896 2.80083851366284
248 6.57219110724178 3.01807776102629
249 6.24334949236276 3.01807769571736
250 5.81234242290373 3.01807783503667
251 6.21312488569523 2.81210488183188
252 6.31319247082394 3.60227832180991
253 5.89266956020248 2.98226188750487
254 6.15497601575893 3.01807790790007
255 6.24334949236276 3.01807769571736
256 6.13080310244008 3.01807792890602
257 6.23002325668067 2.73771436318083
258 6.24334949236276 3.01807769571736
259 6.12034213984537 3.29331423576119
260 6.5043686343613 3.32265249851495
261 5.9533818799357 3.06171879685234
262 6.20342438018303 3.01807784951894
263 6.47047226969836 2.79088791815529
264 6.0498363257827 3.21961251733505
265 6.51363088238348 3.03487400710716
266 6.24216040460386 3.01296148340931
267 5.83230360060514 2.85035233502013
268 5.88701163581399 3.05422622479118
269 6.71042772939109 3.04712604408305
270 6.83773383066497 3.01807777786312
271 5.69749755717474 2.93509722928419
272 6.45869138803122 3.01807793171607
273 6.00377540113747 3.03952437911857
274 6.34252618006532 3.23202282651023
275 6.25682512860324 3.39845861126098
276 6.68075802131082 3.20524533946276
277 6.24979822660516 3.2483454360496
278 7.02700660259008 3.09934404541912
279 6.3960294946026 2.79302138596751
280 6.24334949236276 3.01807769571736
281 5.81011744454482 3.95835645285679
282 6.04810846320902 2.67229461720036
283 5.68254604669114 3.01807758516614
284 6.38111561750383 3.08674700560634
285 6.18283325321091 3.01807797264324
286 6.24512510739614 3.06557224158562
287 6.55814592980569 4.1074312651861
288 6.15664446623491 2.71923482036576
289 6.21502636745763 2.16077348485312
290 5.79016412016778 3.30329228954187
291 6.35720732671622 3.56961243205432
292 6.24904122518131 3.15159748375599
293 6.55720579674962 3.01807771173373
294 6.24334949236276 3.01807769571736
295 6.58505381792023 2.85546868171793
296 5.66893672080208 2.85154361404834
297 6.51456191025963 4.34047033333485
298 6.13244624379114 2.67399426602142
299 6.5802711442808 3.1590627651169
300 6.24334949236276 3.01807769571736
301 6.36719476380056 3.00293451381873
302 6.1866939159141 3.33829233799632
303 6.42499366686652 3.01807799422503
304 6.31015885777972 2.92216322280096
305 5.86775838303226 3.24139587068033
306 5.67138055203481 2.38253017507107
307 6.65472631516187 2.7092712514158
308 6.23401935933942 3.12109825722746
309 6.42053411761885 3.01807773451337
310 6.39364516552601 3.01807788634218
311 6.39319909621045 3.01807778183942
312 6.20905803469652 3.13783953732501
313 6.2650772961554 3.59823011328443
314 6.22651002985816 2.73074714336494
315 6.51430595844801 3.32884104550846
316 6.23388326179914 3.33829214166631
317 6.47340886964245 2.81179520116721
318 5.94141799600149 2.96232478556881
319 6.18811585448629 3.01807778610689
320 5.58063250215286 3.30963873914649
321 6.50217934738578 3.13755389964588
322 6.30746119457702 3.59288093040726
323 7.13565147207582 3.03367326316489
324 6.20491648127677 2.66508126753086
325 6.11093132548037 3.02441021187494
326 6.33116221216301 3.07364212149026
327 5.88887354843988 2.75896142629146
328 5.77107389187575 3.09664596527795
329 5.73964308324132 2.96400001622652
330 6.1341929401006 2.64618074258286
331 5.95432076797334 3.10301110757334
332 6.25460068033254 3.33274330166272
333 6.25356867133467 3.3286300706334
334 6.24334949236276 3.01807769571736
335 6.55477822476583 4.89030315922651
336 6.24334949236276 3.01807769571736
337 6.49113038058808 2.94231298142483
338 6.24090995615541 2.95826346064994
339 6.23888541121805 3.01807760291068
340 6.03148940310019 2.87997271402923
341 6.26861919172483 3.76255114767951
342 6.25662094653295 3.39237352735575
343 6.24679248380026 3.086822254359
344 6.26384229134603 3.71233701411551
345 6.19016746854093 3.01807772415439
346 5.56551491106392 3.52182797724064
347 6.58004843970751 2.7059187246028
348 6.3844341531274 3.18450138578912
349 6.24334949236276 3.01807769571736
350 7.03026810066443 3.5023454857519
351 6.23635223386023 2.84182143579603
352 5.94805921957197 2.94181895858132
353 6.24199935109674 2.9898915415338
354 6.68009234652211 2.98812943085638
355 6.24782635922685 3.1394910116866
356 6.21809001890689 3.01807791613323
357 6.2781954249162 2.97065162449141
358 6.21998093452059 2.76848973222955
359 6.26527927067999 3.65705275362321
360 6.53067812464859 3.16965004690922
361 6.6276312556481 3.07570252972896
362 6.78870452880116 2.90609299733845
363 6.40704082369599 3.1831766927682
364 6.0376112052696 2.83764144869805
365 6.24533380554992 3.01807773491906
366 6.46001351562342 4.91487433630475
367 5.97464545705173 2.87828196498163
368 5.87109740852223 3.01649993798844
369 6.10309680216037 3.01807781019123
370 6.24334949236276 3.01807769571736
371 6.24649148995562 3.08098644857766
372 6.49302742411956 3.01807770120022
373 6.24283077686074 3.0043447069372
374 6.52945998137197 3.18171170871785
375 6.24958853332446 3.13950132256445
376 6.41132319836784 3.01807766495078
377 6.3685224253459 3.02441057048068
378 5.77025190836928 3.05973546015946
379 6.24334949236276 3.01807769571736
380 6.11020974593369 2.88655454934533
381 6.16182129343343 3.09880495971575
382 6.04536130731223 3.10513698402568
383 6.54347865067058 3.25466208283301
384 6.80519174526788 3.57277826332032
385 6.225692991176 3.7279496930345
386 6.16452042166349 3.85215807604185
387 6.24334949236276 3.01807769571736
388 6.28159844103658 3.1560942053429
389 6.19219847940138 3.01807772129169
390 5.88089539366739 3.57928306651902
391 5.95139077238374 3.01807784377853
392 6.24811413953013 3.15546580281636
393 6.19615146329855 2.93633049867866
394 5.94019804230173 3.01807781262528
395 6.47807760640366 3.01807775591433
396 6.57908838203555 3.01807767824017
397 6.46753732414061 3.01807770489455
398 8.96705078546211 3.19836164799998
399 6.65197164288088 3.50172016085578
400 6.24334949236276 3.01807769571736
401 6.47895972764627 3.01807787057479
402 6.34501111162897 3.01807794689552
403 6.86649408917901 3.10023797049731
404 6.37176385223879 2.85395564980936
405 6.24334949236276 3.01807769571736
406 7.09521614673144 3.59288073009233
407 6.01385593969446 3.15330712668329
408 6.49394050144052 3.01807781775109
409 6.24376599078501 3.02667653047166
410 6.25794666291818 3.07984599422623
411 6.43082824056683 3.45152648411245
412 6.2441708591618 3.03487413524565
413 6.16998086894166 2.89127780076006
414 6.26321951376088 3.59288089259498
415 6.25956301650057 3.48075241067278
416 6.20676866381914 3.15432001016503
417 6.21705693692157 2.75896142970686
418 6.20673882597408 3.33693650829924
419 6.2461837958193 3.09431124112989
420 5.62713690010503 2.96174105970393
421 6.23404164357512 2.80520712619639
422 6.2811548099806 4.58102909479671
423 6.10999294576207 3.38353634604997
424 6.29901002768174 2.94503918500003
425 6.0531159430307 3.01807782241023
426 7.01584006005288 3.01807786575111
427 6.40507972419689 3.11026064736993
428 6.18772506670705 2.44702164167655
429 6.50568423843649 3.57775090908062
430 6.24334949236276 3.01807769571736
431 6.36541635239264 2.78371255256164
432 6.19389453142263 2.92289105466733
433 5.85134945606713 3.01807777973177
434 6.24740978707878 3.12797974127841
435 6.11710078486963 3.84583030963866
436 5.25669283119621 2.71925311033513
437 6.43696720210034 4.60567387303059
438 6.51552812653829 3.16942886556747
439 6.26123328746462 2.99540488858126
440 5.7274122930882 2.56757317347144
441 6.24770072241149 3.13600628721793
442 6.19661753443822 2.57826653635854
443 6.05484747458112 2.5686096028266
444 6.52893501620195 2.7719566583958
445 6.51037633666194 3.42384982177292
446 6.54784939362476 2.75040971476062
447 6.7337662802753 3.01807791705399
448 6.3041579929868 2.87031922010072
449 5.68254604669114 3.01807758516614
450 6.09757454445057 3.02594686393159
451 6.24582703979113 3.06802155887034
452 6.47946439287548 3.01807788850823
453 6.51324613343686 3.48640473962773
454 6.24409883462759 3.07367794816353
455 5.83229120842457 2.78989874635756
456 6.4887938591084 4.10143755683538
457 5.99991603761129 3.01807775805017
458 6.70467785722125 3.12363281701386
459 6.59863086098261 3.0533754653879
460 6.07206482355552 3.01807777396206
461 6.1858742349997 3.38370021243884
462 6.1893923122606 3.01807789724236
463 5.76004288079172 2.99305008368593
464 6.12996474339731 3.37883221067075
465 6.25842288656884 3.44631714120703
466 6.61675967357039 3.01807760074041
467 6.56585424642365 3.08783444431573
468 5.55071922493518 3.21944530033521
469 6.25545499443335 3.28928979201048
470 6.61022896200479 3.01807776394046
471 6.24334949236276 3.01807769571736
472 6.53350753552443 2.95770170822867
473 6.33445330793592 3.01807787424126
474 7.3311984457705 3.01807782068333
475 6.24702903112136 3.09138186272855
476 6.23892085771723 2.90361948470798
477 6.11087537189742 2.78461037009466
478 6.51447891606477 3.61638018516618
479 6.25974898893214 3.48640474878236
480 6.54909242087368 3.11087022193051
481 6.62080608990392 3.07247321885126
482 6.35407473769937 3.01807791473627
483 6.16811247087488 3.17581362834234
484 5.91126087957402 3.01807790393732
485 6.12340347927025 3.041819959394
486 5.81100884396568 3.21016998170031
487 6.58443081687466 3.79946274529345
488 6.34118802782499 3.24834541048138
489 6.24334949236276 3.01807769571736
490 6.18229724790204 2.53425406291789
491 6.22353819046873 2.79459655542524
492 5.89245171320504 2.96302733884417
493 6.21998093452059 2.76848973222955
494 6.25632835551474 3.08842143598027
495 6.40084655051932 3.01807782697506
496 6.51752994014609 3.33026631549889
497 6.24916850607022 3.17689982867098
498 6.13280389676661 2.76848963382526
499 6.83341490684956 2.82468255075806
500 5.76848929029132 3.01807784018783
501 5.69571889623723 2.90367348759226
502 6.20318901303535 2.63538729628338
503 6.00310161762223 2.32959758903474
504 6.18806591288586 2.49900295397581
505 6.74659216494445 3.01807786956673
506 6.08966314862044 3.65750010592772
507 6.44665993261467 3.00372075172529
508 5.88822811919152 2.77775732317453
509 6.88393158533521 3.56888652917557
510 6.57032949804351 3.39757689012091
511 6.09759288762142 3.01807796366503
512 6.42355493187232 3.01807793101173
513 6.27009134665895 3.80959334717641
514 6.59129515125803 3.22019657907795
515 5.84306721666126 3.01807783644025
516 6.2427591492311 3.00245747723425
517 6.43564814766861 2.83364707784401
518 6.20319042319061 3.0180779370437
519 5.84944559721429 3.32265276683023
520 5.72921427240654 2.720434148472
521 7.01960559416335 2.9933313577938
522 5.86141216566358 3.08193272361926
523 6.09412466701742 3.06339896705729
524 5.71536304435394 3.04634934970332
525 6.66233876391064 3.018077668123
526 6.40604965532592 3.01807783503789
527 6.83921889267239 3.01511393152388
528 5.93014532203491 3.01511387374083
529 7.44212925699884 3.01807787543863
530 6.43129141184291 3.01807786966897
531 6.24703070968907 3.06185933906604
532 6.63789929397487 3.01807785348509
533 6.23737985039357 2.91982856642065
534 5.76290241002372 2.64658722389163
535 6.24604362072456 2.89346695078682
536 5.7441822577151 3.0724731899037
537 6.156646537037 2.14810456300524
538 6.23693673837258 2.89608713435894
539 6.64681716055367 3.37989410069212
540 6.25589249499986 2.73403325663081
541 6.24384878484188 3.03133372739423
542 6.2184726629688 2.71699137452434
543 6.02899397648413 3.15330745320244
544 6.45119037939889 3.01807781286328
545 7.20409522004751 3.09719200026979
546 6.42524853787024 2.7812822086655
547 6.29126856003496 3.01807772157881
548 6.49913730647635 3.19120355594846
549 6.56179647438721 3.26307101185034
550 6.45661639629187 3.54130659996514
551 6.37847732561311 3.0180779055217
552 6.18697279755734 3.48398357584917
553 6.24074070672352 2.96305558733839
554 6.17765333335494 3.47118745828515
555 5.60254155599905 2.89065817563186
556 6.52366497914826 3.1999765938673
557 6.32472259755855 2.85035240344576
558 6.46194038379025 2.95806000182542
559 6.54630733600087 2.70927126306578
560 6.48417347770871 2.83135256462255
561 5.70207332685741 3.07130863901141
562 5.94363628896269 3.01807778107238
563 6.58125278859226 3.90368517796848
564 6.26348080691908 3.62334207648731
565 6.26398025900329 3.01807780937119
566 6.19130882648776 3.31435761685352
567 6.5112673455825 2.94077289712433
568 6.2313851050402 2.78604733647727
569 6.3659471674098 2.9714872315617
570 6.63133059655933 3.16647998668747
571 6.24334949236276 3.01807769571736
572 6.32465723453481 2.71925357294275
573 6.24800362252851 3.14441110509881
574 5.70874911027958 2.77386758780468
575 6.23197255015108 2.90312239830109
576 6.19492994995563 3.01807789279214
577 6.29931714818984 3.02788345144263
578 6.18410491166317 2.75040958128314
579 7.03091685466688 3.01807785414226
580 6.45776572747093 3.61411915011743
581 6.11662596780007 3.15330716081112
582 6.37705554450554 3.15742598266123
583 6.25356609568694 3.01807784117178
584 5.93734669163418 3.65706181237216
585 6.68889979631624 3.17695891764576
586 6.25183782585829 3.18001537892866
587 6.01393592869753 3.32265255251841
588 5.83516001228165 3.01807785537976
589 6.25474451394756 3.33693657638583
590 6.59187955503584 3.01807777511113
591 6.18569107496009 3.01807787553768
592 6.24780975591904 3.91414864070846
593 6.58854741141812 3.01807789166417
594 6.49235356703001 2.75896129359882
595 5.92115876810324 3.01807755015097
596 6.13941562528084 3.06692412056354
597 6.25655196666253 3.46824311222374
598 5.54747014819759 2.98989172009193
599 6.11337088017475 3.01807768325701
600 6.18623206654265 3.0384158891347
601 6.24334949236276 3.01807769571736
602 6.34602909922677 2.54849469102205
603 6.27101049791915 3.83908899767306
604 6.35925983358316 2.9190773049614
605 6.26710899856738 3.69069680511375
606 6.25798851950802 3.06135244569687
607 5.4884527541436 2.37329060828535
608 6.2121103069393 2.62474190944479
609 5.71355677033465 3.52182783564716
610 6.16555460780185 2.85217944220294
611 6.81902284128199 2.83801250896507
612 6.67129040860115 3.09786874998148
613 6.50036662099948 2.98616926433221
614 6.15609246254354 3.09820198652931
615 6.38709347997345 3.23155203081223
616 7.27557956026235 3.05155491395603
617 6.20425652547866 2.56590529145966
618 6.49111196044755 3.38746809040707
619 6.62269002883053 4.78384726174039
620 6.47414320690405 2.7846104139643
621 5.29823738961485 3.01807785725833
622 6.00588705762327 2.55290471512244
623 6.47745161700262 2.77582165007928
624 6.79455782228267 2.7997702867889
625 6.45813559140397 3.0180779578179
626 6.23928826560683 2.92499282185552
627 6.16707663378099 3.09568729386746
628 6.46320127263781 3.07892007022456
629 6.26560611441157 3.85505564454509
630 6.19556851466189 2.75040964358304
631 6.22520344994485 3.54130648774009
632 6.22166861778312 2.78004495732352
633 6.44441206281522 3.0180779176948
634 5.94715033068484 2.92258053026369
635 6.39801371420225 3.22351522515649
636 6.28526675339776 3.32103190146899
637 6.94603134215378 3.0433276386608
638 6.23900697072734 2.92717797320284
639 6.24817732030895 3.14925720408431
640 6.1969518029447 3.1211833893714
641 5.80325037571706 3.34194271538486
642 6.21632646372928 2.74095624013132
643 6.49350646245599 2.74066964536928
644 6.18203180006175 2.95384800341749
645 6.10309680216037 3.01807781019123
646 6.0297721883679 3.25282258845745
647 6.58934501058247 3.28753894580353
648 8.91848843778381 2.71925338416317
649 6.18966959500508 2.51431130261792
650 5.93237980875639 3.33216824803552
651 6.26087174674381 3.52059922873712
652 6.37739945663456 3.56961283997757
653 5.93911032019154 2.51260039725667
654 6.48433120428874 3.0180778569371
655 6.24334949236276 3.01807769571736
656 5.7727830976853 3.53240045032152
657 6.24334949236276 3.01807769571736
658 5.87946500043087 2.83516360774705
659 6.26065878933588 3.51410145062542
660 5.59419938720584 3.00293443751011
661 6.24334949236276 3.01807769571736
662 6.25539875674851 3.34967989592553
663 6.00018730379107 3.42197148629879
664 6.36426124336626 3.12247474444226
665 5.96407588564443 2.75896143293632
666 6.1102134219875 3.19861497165403
667 6.39934521689172 3.01807786664659
668 6.22951254365222 2.8371558693656
669 6.75940223552039 3.49561703774689
670 6.21423727730315 2.39803805683808
671 5.68305152779228 3.03018494658943
672 6.27092718992614 3.79844656158035
673 6.27169183869002 2.78819901265796
674 6.46601680443682 2.99988386988588
675 6.04559085264039 3.34010532125082
676 6.64304934387098 2.50201702484752
677 6.52052141209383 3.20168024321881
678 6.53163147971126 3.01807759759225
679 6.44151175639336 2.70470122422661
680 6.3815341285007 3.09628726462646
681 6.31790231494687 3.07078325402352
682 6.24334949236276 3.01807769571736
683 6.23829834568696 3.45413699618738
684 6.7349316868275 3.2391490203749
685 6.24334949236276 3.01807769571736
686 5.93953621679156 2.57657874041939
687 6.26529328856882 3.65750003559062
688 7.17374841142363 3.01807770203991
689 6.37591476489569 3.16319800068077
690 6.20179339734175 3.01807770709907
691 6.17752889783286 2.89251617505405
692 6.06187532481707 3.018077701332
693 6.00533446469587 3.01807764702386
694 6.62368410891241 4.23927249440666
695 6.4119185824843 2.96890108771937
696 6.2837272499634 4.3785006707271
697 6.57998383706841 3.14538060263037
698 5.68878928654552 3.11162152108773
699 6.41735466527177 2.70043027258594
700 6.39184609739789 3.38281367227664
701 6.45302596599727 3.01807797385065
702 5.99653762664974 3.05349714809529
703 5.68988664647172 2.83474590733447
704 6.19699618342859 2.80405874040761
705 6.24334949236276 3.01807769571736
706 6.7672207224367 2.96726023149367
707 6.34834043737251 3.71330602303658
708 6.03740439040744 2.65673517074536
709 6.24334949236276 3.01807769571736
710 6.11496883107416 2.72397721579239
711 6.39557355146974 3.0863659277272
712 6.13296027083474 3.01807788767743
713 6.69409217105815 2.9819348370771
714 6.05067975038027 2.68545428091524
715 6.25280914488269 2.71925350742461
716 6.43998761781588 3.07782564152044
717 6.09451297907605 2.72964877248857
718 6.30073734278035 3.18690460007031
719 5.95139077238374 3.01807784377853
720 6.24818974806818 3.14958638598543
721 6.17052062925892 2.31601353988768
722 6.01970575005946 2.22086293092901
723 6.24334949236276 3.01807769571736
724 3.76897375924593 3.04332753242545
725 6.26195294781536 3.5537471161714
726 6.33651786427818 2.95077939419678
727 5.90214553539319 3.47267211120355
728 6.25475794610314 3.12667735488268
729 6.10764875575948 3.49845640586028
730 6.45568013442578 3.16857641545711
731 6.16508923641136 2.71699135015607
732 6.24669077797866 3.08485298040326
733 6.21787976961746 3.25441960550758
734 6.24394078112935 3.03389472378614
735 6.2392945216441 2.91237524715362
736 6.64383769148634 2.75420930305784
737 6.35630806941054 3.05882738700449
738 6.10965256779311 3.54130643320084
739 6.17999825309731 3.01807783262634
740 6.29925185202722 4.78174169443242
741 6.40996304179639 3.25773806114625
742 6.26414703328356 3.63601840524524
743 6.23665739992821 2.84878146818665
744 6.24334949236276 3.01807769571736
745 5.94508688709677 3.73781818267789
746 5.82530195216956 3.84814239407492
747 5.76130365543686 3.33693645424134
748 6.66571454026946 2.88737161574207
749 5.81040664381678 2.72843589170504
750 5.99036218599279 3.01807757282159
751 6.20912379126269 3.96443443639381
752 5.67157751081715 2.50896425622011
753 6.12498279504571 4.15527825517991
754 6.23409324169607 2.90593242031812
755 6.41833667332947 2.6489019425407
756 6.25694549871492 2.79961564408152
757 6.40078138908931 3.46040746125182
758 5.71981348655953 3.18648937554748
759 6.59533574520815 2.97795052848918
760 6.41845043566255 2.7725285420472
761 6.08676913649565 2.88316748110656
762 6.59249641061958 2.86792142722777
763 6.23860145876652 2.89564229723306
764 6.25107874578505 3.01807787315542
765 6.54086461349695 3.08200387470143
766 5.7369857674076 3.78068252094705
767 5.78886749024272 3.0172156103564
768 6.2671149683787 3.71483495954097
769 6.24862499813734 3.2099299180374
770 6.48404349162794 2.80720922505343
771 6.19086338967814 2.91189164800199
772 6.18600867008841 3.01807772412647
773 6.37847732561311 3.0180779055217
774 6.12002711009388 3.0180779319566
775 5.96169366017677 4.75698440611349
776 6.24334949236276 3.01807769571736
777 6.26529328856882 3.65750003559062
778 6.24696203999969 3.09009360996344
779 6.15903344985132 2.17862110872339
780 6.40084655051932 3.01807782697506
781 6.2855342279672 3.01807793558093
782 6.66570983434572 2.8361102207989
783 6.25687718567104 3.37844442336465
784 6.5892318060388 3.28540617125547
785 6.23596106766286 3.06750147694873
786 6.32597572080817 2.79241907472819
787 6.39104283292135 2.1925641357372
788 5.7040220507561 2.83191283774696
789 6.15149624044433 3.05489472255297
790 5.77437183750462 3.14790608549176
791 6.6924325698736 3.60325157387741
792 6.24334949236276 3.01807769571736
793 7.08690946405582 3.01807768684655
794 5.96840951046239 3.05295064260208
795 6.003712747997 3.11356869829479
796 6.49801056436249 3.05370971164557
797 5.90992435972648 3.011122008224
798 6.33797533581079 4.75392140881743
799 6.08286833719009 3.01807779814264
800 6.2504410495764 3.01807762492837
801 6.17535139919931 2.84554413439619
802 5.96664753750333 3.48640447177812
803 6.24334949236276 3.01807769571736
804 6.06807260654723 2.86565271817794
805 6.11809785884323 3.01807778675171
806 6.13270195731662 3.53240045060524
807 6.05299885899642 2.84960239241413
808 6.26427547963891 3.54130656744326
809 6.69089784268312 2.86169681261029
810 6.23587232001153 2.83114626383429
811 6.23504357323192 2.81376124418184
812 6.16359113931321 2.83611017923482
813 6.42230681740665 3.0180777726167
814 6.35407473769937 3.01807791473627
815 6.202745598256 2.58597579097813
816 6.24940135552733 3.23791431143816
817 6.16605355530684 2.26440982242997
818 6.30125995664462 2.92689889439777
819 6.68077478543369 3.19473537048136
820 6.04455544615687 3.01807772580661
821 6.34420103277324 3.52689489425554
822 7.02035123995793 2.95310923083098
823 6.06886200748697 2.95843038327607
824 6.49160314660195 3.0180778944866
825 6.26116546981551 3.0313982417364
826 6.74207505313417 3.12128593731095
827 6.23888541121805 3.01807760291068
828 6.4257566910332 2.95316393604853
829 5.55889750254178 2.96654891145837
830 5.84046329457452 3.01807760450097
831 5.97188060655523 3.01807753729647
832 6.23822949645883 2.91353898329068
833 6.26154793447712 3.54130675714175
834 6.06566129232427 3.15474075947149
835 6.23595909126022 2.83304831702098
836 6.24334949236276 3.01807769571736
837 6.55145329462738 3.01807785436242
838 6.24062415090908 2.96057005673241
839 6.88560336689129 3.01807785841115
840 6.55389214199545 3.28068136726207
841 6.42690277094384 2.85215255841257
842 8.69909647539352 2.84291773192978
843 6.33609576167793 2.82439267147133
844 6.72263109707191 3.27879011766924
845 5.87062195894156 3.05886360622171
846 6.47403815856416 3.3382924310451
847 6.44372318360654 3.01807791186119
848 6.058474455585 3.31238508175964
849 4.70714250057222 2.80142542178372
850 6.21140279616693 3.01807777723997
851 6.62908928478133 3.5430319646419
852 6.09412466701742 3.06339896705729
853 5.70913518471162 3.99501643024154
854 6.25522337536009 3.25367680105083
855 6.33763958434775 3.07580712762435
856 5.93223417219355 3.01807785184168
857 6.52457523105681 3.69384247535639
858 6.5394046203301 3.13772056867944
859 6.48114672314078 3.01807781834974
860 6.00215432922132 3.38197133276636
861 6.16116733860411 2.96194684033698
862 6.24995985706469 3.1463058093232
863 6.39628355897119 2.94875500591687
864 6.50321168338206 3.34703699799453
865 5.92239218594278 3.4463171607613
866 5.97750971939698 2.95433110011537
867 5.96990693525711 3.0943113603179
868 6.03853211772588 3.92660560151224
869 6.24334949236276 3.01807769571736
870 6.04434448852832 3.31005634070707
871 6.63977271817869 3.01807786698029
872 6.19876896209223 3.12653714433678
873 6.54959448086779 2.98303767386944
874 6.3004688355535 3.45489127847566
875 6.20214613554103 2.8531070492425
876 6.32067675085889 3.06526751776277
877 6.24334949236276 3.01807769571736
878 6.25117908900261 3.27268274325867
879 5.42513316585894 3.01807785709577
880 5.58337394714295 2.97065142148817
881 5.98821384949714 2.88267626040788
882 5.92058747248958 2.89037312548705
883 6.25396720382128 3.31422308907137
884 6.23942378575788 2.91625601119021
885 6.2511587808213 3.23027873972918
886 6.13652400654709 2.78935827821308
887 6.23844525651214 2.91708228922409
888 6.22995027973965 2.75789097175628
889 6.53434299422733 3.08772998432784
890 6.24862335329908 3.01807789641255
891 6.44804297198877 3.10986744765875
892 6.24477887105335 3.17096863458409
893 6.26778955088799 3.73048042372729
894 6.16813472116848 2.93551809621244
895 6.24130853705793 2.95806004551182
896 5.67006513129218 2.61127768496233
897 6.24292720442408 3.00932163008964
898 6.36527683293462 3.57437053672317
899 6.53284240948894 2.96654891113348
900 6.11893999674602 3.02619925072799
901 6.21527361253899 2.70635127969695
902 6.30341758239162 2.71699146546387
903 5.69430630197506 3.01807788326525
904 6.25996644452138 3.43290776376558
905 6.14009396289613 3.00124043226184
906 6.49162710634638 2.98994979490823
907 6.40014041912258 3.05025112593382
908 6.23137987012298 2.85035235028676
909 6.88460771534464 3.14310403903426
910 6.24334949236276 3.01807769571736
911 6.15182418275031 3.06576413477139
912 5.92450087218702 3.15432004964234
913 6.42809205983405 3.15609422083811
914 6.00705675094348 2.82104510229752
915 6.15296172101056 2.89879768846131
916 6.30430841334015 3.02646764014571
917 5.46984566501753 2.71925363726001
918 5.76780400415196 3.01807782993167
919 6.49293232661033 3.03806381581417
920 6.04614460858385 2.91738665733019
921 5.69914487724934 3.12247479553625
922 6.24207887643774 2.98460586843073
923 6.22783897594422 3.0180777200386
924 6.19874327396171 3.03295857374662
925 5.84139835398563 3.69669532168359
926 6.24334949236276 3.01807769571736
927 6.49618347661928 3.01807777820943
928 6.45296013866732 3.01807757980685
929 6.13679782866927 3.01807790401785
930 6.23531083397957 2.81921222290798
931 6.14678159022743 3.01807772252345
932 6.36102675462223 3.17122840893196
933 6.20271839744727 3.35219380155296
934 6.35552839459398 3.0123037343068
935 6.24391210367692 3.02960332620581
936 6.25856282967295 3.4690177149852
937 5.80930359352168 2.96715063180758
938 5.67936189549092 2.94155152432496
939 6.59554000675496 3.08894035286957
940 7.20006464787914 2.84607639089671
941 6.2317667779223 2.85310713416934
942 6.24664082305345 3.08388617357915
943 6.6250912089828 3.09115590890633
944 6.23416344346506 2.87084826033889
945 4.69534750405406 3.08548857847762
946 6.73163953701674 2.83715600613987
947 6.12848241992606 1.73787510926119
948 6.65602883817689 3.33693658219624
949 6.19132185368164 3.65750007258811
950 6.24179327081424 3.01415844191134
951 6.60737797649912 3.01807792983552
952 6.25106461427488 3.25466207241638
953 6.22735409132174 2.89831815163973
954 6.25017152739619 3.45006841424715
955 6.65857754693164 3.12346943809185
956 6.24698210275301 3.11619829797272
957 6.23682784339554 3.73742475479532
958 5.56479520939802 3.01807772343176
959 6.13752665993979 2.78615165476399
960 5.64012565445182 3.01807788301035
961 6.20817219744573 2.96430161030164
962 6.50274211370012 3.01807800213688
963 6.12911937042173 2.82026780708651
964 6.22657217833879 3.03133834827612
965 6.11645699224474 3.01807791605151
966 6.24334949236276 3.01807769571736
967 5.79221406426924 2.66786021262571
968 6.80271638763576 3.85662200943123
969 6.68004812067222 3.59288084126616
970 6.35188836689137 3.01807788823217
971 6.19302779882367 2.97065165479736
972 6.50501677658067 3.11975732995195
973 6.18362322123042 2.85127600827041
974 6.26020450070364 3.54497806503396
975 6.22993276339983 3.15217511748873
976 5.99298981198529 3.01807789930451
977 6.21555197505032 2.6837601177381
978 5.71118585566242 3.01807790226681
979 6.43727316996695 3.0180778337393
980 6.24262070518157 3.00293446712948
981 6.06955548544632 3.11087016464201
982 6.09723782365876 3.89637002649074
983 6.05912608780972 3.33693655300884
984 6.23770806004675 3.09221550624067
985 6.50095213018373 3.01807793550286
986 5.9744740158459 2.94142446728734
987 5.69384872126868 2.37609522209789
988 6.24334949236276 3.01807769571736
989 6.25098749294513 3.72401389209274
990 6.43240242453361 3.10323215099666
991 6.29366801827503 3.00914224604342
992 6.25478804459188 3.33829227380762
993 5.69532284674312 2.86413227231562
994 6.45895988605162 3.82149277070609
995 6.19677201558464 4.10789209948024
996 6.26681187123736 3.65831401016789
997 5.59749610580401 2.77151606806838
998 5.68254604669114 3.01807758516614
999 6.24334949236276 3.01807769571736
