0 18.9340892131176 2.43416473813359
1 15.7065249683112 2.29607176645421
2 16.3800998883601 2.32513729131544
3 16.6409101403924 2.29334371753697
4 16.8872266238125 2.21689128955774
5 16.1595026271607 2.22457413586171
6 15.9022834437583 2.34063342328556
7 15.7281260642433 2.60338167498552
8 17.322385488111 2.29334384452882
9 16.0388899776107 2.27296503753279
10 14.7787058422177 2.33976770204605
11 15.127277432205 2.29334365464774
12 15.7346734972669 2.26753906808739
13 16.0254636809147 2.29334363959362
14 15.8884976604235 2.2062444891842
15 15.8986711263186 2.29334370290086
16 17.0123887152482 2.31628389166091
17 17.1096641627166 2.34270397238738
18 15.065759144949 2.43268225969452
19 16.4975028911295 2.22779581915196
20 15.6443744028616 2.29556845236468
21 15.4962182646836 2.33492400396191
22 15.9311171633895 2.79867981275471
23 13.404885523851 2.55307616989061
24 16.152293358166 2.28258217169113
25 15.4579010681095 2.16416095322006
26 14.4128972182518 2.71191847486991
27 14.9390412841901 2.29334366854571
28 15.8978818035658 2.30571682176836
29 15.9114543118731 2.45555233902692
30 16.7295408863418 2.29334349696202
31 17.0358972457657 2.63482509963372
32 15.1449972824411 2.29334370316201
33 15.9032760829574 2.35870785294674
34 15.9168842289733 2.53157490297619
35 13.1192924910256 2.34968390434853
36 15.8017087688289 2.37941270413862
37 16.6469000373527 2.37182467162915
38 15.8972941625474 2.29334369957873
39 15.6903981550048 2.64335536774118
40 16.0419065465356 2.30151044356134
41 15.8962076438082 2.28899406461454
42 15.4875300764235 2.2372720634333
43 14.7199814571417 2.325117219952
44 15.8882525148065 2.2057952326984
45 15.9140987737973 2.49542470572184
46 15.6951300435233 2.29334353239694
47 15.8972941625474 2.29334369957873
48 16.4929825042338 2.19842480771614
49 15.8972941625474 2.29334369957873
50 15.6853405994148 2.29334371327124
51 15.9085828946577 2.43124301584183
52 15.6983003224154 2.29334363182442
53 13.4174280427545 2.76914057617852
54 15.9430402810075 2.61687094585809
55 15.2654950585966 2.26778002076265
56 15.8980843453753 2.30087552850659
57 16.5527996278497 2.86092321797937
58 15.9004666329986 2.32947247124408
59 15.8972941625474 2.29334369957873
60 15.8972941625474 2.29334369957873
61 15.8972941625474 2.29334369957873
62 16.6860738073684 2.29334358421602
63 15.8837595681129 2.45134871575886
64 14.0309714841073 2.29334346165906
65 16.6409101403924 2.29334371753697
66 17.124398219856 2.27996448370075
67 15.5760214483182 2.24825773735594
68 17.0027415315089 2.29334344700555
69 16.3190130440415 2.15690444094603
70 15.3072730442815 3.44013502300255
71 16.2825711526481 2.25073241015687
72 15.6729664616446 2.29334356218789
73 14.574286362389 2.29865475754274
74 10.7953840350892 2.29334377221578
75 15.8633223717862 2.29334365419319
76 15.8972941625474 2.29334369957873
77 15.6964751076252 2.40369091969094
78 15.8972941625474 2.29334369957873
79 15.908455713168 2.43001088449794
80 15.8963772759298 2.28305514339307
81 14.7619397639024 2.42585192067818
82 16.0392862732204 2.29334364630079
83 15.9003118506215 2.32768987698136
84 16.2994691221538 2.29334357806583
85 13.7169341200202 2.44365266267321
86 15.8790760109545 2.36121942154091
87 16.0690096178188 2.24282354343465
88 18.2306480271957 2.29845845340061
89 15.8732578886094 2.46001130905871
90 15.8775343143175 2.22102571324262
91 15.1359241534773 2.2933437166149
92 15.8564593122604 2.43268242940404
93 15.8958955372893 2.27996429168421
94 15.894245625465 2.26408672482072
95 15.8923695131671 2.23908598958535
96 15.9057053771317 2.39114072482503
97 15.8972941625474 2.29334369957873
98 15.8972941625474 2.29334369957873
99 16.4109316530078 2.22779557006987
100 15.9094058396277 2.43624815257724
101 14.0555431418535 2.28340670460586
102 15.9243923795464 2.60906898962521
103 15.9141743282566 2.49639124732077
104 16.6277344129031 2.2933435859143
105 15.8965558959359 2.28628180207266
106 15.8972941625474 2.29334369957873
107 15.8972941625474 2.29334369957873
108 13.2283988872309 2.25220420340439
109 14.7253091700487 2.33277805271995
110 16.7017762883918 2.46331812699153
111 16.6983592778149 2.37237631946681
112 16.0877958534883 2.34006898417639
113 16.9594272170939 2.23926685570315
114 14.9151818523332 2.38018598953819
115 15.9251529378151 2.64335531932207
116 13.4378463301429 2.21998774628941
117 16.0143363324432 2.29334372445749
118 13.7745555754001 2.29334361552669
119 15.8976475158417 2.29671802602586
120 15.8508479415302 2.48674216838122
121 14.776812665958 3.22095452936757
122 13.7533901653843 2.29334372894184
123 15.771314255356 2.05065951821447
124 16.2413450695309 2.29334348933523
125 15.9076467128252 2.41583389438797
126 16.9107607803162 2.46440816585665
127 15.8932580116309 2.25454404735741
128 15.9185460093773 2.55348399578623
129 16.1243502911876 2.34176457458828
130 14.6603190484912 2.2950393670985
131 15.938890235787 2.29334368001309
132 13.7497529170977 2.3923033117747
133 16.9338406753689 2.29334369217388
134 16.2512241803885 2.25521735664217
135 15.9783106216843 2.42086863579422
136 15.9092444571184 2.43427189976324
137 16.2131528979235 2.29334360549915
138 13.6127665829788 2.42653941443414
139 15.8616919460529 2.22553170659525
140 15.7177406245576 2.30971567852226
141 16.341631472631 2.28129321152927
142 15.4352939166494 2.26119050244548
143 15.9504808587361 2.62088758245716
144 15.4109883971602 2.29334354009165
145 15.8972941625474 2.29334369957873
146 15.7461499396214 2.29334362041145
147 14.7131394388288 2.29334387640748
148 15.9068827051574 2.41750666448413
149 14.5449109338585 2.40016172818326
150 13.4150595013797 2.14808497867458
151 13.7185985085029 2.29629325680538
152 15.8964979693327 2.28442937767549
153 15.9019008436194 2.34605489883892
154 16.5066332503371 2.29334370717294
155 16.1312422919943 2.40451758047852
156 14.51261180528 2.29334370302887
157 15.8972941625474 2.29334369957873
158 16.6054342294824 2.22430530919623
159 15.8899181357354 2.21631676816318
160 13.7168218232379 2.29334357377776
161 14.0377262189914 2.29334361153288
162 15.9307463076818 2.72300211748722
163 17.0583507143047 2.24814496707916
164 15.8972941625474 2.29334369957873
165 14.5527979650833 2.22082606414946
166 15.6074876548543 2.2088211056201
167 15.9093674008513 2.43011073774857
168 15.9021286780772 2.35273424310417
169 11.6757655152491 2.29211024910179
170 15.9353515393331 2.18394760656862
171 15.8972941625474 2.29334369957873
172 16.430565832102 2.21663040105077
173 15.9365946483873 2.19739680113482
174 15.9154458492436 2.51278028028582
175 16.7818096522641 2.06923071173905
176 10.5834727578406 2.27574616827846
177 14.9979323600059 2.22082590173043
178 15.9382218654448 2.26404838287509
179 15.8972941625474 2.29334369957873
180 11.8108526472958 2.29334364163295
181 20.9742059655517 2.25527747814372
182 15.8972941625474 2.29334369957873
183 16.3926234181131 2.29334371068116
184 14.4633888102994 2.29334364683314
185 12.5023849230842 2.34183461508591
186 14.9120873215379 2.37182450858492
187 17.4238683763194 2.28996951931946
188 15.8450589244725 2.3911405610224
189 17.4925959336401 2.29334350356559
190 15.885629370432 2.16828885305417
191 15.8928632415201 2.25073228576627
192 15.8972941625474 2.29334369957873
193 15.9012103569244 2.33512541938375
194 15.88216382474 2.1454954444698
195 15.9075436011047 2.41343661499994
196 13.3787246365626 2.72534322788644
197 15.6670298479176 2.29334350670849
198 14.5692404004521 2.24094419863294
199 16.1304192488731 2.13066282983906
200 15.8948809294471 2.27023929738118
201 17.2131636135677 2.29699457843293
202 14.5058896943033 2.31478343493348
203 16.9170826413276 2.20785472383021
204 16.1391589980799 2.29334369170896
205 15.8972941625474 2.29334369957873
206 16.3219281085861 2.29334361201845
207 15.8972941625474 2.29334369957873
208 16.9467267691352 2.85946257992583
209 16.1850402364917 2.56871403312484
210 17.4354755957012 2.35061516823324
211 15.8972941625474 2.29334369957873
212 15.8870974753219 2.29334343681666
213 15.2441749958571 2.36526991411118
214 15.8921714999886 2.24402440967269
215 16.0774630621854 2.30885220684408
216 16.8383006651372 2.29334383793268
217 13.9946198401452 2.25220441362437
218 15.8804604746715 2.12504017971126
219 14.6544884238015 2.29334373174993
220 14.9324728521808 2.29334354048138
221 15.894458696993 2.27187394192142
222 15.7007663332591 2.55870579785853
223 16.5516888453071 2.18646582580977
224 13.1832151211584 2.23686929918379
225 14.5224935473527 2.44780298725532
226 16.9952547312742 2.36249857949146
227 15.8934467092806 2.25074929685286
228 15.6200828989637 2.57918675545094
229 15.4141284280076 2.40237447168348
230 15.8912099828852 2.23658687227821
231 18.1924180419939 2.59442586804853
232 14.51261180528 2.29334370302887
233 15.9017360518948 2.33723406337565
234 15.0993471365567 2.2057954533291
235 15.7054784919165 2.23116614551215
236 16.1716998487374 2.29334371876401
237 16.2032084548581 2.41782877899589
238 15.6983003224154 2.29334363182442
239 15.6366387597689 2.29334369674281
240 17.045787191745 2.63280891923044
241 15.9033789292378 2.35734195899049
242 16.3346787441064 2.2364661185384
243 15.6374524136384 2.26771848845671
244 14.0917482247759 2.52721494170996
245 15.9140088443361 2.49424324631997
246 12.1003499364716 2.32388808820159
247 15.9013340276354 2.3448822871825
248 16.0718036124202 2.29334370551944
249 14.5569384455315 2.30090228490243
250 15.8972941625474 2.29334369957873
251 16.8796283706337 1.88902361488098
252 16.1401944908894 2.17539864462104
253 16.031287204229 2.46760827676719
254 15.6861944595947 2.2513018864496
255 19.5129205910118 2.29334368945749
256 15.8972941625474 2.29334369957873
257 16.1161435944945 2.74506180606911
258 14.0267702337221 2.2394943366308
259 15.7990183396193 2.61087785179679
260 14.746992810482 2.49542471070166
261 13.8013194493774 2.32150757811718
262 15.8900830321653 2.22372154669104
263 13.4125138998981 2.66303393240881
264 14.9832192889134 2.35608576470007
265 15.9058096512055 2.39238644011844
266 13.3876313467997 2.29334368668768
267 15.8560684100572 2.29334371262007
268 15.4070748109956 2.31628385081132
269 15.6029001447686 2.16987846178063
270 16.3376961908435 2.31756682609074
271 15.7952735192786 2.29334370902334
272 16.1478450987886 2.43268251580532
273 9.3562287186572 2.30870179994396
274 16.6913365373789 2.29059826156272
275 15.894791839721 2.26934176220219
276 16.3240886570539 2.29334365809311
277 15.8977511861041 2.2977065844408
278 15.9106196069602 2.45134863586138
279 16.1493781014234 2.32150750771247
280 15.6065253885247 2.29334353617962
281 14.7452403621115 2.273633046396
282 16.2353280218978 2.32388820045687
283 15.8856557387567 2.18018452593739
284 15.8812565160616 2.29334353923383
285 15.5147421865737 2.28195942294148
286 15.724846289495 2.589322468676
287 18.5143531744094 2.20323649542932
288 16.9691940530075 2.10557049593679
289 15.8927175482142 2.24282371564761
290 19.5053057511326 2.55307605980907
291 15.7687850140093 2.60360244086469
292 15.905721798872 2.38470340706734
293 15.8972941625474 2.29334369957873
294 16.2480256540165 2.14465052603983
295 15.894564421038 2.26299302815732
296 13.612796583812 2.427033532302
297 15.6334657388697 2.48757479577789
298 15.5207022531817 2.29334367650233
299 15.9821500192769 2.32229969398104
300 15.9361666486382 2.80329291290801
301 16.2899427289355 2.46688864026953
302 15.9025967290473 2.35425995549596
303 15.8878504397184 2.20182875967585
304 16.4818186534086 2.34163959220382
305 15.9810602226217 2.28628175974808
306 15.8972941625474 2.29334369957873
307 16.0820618162895 2.23949413089964
308 16.5626209778274 2.29334352775153
309 15.3779503452027 2.20882123529098
310 17.2946624802996 2.25357298667912
311 15.8983635506094 2.30514438650795
312 15.8972941625474 2.29334369957873
313 15.4674970013608 2.22557540787153
314 16.1320249469075 2.33746296911243
315 14.6514659272271 2.26143010049698
316 15.8944898715217 2.26326232731934
317 14.5716581144942 2.39906653562219
318 15.8972941625474 2.29334369957873
319 15.7797961738085 2.29334361977419
320 14.4491068124478 2.30930835533419
321 15.8998155662134 2.31282270278949
322 17.1324147011862 2.20579537724454
323 14.6554296000869 2.30323806938681
324 16.1362195648444 2.56115251898832
325 15.8972941625474 2.29334369957873
326 13.2854540841726 2.31444230559502
327 15.8992808589176 2.3158544092515
328 15.2309616233991 2.29334361163919
329 12.2453796515314 2.29334383578704
330 15.9041098020685 2.38121581286562
331 16.5854530975896 2.32459641933822
332 15.793477754543 2.29334366875183
333 15.9989918567082 2.29304294426776
334 16.099760312816 2.29334356834698
335 15.6907715137488 2.29334362113663
336 16.3743912420789 2.30371812197364
337 15.6983003224154 2.29334363182442
338 15.4798269505196 2.49259458122176
339 14.2976600362024 2.29334344263437
340 15.6523482749031 2.29334361177804
341 15.9154709470059 2.50643574601608
342 15.8972941625474 2.29334369957873
343 17.3780711164179 2.2312871202461
344 15.8963223992894 2.28404183598943
345 15.9620341848037 2.29334384836774
346 15.8840569950338 2.25794859071909
347 17.8835725312624 2.62937217159921
348 15.8578646408624 2.31449685780865
349 16.321466623596 2.72808275989211
350 15.2593396345424 2.43846793010723
351 16.8857457561728 2.14359137786966
352 15.8937118010382 2.25343224770223
353 12.9685927232462 2.29053931630427
354 15.8977198858914 2.2974097188434
355 14.6483968241721 2.29334367409353
356 16.1337481050751 2.43247686068904
357 18.0389415786727 2.22837974426658
358 16.2842230969888 2.25590633905989
359 14.8244803382873 2.23489749699788
360 15.9570591677673 2.29334389642758
361 15.876694042367 2.09329215553899
362 15.9490090049197 2.29334397272507
363 15.8972941625474 2.29334369957873
364 15.9169907229955 2.53292809911315
365 16.6953191531311 2.25074955817771
366 15.9281439034706 2.42505724019626
367 15.8680362430011 2.29334373283842
368 16.2098740207318 2.49518807880405
369 15.190858321228 2.19709347063184
370 16.2636048405957 2.29334376305803
371 15.8881322821346 2.29334367667103
372 16.3592313738769 2.29334360171793
373 15.8816374125662 2.14022260630811
374 15.8188830550297 2.05959901924744
375 15.3979374197881 2.21189321055863
376 15.9268663881726 2.22189835054871
377 14.6601583898232 2.29334341245404
378 15.9277050968571 2.12921539608894
379 15.9024450553895 2.35247735248622
380 16.8173940178028 2.28690856637541
381 18.266872331488 2.35578530576077
382 15.8972941625474 2.29334369957873
383 13.6136492581975 2.29334364435912
384 15.902949093192 2.34684815731152
385 15.7071350639809 2.40497646349292
386 13.7044704640073 2.35605420816385
387 16.5032746309195 2.29334377402475
388 13.4655187505744 2.22082600484516
389 15.63852037556 2.15245679311558
390 15.6273888813041 2.28772197442874
391 15.3061370989462 2.45655318942727
392 15.8854077833279 2.16833852228545
393 14.8950150592688 2.18551315337048
394 15.885836454734 2.18199353139741
395 16.2365050183564 2.29334375354083
396 16.1622348741186 2.17721445119212
397 16.4303554780157 2.6033816627261
398 15.8866942805433 2.19045422662727
399 15.3764773808723 2.29334352326054
400 15.9055336913453 2.38358830394585
401 16.8829534371228 2.29334375988873
402 15.9251241853893 2.627747220034
403 15.2127256400631 2.31165593436915
404 15.8992174629521 2.3116558732515
405 15.9125857402702 2.47067609783688
406 17.1427097819058 2.4764511344406
407 16.1579565925412 2.5982572986843
408 15.894129861021 2.35134482508035
409 14.2519793693569 2.33284475212894
410 14.6503768884171 2.30277309499362
411 16.6479203651256 2.29334358782077
412 16.2198776161748 2.30339706279203
413 16.0070705190181 2.29334361319655
414 16.3168728446301 2.29334374537582
415 15.7116163325565 2.32356886651397
416 15.8962487704688 2.52550826481779
417 15.8903172364407 2.21711234656309
418 15.8972941625474 2.29334369957873
419 16.877668934945 2.17304048554191
420 14.001003320614 2.29334358687459
421 17.5893905194793 2.33981471679077
422 13.2274302275597 2.23274951882034
423 15.1065548933131 2.29334361542708
424 16.3185638889744 2.24606657973751
425 15.8393638597654 2.29334357611323
426 15.2421152420163 2.28402214247703
427 16.4505649893226 2.29334358508241
428 15.9088209258018 2.44647875486038
429 15.9544375548306 2.29334397489416
430 15.9665067036344 2.38014185716459
431 15.9872880005675 2.29334374261646
432 13.2920514294162 2.18038221854882
433 15.9014542681486 2.33277818190188
434 15.6251615832619 2.71175481186034
435 17.2336924376617 2.2933435252974
436 15.8972941625474 2.29334369957873
437 15.8968105933224 2.28870296306235
438 15.9096449361381 2.44543179310844
439 15.8969325385939 2.2925784279925
440 15.0278041601127 2.44342229298184
441 14.5769909764469 2.24948212665815
442 14.8448477111459 2.33721056393732
443 11.9934018732149 2.31419677024378
444 11.2063332734315 2.53157481490553
445 15.9033444316056 2.29334362545102
446 15.7889767078665 2.29334367711027
447 16.5725217472291 2.2311662887927
448 14.6956561465845 2.32910378883376
449 15.8972941625474 2.29334369957873
450 15.7053519091529 2.40237465307692
451 17.2429817370196 2.30238661572406
452 15.1263968226408 2.29334346142385
453 20.8714998237168 2.2920392245961
454 15.8218215771043 2.2933436814586
455 14.9353387155531 2.29334341704009
456 15.071075234185 2.29334367405796
457 16.2681760735576 2.34411759184771
458 15.5500561374977 2.29334367818451
459 15.9210582837796 2.58716396983626
460 15.8878716038078 2.19137969782522
461 15.8873943867456 2.28008110182821
462 16.1956625189466 2.25235213781943
463 14.7461318351625 2.27373287719583
464 15.8972941625474 2.29334369957873
465 15.5720568904411 2.49407131207118
466 15.4045646230675 2.2933435816255
467 11.1997504411917 2.55307618787229
468 16.6540523638096 2.60338161480112
469 16.0618690135799 2.41579937976199
470 11.5114815754614 2.2933437026278
471 16.6813634933251 2.29334358237387
472 15.8928632415201 2.25073228576627
473 17.2776296852023 2.29334379793178
474 13.579304879117 2.29334372259195
475 15.4233457591892 2.32129560561682
476 15.5900348222139 2.33890207330604
477 13.1119521781249 2.23685204566131
478 15.8972941625474 2.29334369957873
479 14.5104718416689 2.37866115607004
480 15.8972941625474 2.29334369957873
481 17.0898846753097 2.29334354357833
482 15.8972941625474 2.29334369957873
483 15.8824397699825 2.3786612476829
484 15.7436307831598 2.28989077577628
485 15.1886195321726 2.41579932493384
486 14.6565712246446 2.31519481750509
487 17.0040869551467 2.61302650608371
488 15.8924046095808 2.23949409629853
489 15.8992174629521 2.3116558732515
490 15.4930611237585 2.3202360380823
491 15.8882525148065 2.2057952326984
492 16.5854545662507 1.9047620563362
493 16.3971764520903 2.1588828785258
494 15.7075855911007 2.29334370034789
495 13.7644013466441 2.32078088368868
496 15.1004663221282 2.33808583877449
497 16.6746412808658 2.21949370388638
498 13.810186123169 2.29334356447225
499 15.9195729000554 2.26220603595383
500 13.3432737503994 2.30904614891711
501 15.2769367889217 2.33214626384357
502 16.4468671525024 2.16972815292626
503 16.1018546619007 2.29334362001551
504 16.8381269383542 2.43268260396625
505 15.8949549307873 2.26791036833577
506 12.1968542237852 2.27996423599081
507 15.862080005077 1.93967067576773
508 16.0137709947232 2.29334358735659
509 15.8218215771043 2.2933436814586
510 16.0116890501985 2.33135187095039
511 13.7590247821564 2.35918543832459
512 15.5821078337805 2.45134860475026
513 16.5244670206817 2.24801635871181
514 17.3181014134787 2.29334381860468
515 14.7864750190894 2.67926932695431
516 16.2619786799444 2.29334356897003
517 15.894791839721 2.26934176220219
518 15.5511280560028 2.34921523212327
519 15.8928632415201 2.25073228576627
520 15.1338717108798 2.29334363452363
521 16.6075334380174 2.60338158179284
522 15.1287320654203 2.29334370686581
523 13.2050207545838 2.30734068654458
524 18.3482740314811 2.29334372212585
525 16.1143768500124 2.2237215472221
526 16.7414809705274 2.55808088241161
527 14.7567441002286 2.29334369677545
528 16.1002130892664 2.16104163768279
529 15.8629584192496 2.46980731733059
530 16.6448160729652 2.3287685360831
531 16.1120045996888 2.28165002217056
532 14.8025162128778 2.17442989702967
533 15.5239998856288 2.76278216105735
534 15.8972941625474 2.29334369957873
535 15.8972941625474 2.29334369957873
536 15.9310076003809 2.29334398538234
537 16.6699127024872 2.29334376487294
538 15.8972941625474 2.29334369957873
539 16.1234302201548 2.40078514926078
540 15.8888116869137 2.21126834741473
541 16.3243464379973 2.16926107741802
542 16.0604490350641 2.22652027521799
543 15.9011916892871 2.33035450991316
544 15.873402766144 2.29334361907728
545 16.0683676431665 2.28778075074536
546 15.9279301147899 2.29334387806625
547 15.9132442402404 2.48451297714735
548 16.5517958108751 2.18137027361651
549 16.3624810536531 2.47431380988044
550 15.0792159005008 2.30268729475724
551 15.9949134962211 2.21734846101109
552 16.0717665870944 2.34023389177864
553 16.25029943453 2.16728850524361
554 15.8214288216331 2.29334375099493
555 11.7777852297381 2.29334349401759
556 15.8776795659498 2.09803964929406
557 19.0806668062864 2.18896319196378
558 15.4331277914243 2.33076181022826
559 15.1203168844611 2.23116614436329
560 15.888188609913 2.19470884214482
561 15.8537591059945 2.3823553446422
562 15.9048166076594 2.36428929594763
563 15.8938135167221 2.25992692424679
564 15.8972941625474 2.29334369957873
565 15.3986109763887 2.45134849802844
566 15.8924046095808 2.23949409629853
567 15.8156625040217 2.43792342041166
568 15.917064158107 2.29334394870323
569 15.8972941625474 2.29334369957873
570 13.6358094429896 2.49266620012033
571 14.6502747181531 2.29334349054744
572 16.3219281085861 2.29334361201845
573 14.6331739947654 2.29334361395197
574 16.2609745748328 2.62088743789495
575 15.2074579585026 2.3424923797305
576 15.6056644628561 2.26753900633299
577 18.0886611950841 2.42209297902052
578 16.830917461274 2.4362481457389
579 15.8803958303969 2.12774238837266
580 16.2973337190607 2.24282384995298
581 15.8983782112288 2.30368532353385
582 15.8892990183022 2.2063508588953
583 15.5822450372721 2.41625340116361
584 16.3908865713145 2.33815225150022
585 15.8924548424385 2.24000949118873
586 16.5792489371394 2.29334360543096
587 14.4345058098506 2.29334345681711
588 19.4497232797465 2.18991914084998
589 16.8107736063641 2.7101356575109
590 15.9820464928366 2.23127770931647
591 13.6057814016446 2.29334373597167
592 10.0044302044592 2.29334373121223
593 16.3295796093035 2.29334380818287
594 15.8941169167145 2.26283910625918
595 16.0200618917424 2.48451307014952
596 15.8981266305835 2.29530092550888
597 15.6791863102101 2.29334371148447
598 15.9277622926006 2.65381207976926
599 15.2131859486691 2.28129343647912
600 15.9354949153241 2.7931763582141
601 16.4106074157862 2.28438230578235
602 15.9066387888137 2.40237460029518
603 13.2756842247067 2.29334367740905
604 15.8872770022049 2.18593629684172
605 15.9303952173719 2.34165162619758
606 15.9032079853754 2.36141268160554
607 16.8152867888718 2.26370174786824
608 14.9435672504235 2.20862449759492
609 15.9185460093773 2.55348399578623
610 15.4451110639614 2.29651037797122
611 17.4535719044804 2.2812289411467
612 16.4508163638648 2.29334353535353
613 15.8576925452155 2.21930310397781
614 13.9868478640806 2.29334373190237
615 15.897037570572 2.28343156728481
616 16.1226053120913 2.39099693253738
617 15.8913929716805 2.23646588077796
618 16.714645875683 2.45134886056428
619 14.9435624977633 2.29334367622994
620 15.1287405546437 2.29115285953485
621 16.6151232175851 2.40618738341104
622 17.077865431776 2.24746339904493
623 15.2935621020102 2.16136552653229
624 15.2629360671968 2.20558167693691
625 13.1076357168741 2.43268243077545
626 15.8759718690844 2.07774273115177
627 15.8466293604819 2.29334353955436
628 15.1909927212533 2.29334357626227
629 17.1456202204151 2.29334360511895
630 15.9051254406343 2.37626700702623
631 16.1960220728193 2.2721620596889
632 15.0941247182638 2.27450496358215
633 11.5153633924437 2.35088787426559
634 16.717887426922 2.18579056611984
635 12.1934862305946 2.34953443855145
636 15.9285996425279 2.67812361375254
637 14.9398354196551 2.29334371006236
638 15.8869544330732 2.18188536157233
639 16.6569443129998 2.29334348191107
640 16.0537436481013 2.29334370720259
641 13.5755939702294 2.29334374436372
642 15.6994088035682 2.2736330323758
643 15.8972941625474 2.29334369957873
644 15.8970665398771 2.29076601824397
645 16.9751258325061 2.16122563271859
646 15.7140094205256 2.29334367580723
647 15.9267670306779 2.69664961139192
648 15.8267225002404 2.29334340812533
649 16.1618832389941 1.98433720906568
650 15.9620341848037 2.29334384836774
651 15.88141212574 2.49344980737298
652 15.9019259173093 2.35015624260868
653 16.1075499823504 2.29334374517744
654 10.6581813102613 2.29334369840603
655 13.3047680864019 2.41579936000797
656 15.0694629078193 2.42703350980217
657 13.3650920417041 2.29334372274946
658 16.3857329419479 2.29334365958782
659 15.872999566164 2.05276487650585
660 15.8012979104575 2.29334394057783
661 15.3167415233315 2.20989534922791
662 15.8809033896368 2.13322779613756
663 15.2568100105613 2.29334344371076
664 16.4869929154022 2.38862053631258
665 12.0461008556694 2.22940508916209
666 15.6397115411739 2.29334366137002
667 15.2354044850032 2.2933436493057
668 14.841467220834 2.30254274722922
669 16.1140947487363 2.29334371125259
670 16.3378419818891 2.17818425164059
671 15.8972941625474 2.29334369957873
672 15.8972941625474 2.29334369957873
673 15.9569255339929 2.07247327385764
674 15.8867062858149 2.18265584340133
675 15.8848492950652 2.17220936815108
676 14.9605025907149 2.46374201375375
677 13.2642337324619 2.45108551948534
678 13.0932864409381 2.62088750129262
679 15.6911848705215 2.22207551740686
680 16.0188819900089 2.21852310853055
681 16.5650553900597 2.20376436611913
682 15.6994120362089 2.2933435191619
683 16.0551343312542 2.35612866702088
684 15.8964894413839 2.28567486763792
685 13.9652252411953 2.2428236393532
686 15.358478765243 2.26883534047252
687 15.7551389768912 2.47067603405209
688 14.9086168160339 2.34453965321195
689 15.9057053771317 2.39114072482503
690 15.9827859892414 2.29334371971608
691 15.8917090945722 2.23953404483315
692 15.9130281982408 2.46159023491967
693 15.8972941625474 2.29334369957873
694 17.5004845263042 2.25590643744103
695 17.3768696767161 2.74488982705703
696 16.9863384509663 2.3374630655136
697 15.1503352711432 2.4609049867717
698 13.5129173627687 2.34969520124294
699 15.3991709908712 2.20862453399136
700 15.8972941625474 2.29334369957873
701 15.7845474669613 2.34366468730555
702 14.5504604605589 2.28232028644728
703 15.2541442803886 2.13226101970666
704 15.8737592871627 2.37234898269447
705 12.6839194000817 2.29334371189429
706 15.9008647260748 2.33404777317815
707 16.1455232006807 2.29334359690348
708 16.9366520428036 2.2933435814883
709 15.8964419214836 2.28519539128841
710 16.7909470373343 2.26427884010218
711 15.1912042912535 2.27199769277957
712 16.7985784116359 2.29334356876042
713 16.2657835145396 2.32846342714396
714 15.5779733980606 2.64522870637905
715 15.8974407622608 2.3022962027279
716 15.8580016537956 1.89640164742536
717 17.715129536779 2.41687836845252
718 15.9142947533272 2.18658954783674
719 16.3376961908435 2.31756682609074
720 14.7822156451379 2.33267313173578
721 15.0829343373691 2.55303317631322
722 14.9418286139132 2.32459653475446
723 17.449719197739 2.19318963937437
724 9.5078938741518 2.43268246811065
725 15.6360987757907 2.25806288622869
726 12.2382670580165 2.29334390292212
727 15.9197671585913 2.56976594018203
728 15.6562835301702 2.24213595854191
729 16.4826090463614 2.27259723321548
730 15.2711291159219 2.31628400008968
731 17.5409410422669 2.29334388569209
732 14.2548127294543 2.53433286007609
733 15.8972941625474 2.29334369957873
734 15.8930227903424 2.24613138791657
735 16.6458700391809 2.34313323447707
736 10.1973731289318 2.55307601863885
737 14.0172191433089 2.33071029903098
738 15.6494322110085 2.49542469962817
739 15.8972941625474 2.29334369957873
740 15.2834757992062 2.23749703900912
741 15.8972941625474 2.29334369957873
742 17.0519934764035 2.48616014968578
743 15.6124722073742 2.30786823630519
744 17.1007418920281 2.29334377626168
745 16.8798129853781 2.3590503801609
746 16.023767103818 2.63967943344355
747 15.9375523282854 2.29334380449411
748 12.8655142486407 2.51864425003542
749 15.7490427375148 2.1975015533129
750 15.8179137379081 2.64876804185287
751 14.2262668325568 2.29334369568837
752 16.6629682489879 2.29334363575535
753 15.8941346002354 2.2556341304303
754 16.337441552609 2.29334357311627
755 15.191500445607 2.27499930403727
756 14.3248421687728 2.43541771346466
757 12.8318269179976 2.34953454824614
758 15.5394291531882 2.36197046352904
759 15.8610185640664 2.2255013704739
760 14.6411154648246 2.1969429242103
761 16.6409101403924 2.29334371753697
762 16.1417963163619 2.31444250650729
763 15.8381526247137 2.49542454068878
764 15.9091173934223 2.43268249862699
765 15.8890047201474 2.20323651398484
766 15.5939333768008 2.38525505583013
767 15.9027291463139 2.35578506668543
768 15.1872346281055 2.22393720308863
769 15.877859542821 2.10219527766333
770 13.3776918633358 2.17443013840432
771 15.5505754193836 2.29843864071855
772 15.7920374470392 2.27124390424399
773 16.807986473784 2.27510585780808
774 15.8880530490364 2.19932298367799
775 14.9022785427311 2.17895822189463
776 11.616829904262 2.2279810153127
777 16.1745153733299 2.29334370178396
778 16.3638918147226 2.1618696005831
779 15.8858261118033 2.18189554631543
780 15.9956134883227 2.29334368411642
781 15.3977783487957 2.29334377105222
782 17.7582308687205 2.23851875988072
783 15.7936275946549 2.52579686729108
784 16.0974490559886 2.39081987909517
785 15.9004769568418 2.32356879245771
786 15.9235302021938 2.62088750468767
787 16.3585620482695 2.34953459572238
788 15.9106196069602 2.45134863586138
789 15.741371384971 2.29334359429015
790 16.6996602093896 2.29334353445195
791 15.9068259017335 2.39606201030554
792 16.3045469065574 2.48656287269692
793 15.5866915160544 2.29334361705825
794 15.9091173934223 2.43268249862699
795 15.9753661915848 2.47826537738928
796 15.6764160820191 2.62355415191325
797 15.8972941625474 2.29334369957873
798 12.3623956612872 2.3144968944532
799 15.8839807187589 2.16383500308514
800 14.197380053082 2.29334366575931
801 15.2390633390416 2.30341704208371
802 13.0731961895463 2.30238644081531
803 15.9068528352948 2.29334369515187
804 16.8840864529738 4.35629222727124
805 15.8945522657623 2.26704796799941
806 13.3401864019694 2.43268241969201
807 15.9112711710378 2.45451109939663
808 15.0618748194289 2.330568136594
809 14.7074337604224 2.29334372563612
810 16.8696802164812 2.54676120509357
811 15.8972941625474 2.29334369957873
812 15.7346099129105 2.21617347242625
813 15.8980781741308 2.30563217401589
814 16.1163976484265 2.47160369338493
815 15.2142101919847 2.29334360437941
816 14.6465182329278 2.48451290684812
817 15.9005756769598 2.33952379482757
818 15.313691096136 2.29334368313003
819 16.1194778889923 2.28122916010679
820 15.4358888273095 2.32088179451999
821 15.3499911605574 2.43427187323303
822 15.8975861680452 2.29611520000353
823 15.8368641902038 2.29334368649955
824 16.3976479866711 2.26482626407584
825 16.1357967149844 2.54550892777453
826 16.6739905526788 2.18086820497876
827 16.2522244943973 2.39260135768255
828 14.3123375845785 2.31670291628495
829 15.8943194224945 2.25746421851481
830 16.1253982822238 2.36972015618638
831 15.8931550766952 2.2475919555655
832 16.0204121837848 2.46760841149878
833 16.9267844992306 2.24163844355457
834 15.8539612716465 2.29334373097017
835 15.7248040075443 2.18137026515978
836 14.2319270147718 2.2933434939651
837 15.9002586786148 2.3215074995908
838 18.3404689773145 2.42351998281125
839 15.9265104701305 2.66240756584068
840 15.8972941625474 2.29334369957873
841 16.1468641123248 2.5622265193885
842 15.8824751329823 2.52897593353491
843 16.7904175411068 2.16828871249462
844 16.1905093214833 2.30084020948734
845 15.8610834086438 2.49542462569311
846 16.3385324196233 2.32670538585156
847 16.3434175892918 2.26113307669947
848 15.8972941625474 2.29334369957873
849 15.9043946102317 2.36033801146838
850 16.129327787787 2.34605479011663
851 15.1356459715506 2.29815158665342
852 14.95624284143 2.53397117158018
853 15.893705032517 2.25886553451744
854 16.625390111046 2.26990126327811
855 16.06524401242 2.32331603762574
856 15.8972941625474 2.29334369957873
857 16.6487654391558 2.29334366010747
858 15.5870749853155 2.32559907471868
859 15.6564198684309 2.18225059669349
860 16.3378997606371 2.29334360938295
861 14.9699216563613 2.13966486867575
862 15.8972941625474 2.29334369957873
863 15.6274690757341 2.17220920251975
864 14.6308082061049 2.29334363189098
865 14.5152751191609 2.32150757728633
866 16.5236870036566 2.48709044692693
867 14.7904142111223 2.72326302618566
868 14.3967220153089 2.29334359604267
869 17.0565744533993 2.52158514012407
870 12.4333981842942 2.55348423022985
871 15.2181872806613 2.29334368526226
872 15.8990260094181 2.30981554938703
873 15.8863288960234 2.17546311387623
874 14.2686718851696 2.38018605961482
875 12.4955136201339 2.28402238860613
876 15.8972941625474 2.29334369957873
877 15.5591823415236 2.40271820291581
878 16.6381747627469 2.29209754242281
879 15.6712611296555 2.17570023815962
880 15.6912438397018 2.2243609955232
881 16.7665866049265 2.90943421960331
882 15.5706947582888 2.23128703898886
883 16.1513422867503 2.29334372001071
884 15.8938448742622 2.26022353937951
885 14.8811863096647 2.17975881008384
886 16.6857013328285 2.29334359454888
887 16.2094674757249 2.29334364761252
888 16.0326628740281 2.62072040507225
889 15.8972941625474 2.29334369957873
890 15.4467909897489 2.29334357757157
891 15.8917783031606 2.23270674219242
892 15.8980843453753 2.30087552850659
893 16.5401249908208 2.35578510402957
894 16.04245635877 2.7676410272009
895 16.2200538620176 2.29334363812714
896 15.380280629511 2.40430769694482
897 15.9004145545946 2.33553926568088
898 15.8863563084689 2.20576313167088
899 15.9226658242743 2.60898786400053
900 16.2200538620176 2.29334363812714
901 15.2000079988821 2.30196689707794
902 15.9459600047625 2.95642192659413
903 15.4332750382597 2.66236473359838
904 16.3904333389114 2.47923223728986
905 15.8985051811879 2.30488897141388
906 15.3273900245309 2.29334367991911
907 15.1513691825712 2.29334362848298
908 16.1058267223024 2.20604251240543
909 13.2242013746554 2.19006944946597
910 15.8965558959359 2.28628180207266
911 15.9083916503953 2.43507555933333
912 15.8972941625474 2.29334369957873
913 15.8838811669735 2.1625737239573
914 15.1327122647002 2.26842559512678
915 16.0877987442973 2.39239607176549
916 12.2075799152332 2.45259416773637
917 16.1243259280385 2.42262969327964
918 15.9091173934223 2.43268249862699
919 15.8873024422629 2.18549413231781
920 17.1938190804342 2.41805751731292
921 14.4604165085221 2.27564090115231
922 16.443105843644 2.28122893951577
923 15.7492564067802 2.24479989540552
924 16.2435075693931 2.29334362604436
925 15.8330997858413 2.37182456312384
926 12.8898829205057 2.29334366299248
927 13.7804486076612 2.42703321320551
928 15.8952382726948 2.75163422328768
929 15.6366387597689 2.29334369674281
930 17.1601896318017 2.45134870052235
931 15.8913929716805 2.23646588077796
932 17.4991775135094 2.24282341271943
933 15.8972941625474 2.29334369957873
934 14.2064219715917 2.24094413812066
935 15.5765468592641 2.18730315364682
936 15.9116684857687 2.48564278547314
937 14.6308082061049 2.29334363189098
938 15.8386669148178 2.32292170825483
939 15.6864283643092 2.55941263787793
940 18.076098957968 2.29334384337646
941 15.075204674808 2.2933435602394
942 13.8886533773154 2.6063736781224
943 15.2691326983027 2.23665902810995
944 15.8848492950652 2.17220936815108
945 16.6848845760391 2.12457302251824
946 12.8052294416446 2.43860400356525
947 16.7110524880711 3.27219466282444
948 15.9413559774613 2.59395215151757
949 15.927040936038 2.30175843364
950 15.9119345404333 2.4609299105426
951 16.0364635394809 2.18759917476834
952 14.5315812608271 2.19211815156263
953 15.9066615443359 2.43227030222192
954 16.6482379091781 2.26073079156965
955 16.300546731109 2.22082596613927
956 15.1629526992337 2.36601816869743
957 16.5465132670405 2.49542471059461
958 16.6038772877837 2.29334348287455
959 15.9207540140883 2.58819348593564
960 15.7750860256588 2.40026145220307
961 15.8972941625474 2.29334369957873
962 16.218798417932 2.29334359308184
963 16.5395799551487 2.29334370543493
964 15.643379384591 2.29334345680642
965 15.6629517731041 2.29334351670115
966 14.0135782996719 2.25704326582126
967 15.878702054931 2.29334362404263
968 16.0485609099171 2.29334349846162
969 15.8972743563591 2.29310724104906
970 15.792036742679 2.29334358705658
971 15.154150464568 2.32129557474581
972 14.2151265221839 2.35751621015911
973 14.7412346897388 2.55760299866336
974 16.7553168493683 2.25203841201961
975 16.6198331967758 2.33184762058402
976 14.6308082061049 2.29334363189098
977 15.8334614987895 2.29334363193425
978 15.9385261814063 2.84050057841351
979 15.9425533113107 2.90194942171676
980 15.8890047201474 2.20323651398484
981 13.9289868419911 2.293343746423
982 15.0049471978859 2.29334370558913
983 16.0738507993778 2.14714250138535
984 15.6239238941803 2.16742920045088
985 15.8868809142902 2.18113372017467
986 15.8972941625474 2.29334369957873
987 14.5238864363059 2.3337899807831
988 15.8972471762832 2.29972037996693
989 15.4926199980608 2.48653202161484
990 16.0976695673059 2.29334362127511
991 15.1479543157788 2.31768758852507
992 15.1497229380606 2.23964940299597
993 15.5690196128736 2.29334359812834
994 15.896958891744 2.29013665189473
995 15.990697937387 2.31062528630376
996 15.9256921457736 2.63813800477451
997 15.5913147780904 2.30886984081495
998 15.8972941625474 2.29334369957873
999 15.9361881065448 2.80361498104891
