0 1.64224168644394 4.92124679321653
1 1.18567135683226 4.91756553765873
2 1.29720091531858 4.91970724561688
3 1.34113883264128 4.91749036108182
4 1.22952197342539 4.91316199668609
5 1.22078777435532 4.91225185322011
6 1.21746036919522 4.92074618212577
7 1.18520730701228 4.92542563905462
8 1.2343746883915 4.91749037471435
9 1.2192455695805 4.91600507059804
10 1.2051930336498 4.91848620268139
11 1.24001461953059 4.91749017114886
12 1.20606564941698 4.91560074681484
13 1.25334443311431 4.9174903855248
14 1.21739338902399 4.91164320304395
15 1.21766202034035 4.91749008115597
16 1.40525970302165 4.91812099734227
17 1.23194294372699 4.91883805829093
18 1.20174847547541 4.92120794747286
19 1.31840651720861 4.91251244929391
20 1.17523499985045 4.91972515286124
21 1.21216482611749 4.91993493017901
22 1.21736771230016 4.92531994404996
23 1.18052522068955 4.92421822581183
24 1.27469760780639 4.91719242158947
25 1.27632066723672 4.9123532287458
26 1.19644208607344 4.9279377938623
27 1.18165303916269 4.91749028502059
28 1.21741626674173 4.91644757990813
29 1.21744776330762 4.92264022238649
30 1.35588195700579 4.91749039881289
31 1.22554626517635 4.92757908274447
32 1.19581329254695 4.91749030075732
33 1.21744311221547 4.91992682894306
34 1.21743665798616 4.92369352127788
35 1.17582591566239 4.9172790570654
36 1.20030689973913 4.91981851739363
37 1.34099738642843 4.9187837026722
38 1.21743344075423 4.91749037187782
39 1.17846765668553 4.92636529151657
40 1.21926193373065 4.91807114070567
41 1.2174080464917 4.91532320938639
42 1.21212817928131 4.91327012881494
43 1.31439041930966 4.91970587892416
44 1.21738328299194 4.91070155274465
45 1.21743629319655 4.92279909362449
46 1.32272934860159 4.91749027395159
47 1.21743344075423 4.91749037187782
48 1.18719896027806 4.90863549477042
49 1.21743344075423 4.91749037187782
50 1.18218691700265 4.91749022707019
51 1.21742497492693 4.92040488110945
52 1.18434286584135 4.91749035007649
53 1.18052771588474 4.92921472120156
54 1.22073721650578 4.92574437776527
55 1.20910582472143 4.91561883070989
56 1.21743759036065 4.91802698713435
57 1.20659549506993 4.93119853538529
58 1.21743386489471 4.91848015490806
59 1.21743344075423 4.91749037187782
60 1.21743344075423 4.91749037187782
61 1.21743344075423 4.91749037187782
62 1.34865216353992 4.91749041086099
63 1.2129822088551 4.92168680111824
64 1.19100830214163 4.91749037270031
65 1.34113883264128 4.91749036108182
66 1.23217099035612 4.91652093491432
67 1.16466661431035 4.91622798925772
68 1.3731023645175 4.91749030002396
69 1.2898090240615 4.91187153778254
70 1.20869500854222 4.94084714276276
71 1.22228893294021 4.91432178935161
72 1.18012894341597 4.91749039373229
73 1.19926106371802 4.9167634458929
74 1.15922045902799 4.91749040204177
75 1.21179301789441 4.91749038158031
76 1.21743344075423 4.91749037187782
77 1.21472030651011 4.92048147826536
78 1.21743344075423 4.91749037187782
79 1.21742413043075 4.92032497911354
80 1.21743329437563 4.91720552231743
81 1.20185174319089 4.91835055847246
82 1.21923326750573 4.91749040275417
83 1.21743379192295 4.91843252057616
84 1.28433287030197 4.91749034164128
85 1.18581978867031 4.92190194130254
86 1.22789137304632 4.91933466329285
87 1.21966401468674 4.91607371204424
88 1.7073124503413 4.91785512020851
89 1.21102573061476 4.92291434663959
90 1.36761670838213 4.9167653112169
91 1.2073030417595 4.91749034040769
92 1.21676148808409 4.92120805828607
93 1.21742586582344 4.91652101576298
94 1.21741665281261 4.91534069039735
95 1.21743261824287 4.91596737942468
96 1.21743472079134 4.92012726961408
97 1.21743344075423 4.91749037187782
98 1.21743344075423 4.91749037187782
99 1.26952287971899 4.9125122454673
100 1.21743533282718 4.92129980223755
101 1.17975941156124 4.91677244047716
102 1.21746988156539 4.92759773307721
103 1.21743625794727 4.92282272839362
104 1.22642169328723 4.9174903841731
105 1.21742930401321 4.91698175940316
106 1.21743344075423 4.91749037187782
107 1.21743344075423 4.91749037187782
108 1.17783571967146 4.91443533917734
109 1.34319388144182 4.92022275513921
110 1.34867237692707 4.92311532495633
111 1.34944688229625 4.9202859367056
112 1.24833007554575 4.92070866418821
113 1.30297618730437 4.91592647347875
114 1.204109498283 4.91983881237188
115 1.21743805938505 4.9263651484749
116 1.18143354098402 4.9114355891311
117 1.23691301351091 4.91749020525326
118 1.18779872841193 4.91749041214087
119 1.21743524993554 4.9177313386447
120 1.20715047727225 4.92130475805986
121 1.20140012999646 4.93640776238459
122 1.186581012294 4.91749016059996
123 1.21605308754588 4.90353647732304
124 1.22175192771875 4.91749038219331
125 1.21743261723495 4.92059136584798
126 1.22955195997592 4.92201861584763
127 1.21741132823538 4.91461538591903
128 1.21743707652008 4.92422814457865
129 1.25456969413164 4.91757740799324
130 1.20053610053496 4.91761219062896
131 1.38351338878719 4.91749022672579
132 1.27280204274679 4.91855112500896
133 1.22999363356445 4.91749034224434
134 1.22051025015764 4.91642510274835
135 1.22910772146043 4.9209033698172
136 1.21743538287012 4.92124880891387
137 1.22140179225849 4.9174902344792
138 1.18412906992544 4.92105002577135
139 1.21256849648758 4.91495162933288
140 1.18730292070788 4.91864669633785
141 1.18440160266467 4.91379899139591
142 1.30359184870804 4.9151217331147
143 1.22191301054572 4.92583862924198
144 1.21105844142349 4.91749007903916
145 1.21743344075423 4.91749037187782
146 1.1922915288157 4.91749036078264
147 1.21089951904663 4.91749040678838
148 1.21740930578989 4.91887396859312
149 1.19074676607448 4.91657846661894
150 1.1850709644866 4.90555591756465
151 1.18601301131111 4.91770112668328
152 1.21743316240192 4.91724316218954
153 1.21743410098057 4.91892878009579
154 1.22497669045554 4.9174902813645
155 1.25475854704088 4.92028159394622
156 1.19836298583087 4.91749038577788
157 1.21743344075423 4.91749037187782
158 1.3618869339258 4.91223019174746
159 1.21741725244334 4.91404078332467
160 1.18598881551179 4.91749038358239
161 1.1911150054358 4.91749039455184
162 1.21743923522097 4.92818760869054
163 1.23829799461734 4.91412157422479
164 1.21743344075423 4.91749037187782
165 1.18352436595727 4.91194701263436
166 1.24589160605429 4.91509808757314
167 1.21744700601032 4.92197130819582
168 1.21742398239733 4.91832740251757
169 1.14816550594343 4.91112620618471
170 1.21804794371457 4.9143732836723
171 1.21743344075423 4.91749037187782
172 1.30745691724695 4.91160298991122
173 1.22556633965073 4.90999046879856
174 1.21743634721689 4.9232300321139
175 1.22843097612168 4.90347032348882
176 1.12338856420311 4.91621057025337
177 1.20543557193187 4.91194686184399
178 1.22474456083198 4.91533796310653
179 1.21743344075423 4.91749037187782
180 1.15101562679089 4.91749022777149
181 1.93037705464611 4.91467131452161
182 1.21743344075423 4.91749037187782
183 1.29983829418232 4.91749036426672
184 1.16731881083535 4.91749032558085
185 1.18775475003518 4.92082563029009
186 1.20407007928458 4.91878369328821
187 1.23549282181572 4.91724868408524
188 1.2073518449136 4.92012715314652
189 1.48281051311136 4.91749049997606
190 1.21743153030344 4.91391030563364
191 1.21740897067792 4.91432176619875
192 1.21743344075423 4.91749037187782
193 1.21744184571278 4.91923857877898
194 1.21734859852543 4.90531023925625
195 1.21743513609263 4.92071038138852
196 1.17991340894591 4.92824035708639
197 1.21445673262052 4.91749031055873
198 1.19924281991019 4.91355908556984
199 1.22051684674326 4.90690320870723
200 1.21742007061558 4.91580193847066
201 1.23315537246904 4.9177510589494
202 1.19824331540357 4.91899823393967
203 1.41479580257962 4.91506973384293
204 1.22048331196437 4.91749041050385
205 1.21743344075423 4.91749037187782
206 1.28806775744021 4.91749040405197
207 1.21743344075423 4.91749037187782
208 1.22962235338626 4.93116735694397
209 1.22076197480105 4.92221171632864
210 1.4218217483456 4.9210341106023
211 1.21743344075423 4.91749037187782
212 1.21730337035939 4.91749035909977
213 1.2087184716196 4.9198638804799
214 1.21740518353187 4.91380066567491
215 1.21969686672289 4.91791814294483
216 1.24055642858843 4.91749033374542
217 1.32603450496937 4.91443522727589
218 1.21736352397261 4.90619166185653
219 1.20045262057691 4.91749034516767
220 1.20263242839361 4.91749026666319
221 1.21739837684514 4.91401542216135
222 1.18142078708695 4.92225993121864
223 1.32806884428171 4.91166600643768
224 1.19628910836113 4.91662184243691
225 1.19831839953483 4.91792212380873
226 1.39911944776289 4.91773138681838
227 1.21743282118906 4.91629911311691
228 1.21354345390002 4.92458577031981
229 1.21098131203762 4.92042165218685
230 1.21739227759406 4.91246041109558
231 1.59442948709699 4.92654744957831
232 1.19836298583087 4.91749038577788
233 1.2174524770458 4.92009033296873
234 1.30506260348177 4.91070162151789
235 1.18656205665521 4.91278322238641
236 1.26308933922701 4.91749034470276
237 1.22113209031575 4.91849321710229
238 1.18434286584135 4.91749035007649
239 1.17408597949013 4.9174903929939
240 1.23094208996193 4.92611897734161
241 1.21744957245943 4.92037106893926
242 1.22293653873083 4.9132055775551
243 1.17458640404216 4.91677662871898
244 1.23699613678944 4.92358620677809
245 1.21743615197893 4.92276904173495
246 1.16581310119707 4.91832897929293
247 1.21741987760875 4.91779354760053
248 1.21964344214353 4.91749032391197
249 1.19899565997147 4.91571721204997
250 1.21743344075423 4.91749037187782
251 1.38767280764965 4.87044391371666
252 1.25969038067528 4.91412122817976
253 1.23727497063403 4.92209931070027
254 1.18302371701553 4.91436565315324
255 1.81886571785763 4.91749036098753
256 1.21743344075423 4.91749037187782
257 1.24797122849594 4.92868128746576
258 1.1910074420935 4.91597898338342
259 1.19687989780684 4.92560259360448
260 1.20081877860874 4.92279913690319
261 1.2683328541188 4.91946004841046
262 1.21739338850037 4.91218343196975
263 1.18054676628232 4.92820327298436
264 1.19640337177422 4.91919738382482
265 1.21743493544688 4.92016048779505
266 1.1805219515775 4.91749022778011
267 1.21690532534758 4.91749042020561
268 1.21098001811972 4.91812108661453
269 1.21376053226056 4.91395817713824
270 1.29028193670401 4.91919009612598
271 1.21612340275269 4.91749029706901
272 1.21898251712903 4.92120799173433
273 1.09030075034661 4.91791336367548
274 1.34957580124703 4.91729399940251
275 1.21741970548099 4.91573564484063
276 1.28843796482887 4.91749027140458
277 1.21743599036887 4.91780170781158
278 1.21743560625537 4.92168659592994
279 1.25888120885586 4.91946004718148
280 1.1690661155829 4.91749045716343
281 1.17616621875661 4.91605410252893
282 1.2313238782579 4.91832899919544
283 1.21736867763945 4.90849275488159
284 1.21477649150507 4.9174903330519
285 1.21246008145095 4.91717505376539
286 1.31420295582259 4.92516060847492
287 1.52100607272821 4.91493648539725
288 1.39901869062305 4.90133698922907
289 1.21743261152744 4.91607357233669
290 1.71302499087203 4.92421847931905
291 1.19194844249314 4.92550414494541
292 1.21744993118417 4.9210837402659
293 1.21743344075423 4.91749037187782
294 1.22193848316407 4.90523062916084
295 1.21743293741952 4.91664491055252
296 1.18412903457712 4.92106279632663
297 1.17078541900803 4.9239041066574
298 1.21252606021875 4.91749033651347
299 1.23114942005035 4.91797916527145
300 1.2174400713866 4.92996148554534
301 1.2806933328362 4.91695823977352
302 1.21743424222308 4.919149065592
303 1.21738094945294 4.91036697294904
304 1.22464208618441 4.92081271928731
305 1.23148637126395 4.91698153204254
306 1.21743344075423 4.91749037187782
307 1.26149060978928 4.91597909265435
308 1.32810518750297 4.91749027971137
309 1.20877768337951 4.91509771944343
310 1.45059669157592 4.91454058419116
311 1.21743436152438 4.91787920848998
312 1.21743344075423 4.91749037187782
313 1.21189621949718 4.9155811178856
314 1.25583829160024 4.91869660726013
315 1.2004349086119 4.91514004058493
316 1.2174289340044 4.9163337108957
317 1.27316858409476 4.92033519923699
318 1.21743344075423 4.91749037187782
319 1.19788833153827 4.91749018959797
320 1.16736199504475 4.91672032058995
321 1.2174603234998 4.92003679288761
322 1.30636744804613 4.91070170208904
323 1.20045795844905 4.91819306765917
324 1.25351103486444 4.92441393817776
325 1.21743344075423 4.91749037187782
326 1.18795558461762 4.91766479402412
327 1.21743368446832 4.9181099238792
328 1.18032922543962 4.91749019198368
329 1.15974716168668 4.91749036907886
330 1.2174130952775 4.91821985993729
331 1.33142665133737 4.91834836287411
332 1.20016403418542 4.91749015707736
333 1.23435423332735 4.91748193217495
334 1.25111193629792 4.91749037647511
335 1.18307976785093 4.91749035422707
336 1.29664814139133 4.91777742225875
337 1.18434286584135 4.91749035007649
338 1.15579124803903 4.92356687196128
339 1.33470454354658 4.91749035349903
340 1.17668819428785 4.91749033038196
341 1.21744761366146 4.9238440715357
342 1.21743344075423 4.91749037187782
343 1.35771897206453 4.91279293918339
344 1.21742812609584 4.91681875865305
345 1.22821306596968 4.91749040095408
346 1.26998439539575 4.91790372470743
347 1.40206471047811 4.92603856723196
348 1.21690313887306 4.91764840898073
349 1.28244305018778 4.92693116115641
350 1.24364071849717 4.91790362681973
351 1.22953954802452 4.90512865749262
352 1.21743366780425 4.91643917152818
353 1.16873868207625 4.91728897129761
354 1.21743570439894 4.91778050225156
355 1.20036225345139 4.91749031410128
356 1.25476391151833 4.92136595256504
357 1.57480391434325 4.91545750642848
358 1.28243782748239 4.91471957453855
359 1.25381236000677 4.91584789631317
360 1.22738566728082 4.91749034587986
361 1.21728804635011 4.89617373412238
362 1.22603547289724 4.91749013633975
363 1.21743344075423 4.91749037187782
364 1.21743678426409 4.92372659889844
365 1.35085095363455 4.91629912011195
366 1.22070170202672 4.92101167908289
367 1.21257705301924 4.91749034985199
368 1.26659833840824 4.92279263666573
369 1.17583206761439 4.91475787595747
370 1.27836595702425 4.9174903098466
371 1.21591983643119 4.91749039552435
372 1.21151777092535 4.91749030127449
373 1.21734547638524 4.90480538006886
374 1.28929562455524 4.89627677696913
375 1.21097862422528 4.91518774663086
376 1.22354440638313 4.91203530485906
377 1.20053521792205 4.91749042101618
378 1.21801788971735 4.91273934201436
379 1.21743429955159 4.91910051601605
380 1.37061023883311 4.91702775362247
381 1.38891750018233 4.91919005034008
382 1.21743344075423 4.91749037187782
383 1.18429815029907 4.91749025085418
384 1.2174641367518 4.92115539085753
385 1.18432853101258 4.91927234220533
386 1.15507433481988 4.91765613238335
387 1.22493636934007 4.91749034642938
388 1.20694375856851 4.9119471715717
389 1.17656108282429 4.91296078464843
390 1.25429506300245 4.91708587222891
391 1.20945663123288 4.92038071838582
392 1.21741812437844 4.91274951395911
393 1.20397115477119 4.90371723135151
394 1.21736953879759 4.90865348537355
395 1.27385807645812 4.91749036320859
396 1.26345593415891 4.90823031771025
397 1.19746629474648 4.92542556013485
398 1.21737451126691 4.90939233519739
399 1.21059359552139 4.91749021174173
400 1.21744755776171 4.9208685890737
401 1.26410614056867 4.91749028308527
402 1.21745810033072 4.92726928162728
403 1.2083481687371 4.91878171040455
404 1.21744394498994 4.91878164332897
405 1.21744586943122 4.92288252551596
406 1.26599171535458 4.92276001408066
407 1.22041764077365 4.92646252326005
408 1.21594914743189 4.92117288373546
409 1.16054160209225 4.91857227509953
410 1.18298633324733 4.9177508115942
411 1.35418527183889 4.91749036647484
412 1.22147704242534 4.91820412239366
413 1.23569354164169 4.9174903378496
414 1.22765202811295 4.91749035702775
415 1.21501572102002 4.91960058892536
416 1.21395012689415 4.92486987660032
417 1.21743227718835 4.91533828355925
418 1.21743344075423 4.91749037187782
419 1.22942706314595 4.90785696415412
420 1.19053845619608 4.91749044141242
421 1.65794351970342 4.91482364406545
422 1.1778562822278 4.91578662087882
423 1.20689586782191 4.91749040671546
424 1.29611853972796 4.91616659238741
425 1.20779696145522 4.91749035502493
426 1.20877465874192 4.91681712454004
427 1.22430253891114 4.91749038459211
428 1.21740101076266 4.91899411593598
429 1.22695010320357 4.91749035570364
430 1.22812721984688 4.91273954022674
431 1.21857865674697 4.91749033819345
432 1.17903728415988 4.91426828336008
433 1.21745583485782 4.92022268872235
434 1.2134744694828 4.92295148338501
435 1.32477177620569 4.91749038132712
436 1.21743344075423 4.91749037187782
437 1.21743078367277 4.91715656749376
438 1.21742338058824 4.92064696705494
439 1.21742288895258 4.91663271387824
440 1.20563362283671 4.92183177124835
441 1.19936638270563 4.9162632013591
442 1.2031675848324 4.9205189512905
443 1.15469756717687 4.91406042008583
444 1.14047523016458 4.92369340536902
445 1.21751032652822 4.91749037200366
446 1.21604125985133 4.91749023814745
447 1.33083208167788 4.91278323913387
448 1.21091607920193 4.91997574260924
449 1.21743344075423 4.91749037187782
450 1.21483893607457 4.9204216997605
451 1.31027641714218 4.91774078411715
452 1.20717255243042 4.91749019665637
453 1.99324157354208 4.91462058704871
454 1.20487872589698 4.91749022934416
455 1.20449268902988 4.91749033551932
456 1.20640049265567 4.91749036194824
457 1.27825504117007 4.92097623111377
458 1.21291593442877 4.91749038636021
459 1.21743736246381 4.92503892339434
460 1.21743199049791 4.91459072873239
461 1.21731693215756 4.91652948320554
462 1.26777022405337 4.91454948205738
463 1.32315998066839 4.91694565085817
464 1.21743344075423 4.91749037187782
465 1.17410660487376 4.92276467106876
466 1.21097186302179 4.91749041600529
467 1.11763744367625 4.92421859510307
468 1.33897664374999 4.92542540264162
469 1.25368486338102 4.92077122693719
470 1.14469614127029 4.91749037971015
471 1.34785718521201 4.91749027700178
472 1.21740897067792 4.91432176619875
473 1.4470414327612 4.91749033921095
474 1.21724433536999 4.91749040421507
475 1.21120301838342 4.91944613256092
476 1.2933978245522 4.91873556994715
477 1.17584471855725 4.91590353790277
478 1.21743344075423 4.91749037187782
479 1.19823287532152 4.9197981117936
480 1.21743344075423 4.91749037187782
481 1.34704291646808 4.91749038309122
482 1.21743344075423 4.91749037187782
483 1.30163511223595 4.9197980636058
484 1.1919413062952 4.91724306710893
485 1.20789775227444 4.92077122971021
486 1.20046457555064 4.91902652735497
487 1.30031676577526 4.92565382665151
488 1.2174326480734 4.91597906616305
489 1.21744394498994 4.91878164332897
490 1.20287087024158 4.91822921946281
491 1.21738328299194 4.91070155274465
492 1.2917515549896 4.87349693350449
493 1.30287009895413 4.90656627153834
494 1.21498527287874 4.91749038723725
495 1.17850765022221 4.91941031622608
496 1.20676102831302 4.91871341290135
497 1.22703488922584 4.91290920109368
498 1.18749971263358 4.91749034601403
499 1.22166201133049 4.91519951797861
500 1.17975438201575 4.9185998254032
501 1.17900861568819 4.9201810622444
502 1.31083387976559 4.91395381148966
503 1.25147125723175 4.91749044175213
504 1.22874232000747 4.92120807323019
505 1.21743082136291 4.91661271958983
506 1.1588090520459 4.91652098277241
507 1.21723013326641 4.87966214935709
508 1.21891118151287 4.91749033668104
509 1.20487872589698 4.91749022934416
510 1.23582464691566 4.92012711680823
511 1.18660826276297 4.92136438494377
512 1.22490367364293 4.92168652217953
513 1.26339310605634 4.91877222166093
514 1.45949550915857 4.91749017986686
515 1.14815911517189 4.92719472229676
516 1.2220059265291 4.91749037752534
517 1.21741970548099 4.91573564484063
518 1.2128548892001 4.91704438331038
519 1.21740897067792 4.91432176619875
520 1.20727420356444 4.91749035559217
521 1.22587418773119 4.92542540286517
522 1.20720385827887 4.91749038227178
523 1.11669268130089 4.91630712883801
524 1.62513539918841 4.917490313122
525 1.25471858472253 4.91218355069975
526 1.4828476731707 4.92433929352076
527 1.201938669958 4.91749036283151
528 1.3337794039652 4.9067651244865
529 1.21681584573299 4.92350826143581
530 1.3411613190371 4.91995308934834
531 1.25334809858339 4.91664503420099
532 1.38518721571954 4.90798158379522
533 1.32119471813151 4.92907390818158
534 1.21743344075423 4.91749037187782
535 1.21743344075423 4.91749037187782
536 1.22305183969851 4.9174904025086
537 1.58529498388648 4.91749037501152
538 1.21743344075423 4.91749037187782
539 1.25350892924654 4.9203798469983
540 1.21738648966457 4.91115930374625
541 1.29058399325364 4.90751563006377
542 1.27951552326085 4.9156081776753
543 1.21745467534969 4.92006000839885
544 1.2134698608777 4.91749028031918
545 1.20797635393752 4.91733668465626
546 1.22252908586534 4.9174902864453
547 1.21743608805085 4.92252520196014
548 1.32810336318437 4.91429734680411
549 1.29226662952976 4.92180328051802
550 1.20650482355852 4.91774838974738
551 1.24939467012503 4.91534503713701
552 1.24577708637415 4.91877132056553
553 1.27827927633816 4.90733729019183
554 1.20482432929277 4.917490412877
555 1.15032794789677 4.91749019261825
556 1.21734475050309 4.90322454085809
557 1.63229039876788 4.90926286534523
558 1.21429094218169 4.91883302630792
559 1.20713783721249 4.91278321479727
560 1.21743191981572 4.91468780423973
561 1.20893068352438 4.91989583972596
562 1.21747390193086 4.92228307099881
563 1.21741438225841 4.91502592336725
564 1.21743344075423 4.91749037187782
565 1.21072185529961 4.92168680721673
566 1.2174326480734 4.91597906616305
567 1.21623129105603 4.92134336364169
568 1.22073255418513 4.91749038445437
569 1.21743344075423 4.91749037187782
570 1.18445026660376 4.9255579954952
571 1.24201307904617 4.9174903138402
572 1.28806775744021 4.91749040405197
573 1.19574622042924 4.91749034821133
574 1.22166552331681 4.92583865452795
575 1.20825032159906 4.92086979584094
576 1.2315541928317 4.91560090710954
577 1.45979138334617 4.92093450407328
578 1.37061663211188 4.92129980192223
579 1.21733848131031 4.90358744164983
580 1.28476788574503 4.91607374890202
581 1.21743929138509 4.91822522704513
582 1.21743207800187 4.91502632847705
583 1.33890847673549 4.9181248706195
584 1.29876616028522 4.92058158416531
585 1.21743256989522 4.91599365989869
586 1.33087088602047 4.91749041161242
587 1.1460984702018 4.91749040403936
588 1.757841599507 4.91454754699659
589 1.36367360824504 4.92789772642831
590 1.21857878073504 4.91539175159224
591 1.18365646279484 4.91749040741438
592 1.1085442955416 4.91749040343135
593 1.23284249506785 4.91749038255379
594 1.21741587418345 4.91524653901869
595 1.24696983319532 4.92252518177933
596 1.21745648789997 4.9193133690068
597 1.18116349017357 4.91749041327802
598 1.21747113488362 4.92863906149111
599 1.20838470818932 4.91715574858953
600 1.21744005427371 4.9297412035107
601 1.30295326682388 4.9173058994731
602 1.21743501151579 4.9204216504479
603 1.17861305646973 4.91749030653725
604 1.21742821032463 4.91411604933016
605 1.22224696563916 4.91881030499709
606 1.21743452367339 4.91934029027706
607 1.37061386785254 4.91666363493846
608 1.22751876727498 4.91093877032169
609 1.21743707652008 4.92422814457865
610 1.21151506804844 4.91771656696903
611 1.45261461208955 4.91715417233323
612 1.30950733424425 4.91749031186084
613 1.21701303440592 4.91540140813732
614 1.19031507371272 4.91749034484049
615 1.21745616046292 4.91897566538132
616 1.25350879779322 4.92011769637209
617 1.21740026610145 4.91320545599051
618 1.21906345288695 4.92168681070848
619 1.2046095609216 4.91749034507602
620 1.20668113944039 4.91743026249925
621 1.22616581086293 4.92247768731021
622 1.35387174437951 4.9140685651796
623 1.20369309989688 4.90679517709316
624 1.18801608923639 4.91493307926153
625 1.27989038013025 4.9212080444822
626 1.21737591172638 4.90589086754452
627 1.20901640191565 4.91749031947299
628 1.31817304120061 4.91749024713624
629 1.23240199724878 4.91749033717413
630 1.21745351068441 4.92111507160388
631 1.26748661253118 4.91594573159099
632 1.20673936394413 4.91611890778836
633 1.22317738327288 4.91905800809981
634 1.35581351116897 4.90898620412926
635 1.15866228995951 4.91902242191252
636 1.2174555886071 4.92820648266374
637 1.20455763687566 4.91749039298365
638 1.21743183068756 4.91431193904552
639 1.34380654526214 4.91749013085021
640 1.24345724066288 4.91749034321877
641 1.18366800630449 4.91749039878889
642 1.1848547930548 4.91605442710127
643 1.21743344075423 4.91749037187782
644 1.21743328985503 4.91741961271563
645 1.39905543191334 4.90678235310505
646 1.18695610931533 4.91749021200512
647 1.21740243633121 4.92524909179876
648 1.2165287966376 4.91749040502634
649 1.22101999836596 4.89226279384901
650 1.22821306596968 4.91749040095408
651 1.22711608748017 4.92490895830145
652 1.21742451872074 4.91828449393015
653 1.25240768141559 4.91749028112198
654 1.12519399103142 4.91749031934813
655 1.21166088052899 4.9207714440953
656 1.20623282929029 4.92106271225251
657 1.18014014421244 4.91749033057685
658 1.22351636220553 4.91749023254675
659 1.21729550848003 4.89547473218672
660 1.22288266556268 4.91749033874115
661 1.28767547676803 4.91104578224335
662 1.21733863526133 4.90380326490544
663 1.2089684065383 4.91749038474815
664 1.35783780970546 4.91620331472738
665 1.15586707969582 4.91264264517931
666 1.17458684631231 4.91749028697031
667 1.20867523297821 4.91749040041088
668 1.20314802400926 4.91814408580838
669 1.2535074019649 4.91749039501759
670 1.29261339358578 4.91114159113924
671 1.21743344075423 4.91749037187782
672 1.21743344075423 4.91749037187782
673 1.23095097386551 4.90432179531841
674 1.21741409513508 4.91281197769284
675 1.21736399570471 4.90778128852645
676 1.27633899577076 4.92200162579344
677 1.1782361942984 4.92180948546652
678 1.17508716798981 4.92583860642134
679 1.18431100977563 4.91276773508089
680 1.23880138361609 4.91584033652093
681 1.22574183614646 4.91099158564041
682 1.1845171554301 4.91749029906223
683 1.24277207246716 4.91919862837328
684 1.21742912985324 4.91693753206981
685 1.1900352650205 4.9160737185565
686 1.24635915569903 4.91680807834379
687 1.191291296417 4.92288247753097
688 1.20407176029731 4.92100464714019
689 1.21743472079134 4.92012726961408
690 1.23165387433979 4.91749041917387
691 1.21740248852153 4.91344804593813
692 1.21747340774809 4.92452733641781
693 1.21743344075423 4.91749037187782
694 1.23635052137142 4.91471924750592
695 1.32015577872457 4.92867689642676
696 1.39791286411794 4.91869658555079
697 1.20733278141847 4.92386939252136
698 1.15732339164982 4.91841400816107
699 1.21506450224862 4.91093889758295
700 1.21743344075423 4.91749037187782
701 1.19784046059643 4.9209463778849
702 1.19893287572394 4.91687109116077
703 1.14980616907396 4.90434882678644
704 1.212546567405 4.91717282328803
705 1.16807674301377 4.91749039626792
706 1.21743394199201 4.91860477594767
707 1.22056334849859 4.91749018747126
708 1.3903228152676 4.9174903209838
709 1.2174285990698 4.9169032391954
710 1.36659967335831 4.91535580902793
711 1.20808522662319 4.91593302965124
712 1.38506638076167 4.91749042384553
713 1.22202659638264 4.91994499197192
714 1.212932533606 4.92715787483727
715 1.21741103021004 4.91593769858621
716 1.21720075709438 4.87097253947494
717 1.23851331565215 4.9211313891945
718 1.22190719229323 4.91445057802413
719 1.29028193670401 4.91919009612598
720 1.20225995764807 4.91856734667123
721 1.23067114618112 4.92421686808799
722 1.25019638606603 4.91834828979868
723 1.35159843463791 4.91526579005146
724 1.0945744718183 4.92120789078862
725 1.1745674722969 4.91488416453831
726 1.15960743457784 4.9174903647188
727 1.21743730337106 4.92462128852739
728 1.17811385111992 4.91605423383105
729 1.31515675031311 4.91597818462733
730 1.18778033429067 4.91812093962369
731 1.2727571231345 4.91749040231221
732 1.19420297496185 4.92126365884514
733 1.21743344075423 4.91749037187782
734 1.21743271685874 4.91616783443467
735 1.34115274292309 4.91975698386888
736 1.10578585985945 4.9242185519371
737 1.30049844741949 4.92008390558716
738 1.17345695826321 4.92279903765823
739 1.21743344075423 4.91749037187782
740 1.21745854322157 4.91328705965818
741 1.21743344075423 4.91749037187782
742 1.40639819828073 4.92516159988381
743 1.21372865440303 4.91851787103724
744 1.28231333616758 4.91749030676249
745 1.379967841475 4.91773611713616
746 1.23445834709907 4.92118705852823
747 1.22414073690848 4.91749039162401
748 1.18932432211976 4.9233745422883
749 1.19422847886659 4.91476976935187
750 1.18432404065995 4.92649112519849
751 1.19403933068717 4.9174902656598
752 1.34479746229965 4.91749007980126
753 1.2174425316589 4.91720701134923
754 1.29065922115181 4.91749031581337
755 1.20808711057319 4.91615549240558
756 1.14356416037325 4.92294746501697
757 1.29042754538025 4.91902236243303
758 1.1571893243092 4.91490480649531
759 1.21253828056944 4.91232717156036
760 1.20037368910912 4.91475345863232
761 1.34113883264128 4.91749036108182
762 1.22049201909225 4.91766492370243
763 1.20482712476871 4.92279908806706
764 1.21743543239199 4.9212080125953
765 1.2174320157964 4.91493671113446
766 1.16568096426013 4.91997215140428
767 1.21743419762412 4.9191898870586
768 1.20809253581978 4.9152074707458
769 1.21732370765834 4.90098515270905
770 1.18045978896606 4.90798159250019
771 1.2129187449716 4.9178536615748
772 1.20029317025201 4.91587685755985
773 1.2285513128605 4.91616318585926
774 1.21740264026614 4.91229114500364
775 1.20416642479387 4.91467849980569
776 1.13182370073747 4.91565009790342
777 1.26355755729788 4.91749041152343
778 1.29714922070248 4.91391484767386
779 1.21736939944898 4.90864488783369
780 1.23379893603812 4.91749010984271
781 1.21087981218848 4.91749015924531
782 1.48889851571688 4.9132676941372
783 1.19703127036537 4.92355087530298
784 1.21985447633946 4.91965986436665
785 1.21745064218784 4.91960060396206
786 1.21743797679004 4.92583867600432
787 1.22312591870625 4.91902245780218
788 1.21743560625537 4.92168659592994
789 1.19150754673081 4.91749038915743
790 1.22727096000526 4.91749028158287
791 1.21745406825242 4.92165482418756
792 1.28245889030282 4.92230039256286
793 1.16576705649918 4.91749034587448
794 1.21743543239199 4.9212080125953
795 1.22787306077501 4.92200100204266
796 1.17626065495873 4.92685692880009
797 1.21743344075423 4.91749037187782
798 1.19401543139573 4.91764815411943
799 1.217357690924 4.90686228252161
800 1.2598172772898 4.91749028118053
801 1.20871745359683 4.91820560302825
802 1.17508321037487 4.91774073690172
803 1.21902314183465 4.91749037569867
804 1.22799281512476 4.95586455444535
805 1.21741845384763 4.91556407297115
806 1.18243868597801 4.92120793722205
807 1.21744519820434 4.92244425863898
808 1.20623155394267 4.91851041565724
809 1.1682883377986 4.9174902255312
810 1.37552900823387 4.92406465951327
811 1.21743344075423 4.91749037187782
812 1.19160375506222 4.91335298131816
813 1.21742311944279 4.91700285631493
814 1.21534400330918 4.92220006211491
815 1.2083848005768 4.91749026644501
816 1.20012734757061 4.92252499724531
817 1.21741026308652 4.91688739983019
818 1.2428411604209 4.9174903246385
819 1.2545850989797 4.91715406297462
820 1.21137101946879 4.91941719409748
821 1.21008127100043 4.92124901760508
822 1.21743492439413 4.9176884568046
823 1.21665868992242 4.9174903443832
824 1.25815408945044 4.91539647174959
825 1.25352712199107 4.92507962500715
826 1.34858418313435 4.90886789735949
827 1.27502475455682 4.92016622906063
828 1.16953434431596 4.91527048410048
829 1.21744304112046 4.91730700987518
830 1.25458265965742 4.91412392539079
831 1.21743286258652 4.91620973792249
832 1.23546751320174 4.92209920555278
833 1.21392971194216 4.91835876683216
834 1.21687879366234 4.91749036816934
835 1.19046074754411 4.91429739131508
836 1.19412617446812 4.91749047445979
837 1.21744951369679 4.91945987536043
838 1.50582408393603 4.92178094699756
839 1.21743830954947 4.92680710614224
840 1.21743344075423 4.91749037187782
841 1.26681081340241 4.92443932226117
842 1.21176363924509 4.92362904816413
843 1.2481218232514 4.91391047549057
844 1.26609471613791 4.91769804918679
845 1.20863806185283 4.92279903619786
846 1.29028202814866 4.9194339269414
847 1.29220752721034 4.91511729335093
848 1.21743344075423 4.91749037187782
849 1.21747178687757 4.9220302046956
850 1.26680781564598 4.9189288061518
851 1.20729533036805 4.91783328077925
852 1.23824329787611 4.9250714177551
853 1.21741368774264 4.91494528312719
854 1.33895728822386 4.91577682835161
855 1.24485750414096 4.91958397366086
856 1.21743344075423 4.91749037187782
857 1.21082418844741 4.91749025778886
858 1.16544473352303 4.91690742628816
859 1.28695896270911 4.91432336672026
860 1.2907245636718 4.91749035293124
861 1.21803178886972 4.90475259799098
862 1.21743344075423 4.91749037187782
863 1.17451976275138 4.90778151895534
864 1.20010682377685 4.91749030540169
865 1.19837816685777 4.91945976456088
866 1.31884180780231 4.92259028188928
867 1.20199154961687 4.93032929124449
868 1.30715167373724 4.91749040396008
869 1.19731478734344 4.91996468786098
870 1.12830234575423 4.92422846407906
871 1.20843719379727 4.91749029927501
872 1.21744280747509 4.91865347963023
873 1.21743161603999 4.91412274174574
874 1.25777095314673 4.91983896669434
875 1.24868944546127 4.91681735308423
876 1.21743344075423 4.91749037187782
877 1.21291751342997 4.92043102389489
878 1.34070329200555 4.91745640228838
879 1.21372239641913 4.90999266493559
880 1.1843043821088 4.9122355198252
881 1.35381134533559 4.93329144976196
882 1.3327832517573 4.91279278712799
883 1.25969204614189 4.91749013313307
884 1.21741443865712 4.91504853735998
885 1.24679386708244 4.91424931168839
886 1.28971540846141 4.9174902112849
887 1.26937201241721 4.91749038797884
888 1.23551993490082 4.92627276510263
889 1.21743344075423 4.91749037187782
890 1.21153935725046 4.91749006484249
891 1.21743246655352 4.91578588725373
892 1.21743759036065 4.91802698713435
893 1.20659099677241 4.91918992746543
894 1.19819047238589 4.93015537025781
895 1.22148730024058 4.91749031677981
896 1.21052443774983 4.92047206113361
897 1.21741595656598 4.91722199788071
898 1.21728832341837 4.90063256182538
899 1.21743755651522 4.92555832779937
900 1.22148730024058 4.91749031677981
901 1.22616844883714 4.91810347629994
902 1.21744198796908 4.93318438924343
903 1.21098453954123 4.92680556047784
904 1.29667410196162 4.92390544087236
905 1.21743992450456 4.91830906256475
906 1.14671897556796 4.91749055889037
907 1.20751715133047 4.91749040632888
908 1.25349942465785 4.91447064860718
909 1.17785577702578 4.91455262969223
910 1.21742930401321 4.91698175940316
911 1.21741233129817 4.91956966169883
912 1.21743344075423 4.91749037187782
913 1.21735850404066 4.9069068204528
914 1.20727872345121 4.91566648085936
915 1.24784783218541 4.91780964468803
916 1.15881747554298 4.92171852286515
917 1.17216187951185 4.92307838992991
918 1.21743543239199 4.9212080125953
919 1.21743177387977 4.91441793024466
920 1.228239436592 4.91971154090092
921 1.30996296062371 4.91396500604929
922 1.26703289199272 4.9171540575779
923 1.19354303120822 4.91613044345813
924 1.2750231874637 4.91749037595099
925 1.21651891616984 4.9187837269248
926 1.17183256599583 4.91749020468549
927 1.21581651041531 4.92106271341803
928 1.21174466481234 4.92536084192772
929 1.17408597949013 4.9174903929939
930 1.23240431128804 4.92168672177187
931 1.21740026610145 4.91320545599051
932 1.31229943163683 4.91607382844447
933 1.21743344075423 4.91749037187782
934 1.19377865077613 4.91355889650928
935 1.16573838817687 4.91200444286382
936 1.21739790270191 4.91977457824298
937 1.20010682377685 4.91749030540169
938 1.20718225299099 4.91955649003243
939 1.17880426150467 4.92437181078776
940 1.45978910857075 4.91749041117486
941 1.18769726528706 4.91749041958909
942 1.18842178199716 4.92657680001061
943 1.20920337748109 4.91589871151346
944 1.21736399570471 4.90778128852645
945 1.35133323038433 4.90551119231544
946 1.17011354614916 4.91698154298439
947 1.34115213745296 4.93925094718421
948 1.22073692399546 4.92520133782017
949 1.22225112638992 4.91808943574171
950 1.21744886052042 4.9228476642463
951 1.2422360267806 4.9144803400285
952 1.21076352557196 4.90953624316758
953 1.21737387840772 4.91646076937052
954 1.22668559916901 4.91508690530206
955 1.28575919915665 4.9119472153933
956 1.20243513721988 4.91751466210723
957 1.32252238757876 4.92279909841269
958 1.22613618527702 4.91749006229816
959 1.21743010365341 4.92456886600012
960 1.19559436598399 4.92051613434593
961 1.21743344075423 4.91749037187782
962 1.22147125872238 4.91749038107717
963 1.28092776947478 4.91749029331423
964 1.1752075136916 4.91749032077577
965 1.17846304454044 4.91749024907863
966 1.22601048940642 4.91647656912088
967 1.21435187253802 4.9174903895571
968 1.28441837679292 4.91749040180278
969 1.21743338277519 4.91748388656592
970 1.19992445466369 4.91749041194001
971 1.20753289447663 4.91944590050571
972 1.22397559406557 4.92070184049929
973 1.20143206841053 4.9244800636673
974 1.22796949221502 4.91633504449042
975 1.19416615543051 4.91735211118656
976 1.20010682377685 4.91749030540169
977 1.21661631593218 4.91749041020986
978 1.21725056692903 4.93171626999356
979 1.21744130366836 4.93206101806253
980 1.2174320157964 4.91493671113446
981 1.13380961683132 4.91749022555139
982 1.20547579484551 4.91749017875965
983 1.37721734940305 4.9087899322425
984 1.17401624295715 4.90734948751733
985 1.21743163649076 4.91428977270135
986 1.21743344075423 4.91749037187782
987 1.19848174953358 4.91859722143621
988 1.21741197520436 4.91594563349386
989 1.2635099217071 4.92257590239571
990 1.21996589732913 4.91749035082907
991 1.2868896453979 4.91919831920984
992 1.20752143541658 4.91131458301423
993 1.1628270509552 4.91749038367236
994 1.21743165043295 4.91726002601941
995 1.23267652272209 4.91870992622999
996 1.21745464451295 4.92728742708438
997 1.24648771345586 4.9140374504539
998 1.21743344075423 4.91749037187782
999 1.21744003414462 4.92996893464074
