0 6.28212028402662 3.01807771310932
1 5.67282597081937 3.01807790310304
2 6.45573395202773 2.62342982555144
3 6.51512891997481 3.09012177644488
4 6.25331183699396 3.20570501941777
5 5.77610547141589 2.6234297294964
6 6.57074842619544 3.18552214682804
7 6.24334949236276 3.01807769571736
8 6.12009333772813 3.01807762151931
9 6.20178431634262 2.62342984091092
10 6.23587345994401 2.86552722588204
11 6.13854201364017 2.98408446193783
12 5.7931307670855 3.20937749134317
13 6.25317427477805 3.2033303034771
14 6.3011121858235 2.62342989893508
15 7.44028991227652 3.13080626216989
16 7.42384370749223 2.81904999995552
17 6.59339410080506 2.90114717680149
18 6.28513365903144 3.01807790278044
19 6.18837361091273 2.45532333294251
20 6.41778311533786 2.62342977949276
21 6.58119373461981 3.03094931885338
22 5.70010189081685 3.0197685599212
23 6.34782014648423 3.01807788894932
24 6.5824505089461 2.86731537122109
25 6.75888857817837 3.01807753170712
26 6.18701264661382 3.01807767189346
27 6.24198752817535 3.47186571334685
28 5.95443806361201 3.01807771030455
29 6.03328195188178 3.0180776583778
30 6.09357653696087 3.33693647890054
31 6.24863121945053 3.12174954047203
32 6.23466648982859 2.91449410923552
33 6.79763918089132 2.62342983040315
34 6.55162344951452 2.86921171186453
35 6.32657215114447 2.91254035261524
36 6.2324574175049 3.08061252613051
37 6.57297581984013 3.01976876177119
38 6.20699049027372 3.14801837899567
39 6.26040617581024 3.50636045787483
40 5.77205564668792 2.56837554705589
41 7.5013945294909 3.01807771373321
42 6.26817922735882 3.91783386315751
43 6.06261186427783 3.01807783557422
44 6.02693840768493 4.4820176005796
45 6.22571433914429 2.81737615671562
46 6.46158881617058 2.87016221880544
47 6.23587345994401 2.86552722588204
48 6.23125739168045 2.84947932721173
49 6.76064014832926 1.77320604055955
50 6.32452339232847 3.01807748385077
51 6.15799252286371 3.28963817463942
52 6.24912095692266 3.13086660457967
53 6.22270682296571 3.08872608088221
54 5.77610547141589 2.6234297294964
55 6.31927146847562 3.13080612662488
56 6.32437393544277 2.98081345932759
57 6.20178431634262 2.62342984091092
58 5.91131320201518 2.62342988427583
59 6.68106281005229 3.63218893541535
60 6.22852213485612 2.83017293556204
61 6.24178259022616 2.97683517984697
62 6.23552229380195 2.8820320625954
63 5.55104449430965 2.52770238023375
64 6.2276365012619 3.01807764097972
65 6.24334949236276 3.01807769571736
66 6.76368549618791 2.86921174402801
67 5.93599813162554 3.29028480012624
68 5.77610547141589 2.6234297294964
69 5.93850627400673 3.01807779510557
70 5.90051556802483 2.90475813505335
71 6.257217403595 3.45259059514338
72 6.24562373284134 3.0553352318813
73 6.23192160646086 2.85422108933747
74 6.24334949236276 3.01807769571736
75 6.24911738666994 3.13080622556725
76 7.89044520270666 3.01807788139643
77 6.12676714880529 3.05393735474797
78 5.90362659972983 3.01807790871879
79 6.02196844130684 2.6234299453337
80 5.95471471754233 3.07054716096244
81 6.24251041240727 2.99593028287465
82 6.26728357862775 3.12695089349767
83 6.2559411016494 3.37219731863519
84 4.46679219921992 3.01807772411968
85 5.39059390471001 2.73968410714029
86 6.56149511772204 3.01807788091308
87 6.87457689871672 2.96277007919479
88 6.17175552818252 2.72542346736896
89 5.99505233824622 3.01976859471776
90 5.90301538043393 2.82205660606401
91 6.24334949236276 3.01807769571736
92 6.24723005555589 3.13933203358951
93 6.24539848681827 3.13669704647074
94 6.18877515335658 3.01807780847929
95 6.43838790747828 2.86552725831674
96 6.25236163719796 3.18921850102878
97 6.25122141151883 3.16905235782287
98 5.87174284623081 3.01807783937182
99 5.62823045342457 3.01807774573699
