0 15.0328365470567 2.49639100115909
1 13.5257279433094 2.38626478642704
2 15.8999267997597 2.32328662591977
3 14.859557692293 2.38018593116984
4 15.9333070230168 2.29334354279528
5 14.919184822119 2.29579248579042
6 15.1184498284049 2.32391283408186
7 14.8470248414771 2.37543896184691
8 16.1871281838713 2.42486604697377
9 16.0104573579978 2.20076612450529
10 15.5845309035452 2.30107665182189
11 15.0167226543601 2.12186215222064
12 16.6296151268803 2.31995702495545
13 16.1897146814653 2.47166812700612
14 16.6175805692966 2.29334361497101
15 15.7521319509131 2.2933435052279
16 14.174858570967 2.29334374980977
17 16.5272622300641 2.01487086290929
18 15.5729538973054 2.45772767998899
19 16.1961361626973 2.55348413997461
20 14.6308082061049 2.29334363189098
21 15.9032034588226 2.3613697663058
22 13.5882426286822 2.14215479390302
23 15.1389509851137 2.35524825857195
24 12.9533533990915 2.21556301072803
25 16.3504976082205 2.37543911901426
26 15.8895352074403 2.20882125005069
27 16.417260498078 2.20243592873078
28 13.95144191955 2.37543909141318
29 16.0562833844424 2.27081157847723
30 16.6091157670809 2.21540686033947
31 15.9958693431668 2.29575987925481
32 15.002616406936 2.28165008722244
33 17.2512623054309 2.48889488013517
34 18.5970399622894 2.30107681849393
35 15.9141743282566 2.49639124732077
36 16.0306218244512 2.4285584128478
37 14.4045765082599 2.47166812549389
38 14.8526473335558 2.29334354099571
39 16.4160789922863 2.29334355782052
40 14.9468798638919 2.37420469279108
41 15.8972941625474 2.29334369957873
42 15.9155979302112 2.24825770026254
43 15.8895328114584 2.21215093871644
44 15.3087718463871 2.47166799079481
45 15.120603950395 2.29334356785886
46 15.06325755824 2.7157632648504
47 12.0032328733092 2.27300226599286
48 13.7865357274777 2.50872046925416
49 15.9005528225511 2.2154437486988
50 15.4587186650559 2.17546321166021
51 16.3356972270349 2.54435527438317
52 15.6459415815192 2.2933435752148
53 13.9324245172612 2.29334374815819
54 12.4480522648546 2.29334384509226
55 16.3388325391822 2.49110734898469
56 16.058325064161 2.29334372468941
57 15.9018664533126 2.34566824003666
58 15.5409080001809 2.20882115542031
59 14.0722533524222 2.37543913435566
60 16.0224702790438 2.49110723818857
61 16.0376610892347 2.37543898781644
62 14.8817419764096 2.3754390694262
63 15.0322125475348 2.29334372298949
64 15.5782519647438 2.29334347942635
65 16.6221660529517 2.40986950525964
66 15.9143782373809 2.15888305108118
67 14.7034113879262 2.2933436004861
68 15.6938438607547 2.29334340050588
69 15.3189969587887 2.523391345546
70 16.3715931581399 2.35002577461177
71 15.9043927446385 2.37543910347381
72 15.7667912347361 2.37543908844371
73 14.2324480240361 2.22265682446904
74 15.0240935902327 2.19683537666638
75 15.7386939206405 2.16333634871616
76 15.4769349653588 2.53780413680314
77 16.0499476530386 2.20323647805486
78 17.5253552096863 2.55348409284916
79 15.9864809869753 2.54435541512514
80 15.8868449911838 2.38018610394263
81 15.8830247660505 2.1536462157395
82 16.0210710545087 2.29452633246335
83 15.9797197584449 2.29987760246611
84 16.0787502914967 2.2933437471454
85 15.5641734231009 2.29334341521646
86 14.9654624775494 2.19683559142791
87 15.805809335314 2.49732432976536
88 14.7975649352889 2.49639107005442
89 16.3224516490181 2.29334366589794
90 16.0555757386694 2.26725015907803
91 15.8671126198288 2.29452653883148
92 16.5239865195516 2.18189547765299
93 17.1530197272354 2.33822406931098
94 16.5121384440272 2.62191865805176
95 12.5616207436542 2.29334365045697
96 15.9750641242729 2.19680895227341
97 15.5077832201083 2.26725025017372
98 15.1022747179111 2.15846648715802
99 14.7757893962164 2.45772742864593
