0 6.02073226943966 1.84569228833878
1 5.82655505806085 1.84569245026435
2 6.08654900645562 1.78358037921113
3 6.08720143229358 1.85570919236331
4 6.00924487172908 1.87104376312144
5 5.8742991025891 1.78358031702649
6 6.1066325276148 1.86842747584003
7 6.00915657519802 1.84569240723141
8 5.97168725238782 1.84569231153916
9 6.00894441957139 1.7835802374917
10 6.00917023349765 1.81037423344679
11 5.97769279094032 1.83781845006248
12 5.86578578025543 1.90389978506775
13 6.00924379930114 1.87073739061506
14 6.03955467122435 1.78358041415762
15 6.37353353330406 1.86120688842982
16 6.37327626716278 1.79962172305539
17 6.1176696680537 1.81862332319011
18 6.0216137060836 1.84569239415955
19 6.00876069242031 1.74031355952691
20 6.07810398901468 1.78358040592639
21 6.11091874822706 1.84750859463967
22 5.83612828686111 1.84609069189246
23 6.04011023442188 1.84569236867629
24 6.11472762408067 1.81103890532168
25 6.16319838323625 1.8456924506146
26 5.99214375299311 1.84569242097148
27 6.00444248393426 1.95191351774362
28 5.91966757010935 1.84569232325771
29 5.94465593047672 1.84569234500378
30 5.96036108454929 1.91950330419461
31 6.00920617506776 1.85999050026362
32 6.00914836884854 1.83963118726166
33 6.19255896996743 1.78358034141342
34 6.10647544723842 1.8237870485326
35 6.03499335822194 1.82126321014154
36 6.0053308371956 1.85620777834385
37 6.10753108348854 1.84609064226456
38 5.99677285773357 1.87577655705017
39 6.0095740022826 1.95872410211758
40 5.87424496836177 1.76941829386176
41 6.39428456132841 1.84569242597042
42 6.00799078812479 2.05398307636232
43 5.95384294889875 1.84569242342577
44 5.93012973831464 2.18460560573905
45 6.00906173612032 1.81732312377545
46 6.07766172130467 1.81145516854695
47 6.00917023349765 1.81037423344679
48 6.00907077628199 1.8207532242955
49 6.20343366269401 1.58766431781729
50 6.03328023838444 1.84569241616075
51 5.98063229744139 1.90855741080393
52 6.00921049371385 1.86121541316362
53 6.00179120115222 1.85551826791657
54 5.8742991025891 1.78358031702649
55 6.0330034940209 1.86120697039632
56 6.03319316777864 1.82672775261666
57 6.00894441957139 1.7835802374917
58 5.9184917561368 1.78358030136884
59 6.13503044260716 1.96554730337302
60 6.00906056005206 1.81775397303407
61 6.00911855807127 1.83614589611832
62 6.0090878720256 1.82574127263497
63 5.80361022217856 1.75893973355051
64 6.00623035312907 1.84569239488553
65 6.00915657519802 1.84569240723141
66 6.17149139680991 1.8237870402238
67 5.91062975525609 1.9006936743476
68 5.8742991025891 1.78358031702649
69 5.91454695785977 1.84569245117113
70 5.90388917980986 1.81787740960956
71 6.00955952719056 1.95416838735302
72 6.00915955214442 1.84773106127759
73 6.0090733134097 1.821485161441
74 6.00915657519802 1.84569240723141
75 6.00921044499667 1.86120688947585
76 6.50185304272035 1.84569241747442
77 5.97303561030579 1.84760229934955
78 5.90344428159504 1.84569235749867
79 5.95363796956801 1.78358030180182
80 5.91921819889963 1.85784432389056
81 6.00913616718969 1.84056070336384
82 6.01554162597248 1.86069033451337
83 6.00946499135842 1.92767310051105
84 5.35398141804643 1.84569241504994
85 5.72700862233938 1.80327319170301
86 6.10655206974219 1.84569246180751
87 6.20236516671844 1.83775047779238
88 5.99250353499788 1.78497046050081
89 5.93258543929486 1.84609070066571
90 5.90627088430877 1.81648361959522
91 6.00915657519802 1.84569240723141
92 6.00928445405311 1.8780137825628
93 6.00934219695978 1.89154542547202
94 5.9926928526164 1.84569237228658
95 6.06804317618057 1.81037421618084
96 6.00923738625819 1.86890961116807
97 6.00922821021767 1.86627346147683
98 5.89375873801158 1.84569236387706
99 5.80649687387784 1.84569245769425
