0 8.43027837123086 5.42138987092613
1 9.00308525674141 5.4924891741574
2 8.4191301789705 5.36911910586803
3 8.34667604006784 5.41198483812812
4 7.85421589422443 5.39042969744312
5 7.80628139841754 5.39556620339637
6 8.30236369421906 5.36659621418792
7 8.30229153865631 5.36588287593532
8 7.48837817793448 5.33724468894847
9 7.76593584387518 5.36506875134996
10 8.10829099897514 5.36613527088573
11 8.2149653620194 5.36635258902567
12 8.44635461968232 5.3661350712306
13 8.23303569563986 5.26152352728186
14 8.38154755436501 5.36613549310534
15 8.00180233478994 5.37148056690085
16 8.28250289790743 5.31565654921348
17 8.01441338028683 5.36613566065598
18 7.94027787366088 5.36588203497379
19 8.39235261950887 5.38292210190344
20 8.07568707575492 5.36557046356791
21 8.30555632928498 5.41527159691366
22 8.28330896864285 5.33074051974693
23 7.78829633433022 5.34466773567634
24 8.48356314675705 5.36613565465481
25 8.30231613133999 5.36613486434201
26 8.30231613133999 5.36613486434201
27 8.3025231175798 5.36814822212108
28 8.0694790849403 5.29709773593296
29 8.07618415402083 5.26152351383879
30 8.26785617602811 5.36613467807045
31 8.26777146941921 5.36531645080368
32 7.91127172004877 5.36588336755239
33 8.21130382149438 5.3661353216741
34 8.30231613133999 5.36613486434201
35 8.30231613133999 5.36613486434201
36 8.18341254389276 5.35248892274016
37 7.66903686935243 5.29770367409422
38 8.22063340802055 5.32222965414134
39 8.38336475540374 5.36486270241507
40 7.6985630673947 5.30877437556059
41 7.97187464995412 5.18945995348404
42 8.31963695002127 5.36635320806548
43 7.60115588841505 5.44384926115503
44 8.33135952787242 5.34394950943806
45 8.30229153865631 5.36588287593532
46 8.31620161110344 5.36692863830789
47 8.43731555999835 5.42312447304163
48 8.41890818972821 5.36695746385578
49 8.2577762231721 5.36588291322067
50 8.31221572660701 5.37628256511688
51 8.01540545027137 5.37628287765986
52 8.24520998978744 5.38869445023422
53 8.3161194744613 5.36613556466137
54 8.30231613133999 5.36613486434201
55 8.3023610654324 5.3665699422932
56 8.42184608275716 5.41883421202152
57 8.16749782872999 5.36715383853489
58 8.40499970790362 5.41494960279554
59 8.30233873307658 5.36635281746287
60 8.68736776824808 5.37084751352554
61 8.30231613133999 5.36613486434201
62 8.12136653933076 5.36671251822867
63 8.05722939290911 5.29855755312268
64 8.15765967064674 5.29772043639486
65 7.96836804643709 5.32407123884327
66 8.39757365688916 5.39765880853711
67 8.29415227751847 5.35416361538385
68 7.93280344349802 5.36607531395754
69 8.32016859456873 5.38246800985089
70 6.86774625563434 5.36588332289003
71 8.40783898392487 5.33880597052111
72 8.21863146704713 5.36657744849796
73 8.12071833019755 5.3065247584828
74 8.05720331120352 5.29829952389951
75 8.32581683377501 5.36645151961196
76 8.30231613133999 5.36613486434201
77 8.2187245646446 5.30620577830498
78 7.79413872612616 5.34492187052461
79 8.39238486685552 5.46773949321028
80 8.30231613133999 5.36613486434201
81 8.50120740102408 5.36613488840051
82 8.35641535830123 5.30652526570847
83 8.48141139220545 5.41944772485665
84 7.49194476752518 5.36613533967801
85 8.1049498834528 5.3667551062994
86 8.53336620138156 5.30489620473619
87 8.46039682847238 5.36613537039016
88 8.15774698055005 5.29855861520789
89 8.30240234296205 5.36695693336668
90 8.31846204988726 5.38124696197188
91 8.45330076562938 5.36852239912036
92 8.3021660742156 5.36468534311216
93 8.30250114093059 5.36792224818006
94 8.30231613133999 5.36613486434201
95 8.02583591929423 5.38292234376426
96 8.28061845739069 5.36608236901399
97 8.21490134475886 5.32880954457609
98 7.76600874951533 5.36588320932428
99 8.3023509575325 5.3664517691484
