0 5.96560621734783 1.95325112473208
1 5.82284626172764 1.89492603304336
2 6.00921891728683 1.86156515472142
3 5.93410572246284 1.89169482482912
4 6.01160703287108 1.84569230390074
5 5.91532802508219 1.84698961776881
6 5.96317740603752 1.85863932856061
7 5.91148135926073 1.8891800398451
8 6.05930382588235 1.90893668676426
9 6.03088219475042 1.79666379135706
10 5.99389945518829 1.8497998936448
11 5.94716260980672 1.76078975287566
12 6.14060171172601 1.85980149984229
13 6.05942360191766 1.94016624029083
14 6.0564762908375 1.84569244571718
15 5.96130876631179 1.84569235186978
16 5.88037240747959 1.84569236801833
17 6.1273728332265 1.71977918991384
18 6.03946340418141 1.93277034998124
19 6.05957393656998 1.98350611498358
20 5.91683845271246 1.84569237021565
21 6.00929613003166 1.88173876646998
22 5.97075079457598 1.77917489014875
23 5.95513395706596 1.87849615030811
24 5.77805321044207 1.79884938306824
25 6.08958990167785 1.88918009817422
26 6.00897333074253 1.80091892249783
27 6.04412267149481 1.80414211733591
28 5.90440642875913 1.88918013768419
29 6.03810574303292 1.83375657075744
30 6.13868273603589 1.8119224601699
31 6.02686953832884 1.8467178412945
32 5.94206794968195 1.84069522051011
33 6.1874970576009 1.94929145167447
34 6.29049246719881 1.8497999394266
35 6.00955507586482 1.95325121439381
36 6.03135614143211 1.91731840634396
37 5.95152369874622 1.94016620812099
38 5.93393658822456 1.84569235155923
39 6.04357399152848 1.8456924543127
40 5.93062374650092 1.89740718845475
41 6.00915657519802 1.84569240723141
42 6.01308991507037 1.82180938312441
43 6.00899913693425 1.80524455993051
44 5.99722554957518 1.94016620937963
45 5.95403756038521 1.84569228883234
46 5.94823419473966 2.06945729410552
47 5.71126663639789 1.83491717629807
48 5.87462890293082 1.95546520396493
49 6.01109083447788 1.81194274624797
50 5.97909120097261 1.78324835081523
51 6.08476260227428 1.97865889262871
52 6.00527549669302 1.84569243441706
53 5.86019938393436 1.84569239580045
54 5.75980440079885 1.84569240139925
55 6.08598440553259 1.95046347720944
56 6.03815379353099 1.84569243797105
57 6.0092644557036 1.87340978714284
58 5.98477764055975 1.8009188483082
59 5.87155099965802 1.88918012067944
60 6.02909405865475 1.95046356110152
61 6.03330261095793 1.88918014274544
62 6.01889257126953 1.8891800633014
63 5.94747005270814 1.84569245855319
64 5.95334777904288 1.84569230940299
65 6.13975757626554 1.9073149397924
66 6.0145162930579 1.78673930434116
67 5.99806954402138 1.84569236878101
68 6.07516568809059 1.84569222508103
69 5.94238265062712 1.96755375824534
70 6.08164712027676 1.89086272391917
71 6.00932417541293 1.88918011937735
72 6.02962127957483 1.88918015003327
73 5.97007932460122 1.81511381647064
74 5.94728158600755 1.79457006624449
75 5.98279342613205 1.78874521832403
76 6.05076157409554 1.97518835826936
77 6.0379569950027 1.79797186545323
78 6.18016876620774 1.98350612603873
79 6.02197962213012 1.97865890236091
80 6.00610508454702 1.89169488829922
81 6.00894347288553 1.78389766160068
82 6.03142757176137 1.84619236681989
83 6.0239097415264 1.84902644706133
84 6.02140044434399 1.84569229139286
85 5.94920642930879 1.84569236346837
86 6.1244764569054 1.79457009020065
87 6.03191725746533 1.95363356463975
88 5.92892254685254 1.95325116480904
89 6.08568497890068 1.84569241583542
90 6.03811495184609 1.83450410175345
91 6.00370296382176 1.84619239065773
92 6.07764789474028 1.79706808363832
93 6.16854114189883 1.8646516481369
94 6.11555014082654 2.01974610552227
95 5.75963203463456 1.84569237243558
96 6.02482455806932 1.80370227936667
97 5.98222501083006 1.83450427840592
98 5.96295008423878 1.78809208892123
99 5.91722536784586 1.93277041489643
