0 8.18448919903832 5.36883759668833
1 7.87180150476104 5.36738977050163
2 8.30236037444999 5.36654267895595
3 8.1259029568925 5.36730791141991
4 8.30812113807342 5.36613516080424
5 8.1004515935922 5.36616801362368
6 8.26109862501767 5.40788696149591
7 8.08980714441254 5.36724451104198
8 8.55794367196147 5.44842198715304
9 8.3435062672954 5.36485695853504
10 8.26124411748161 5.36624100958445
11 8.00962652058507 5.29078403104421
12 8.54995407126261 5.36649812562622
13 8.39661859499875 5.36851605748707
14 8.41499213674198 5.36613512581064
15 8.21848300914859 5.3661352338984
16 8.00197509941557 5.36613550503155
17 8.09260339735929 5.15654282009978
18 8.33136663416418 5.36833354208524
19 8.3967267935755 5.36957386810444
20 8.08609729758013 5.36613458670726
21 8.30241224523986 5.36705621889644
22 7.81889854813363 5.22786385616771
23 8.17501423157656 5.36697366610349
24 7.92480976423717 5.45391613445386
25 8.45368865951928 5.36724458111014
26 8.30219634668146 5.36496941644719
27 8.23359341365298 5.2913572901311
28 8.02410539414381 5.36724430961887
29 8.35693033512887 5.3658273902979
30 8.38608171543114 5.28420743111369
31 8.33833341639737 5.36919090178321
32 8.13471654855148 5.35185296835873
33 8.65596689924957 5.36874070831025
34 8.88872774424949 5.36624076426802
35 8.30259320547404 5.36883790077516
36 8.34382647789158 5.36795033892937
37 8.12477066196678 5.36851620295533
38 8.12579004507163 5.36613550613347
39 8.38417926553957 5.36613536961226
40 7.97309421210173 5.28647107100725
41 8.30231613133999 5.36613486434201
42 8.3098473502851 5.36551672453414
43 8.22623989781192 5.3336145716535
44 8.25000102012227 5.3685154905721
45 8.17265583197381 5.36613422184582
46 8.15787672332584 5.37161275336171
47 7.59627001487929 5.36585663496379
48 8.06010495058751 5.41596927561017
49 8.15017177664919 5.28424225553207
50 8.23181188988465 5.36450202513262
51 8.4442124189514 5.3694573477185
52 8.28263426327917 5.36613528080287
53 7.95574539608154 5.36613500022156
54 7.7018302920369 5.36613531380377
55 8.44662896060959 5.36876901987462
56 8.35696258791563 5.36613577826746
57 8.30239029256271 5.36684469133563
58 8.24506496536726 5.36496952173395
59 7.98148301127497 5.36724445247993
60 8.33942413296565 5.36876922975273
61 8.34761741307946 5.36724428329586
62 8.25889348965112 5.3672449299575
63 8.15731927994686 5.36613531503572
64 8.19667363282647 5.36613502665215
65 8.54855100889023 5.36876383166612
66 8.04128158474149 5.23944934086775
67 8.21624775617235 5.36613507458351
68 8.39528985152085 5.3661357065955
69 8.16395666287478 5.36918694133649
70 8.16689283514144 5.24230955327199
71 8.30243110180713 5.36724430330965
72 8.3272163620388 5.36724473405743
73 7.99520016817607 5.29069525537562
74 8.15721859455739 5.36480151003381
75 7.98917772962622 5.24264597572194
76 8.3430725110126 5.3693730464664
77 8.35683166611909 5.36489166914461
78 8.65737462325546 5.36957468469241
79 8.32592441604216 5.36945723241885
80 8.2963535566182 5.36730701096076
81 8.03113356686841 5.23936899764197
82 8.34553655019868 5.36762068131687
83 8.33135335791527 5.36769376775976
84 8.33135053914232 5.36613517831264
85 8.18934297312241 5.36613529828636
86 8.42728803702909 5.36480158391308
87 8.33311156441963 5.36991088502335
88 8.11351085526382 5.36883706318195
89 8.44653377523318 5.3661352830544
90 8.28384203973567 5.33535595651885
91 8.29328196442924 5.36762060194465
92 8.20909578741292 5.25654155895591
93 8.77082873285856 5.43003740898322
94 8.50206690992864 5.37044307643756
95 7.71006764331693 5.36613501110197
96 8.14186566613646 5.26841050650424
97 8.16660561961782 5.33535590806061
98 7.90273497574658 5.2281184774504
99 8.09420773373908 5.36833383022614
