0 5.93003198267344 1.84569223491482
1 6.11574249529587 1.84569244281776
2 6.03148730601177 1.94929535038606
3 6.09402790691024 1.91802535856316
4 5.96433559832052 2.04584561623032
5 6.00924695321805 1.86882438772477
6 6.0552766165355 1.88542882260473
7 5.98574035796721 1.91620356925904
8 5.9199657145792 1.91950321381161
9 5.80622444820151 1.93374872468668
10 6.06232944338824 1.78635480956602
11 5.79292719524035 1.78856763913325
12 6.00911846182966 1.83462442412064
13 5.94798549086975 1.81241651069398
14 6.16687997494902 1.83142643944834
15 6.08753468572775 1.90510319790831
16 6.01663163096426 1.83271491483523
17 6.14708390503678 1.78752302032586
18 5.95218977332878 1.84569239332736
19 6.08787147411114 1.8101352257082
20 5.96455260324563 1.91902532484403
21 6.02861609545784 1.7333344197183
22 6.06466463300724 1.98579294746345
23 6.0090856048444 1.82506341816626
24 5.98431247844603 1.82936455953556
25 6.0720070418187 1.86963343183848
26 5.93592063316955 1.82292218184485
27 5.95481607417685 1.84569222592621
28 6.03810817277365 1.84569245045325
29 6.07832445220028 1.84049883490809
30 5.72278515826632 1.84569233082695
31 6.00916562900821 1.84796820828514
32 6.00948997383656 1.9333792652792
33 6.13505402588067 1.82213177993076
34 5.93003198267344 1.84569223491482
35 6.22607985856839 1.79462695493628
36 5.99703820584938 1.89019265723304
37 5.9111649181747 1.83578441306107
38 6.00153695074686 1.8331638265231
39 6.00921687001892 1.86101896571908
40 6.12754095191065 1.75271327898671
41 5.93005952354337 1.84569238660445
42 6.14092161769027 1.8463950607369
43 6.00938015770089 1.90430184399019
44 6.23236462097142 1.84569240222554
45 5.99942457790661 1.95765441086096
46 6.00915657519802 1.84569240723141
47 6.10339420880515 1.8623652921496
48 6.00915657519802 1.84569240723141
49 6.06965987669183 1.86397030698141
50 5.91410590237377 1.84569244904915
51 5.93534998314941 1.84569238633924
52 6.00923326822903 1.8652516851939
53 6.00915657519802 1.84569240723141
54 6.00987718007724 2.05103221324291
55 6.08116577080257 1.8103741999827
56 5.93686599010642 1.88919710351412
57 5.98386800790359 1.88855377329773
58 5.98416859923643 1.85938050618417
59 6.03839564230487 1.82507502256988
60 6.00912223741096 1.83570829217625
61 6.08745562263872 1.84569240776825
62 6.04139363547243 1.86065189593422
63 6.15491794610068 1.84284906940865
64 5.97281998657033 1.8248950378205
65 5.96839022118773 1.86416169945142
66 6.00881894751569 1.75447501415307
67 6.04211357844288 1.84569243041776
68 6.00887611544312 1.77829890414357
69 6.16247220912613 1.81883820876744
70 6.03280534602297 1.86080108507947
71 6.10308662122959 1.83661251920258
72 6.00889947980358 1.78037295748878
73 6.01204001013515 1.8438504343783
74 6.00910131676723 1.83498542089279
75 6.01256618897528 1.94319268308582
76 6.01007010615564 1.87814329332803
77 6.06490545982617 1.84715106076513
78 6.05970501319584 1.89531308049922
79 5.87225338953247 1.93340753572291
80 5.92995962790889 1.87367117329612
81 6.09921143086154 1.8456923442215
82 6.05814636841627 1.91611251870245
83 5.98324415347272 1.83708046954666
84 5.97650807274195 1.91407579121656
85 6.02503604077823 1.96614285784345
86 6.08790613341146 1.96208224763791
87 6.17677067372528 1.95280057430142
88 6.02087224960604 1.85322032354761
89 6.077295720624 1.84569226638503
90 5.91060768484285 1.96268364852855
91 5.96714636991579 1.87169597813363
92 5.94411630935939 1.84569233695587
93 5.98931762416596 1.86379522786091
94 6.00963348938851 1.97629459631388
95 6.03464269425719 1.80039771932288
96 5.99795728015778 1.83830047999851
97 6.05505432194323 1.83501959956106
98 6.09941022770622 1.88566418681574
99 6.00906833052286 1.82003807110675
100 5.93989829234677 1.84569240853073
101 6.30773784494351 1.83830049859903
102 5.96825012445793 1.80502696439077
103 5.79680937125089 1.80502686815435
104 5.96303750964237 1.83830046608436
105 6.02057862131265 1.79573445768798
106 5.97537755727058 1.83721551223461
107 6.00921242293435 1.86036238388255
108 6.00915657519802 1.84569240723141
109 6.39012345571413 1.89038590304921
110 6.04220511223241 1.78204042567518
111 5.33129561112308 1.83732186744124
112 5.96272836802104 1.84435775417824
113 6.2395012258825 1.9229363906817
114 6.00915657519802 1.84569240723141
115 5.48560218048222 1.89434591873033
116 5.96483133722766 1.95045215082333
117 6.24694048423936 1.83955223096628
118 5.97758987866717 1.87283208833734
119 5.63994119238941 1.85303140161839
120 5.79077923784609 1.85241695182117
121 6.05901156277021 1.84498289230023
122 6.00915657519802 1.84569240723141
123 6.00907617669066 1.82232810263713
124 6.00915657519802 1.84569240723141
125 5.8592723308114 1.96681403472418
126 5.91262347916195 1.86696977663614
127 6.00917879802234 1.84529770261118
128 5.85847947150666 1.78928710305123
129 6.00911482709704 1.83521304827988
130 6.0099255715225 2.06635829865035
131 5.97270823351334 1.84569244516679
132 6.00915657519802 1.84569240723141
133 5.93284232212224 1.84299253847981
134 6.07055971703233 1.85976442229657
135 5.93317569101321 1.78635473371906
136 6.0416177291 1.84569243767591
137 6.0249076608994 1.92725406993759
138 6.00915657519802 1.84569240723141
139 6.00915657519802 1.84569240723141
140 5.96914266931748 1.84569242254321
141 6.00898136588185 1.79448769990106
142 5.95074508378255 1.84569239860606
143 6.01156052008672 1.91950317220143
144 5.96693169966445 1.83657706578599
145 5.89164372379073 1.90717459661649
146 6.11258763437041 1.86965502085964
147 6.00912830664482 1.83616938053798
148 6.08656970276776 1.84888990042586
149 5.98357873002269 1.81663227506404
150 6.01697629621999 1.92476322796202
151 6.0092104999359 1.85941465162446
152 6.00513331554645 1.79399142396322
153 6.00901452312329 1.80426400564721
154 5.89556343451868 1.82625151397062
155 6.00904801793834 1.81409479334513
156 6.00105296352457 1.82938559935875
157 5.92126101100239 1.90985809402267
158 6.01506907965945 1.85051413337144
159 6.08559071232179 1.84569241557278
160 6.00896304951712 1.78910424759216
161 6.05237304812825 1.81700993226542
162 5.9621105784065 1.8456924025052
163 6.00232107829211 1.91950326610261
164 6.00926783153135 1.87427463148282
165 6.00915657519802 1.84569240723141
166 5.77624284600155 1.85015115901946
167 6.06805124067898 1.907578824015
168 5.9926578603924 1.84779493361035
169 5.97251713427987 1.96784647349842
170 5.96453564885976 1.845692240616
171 6.00894312243295 1.78317648532955
172 6.00891622097577 1.78753791887339
173 6.00942336353943 1.90925118674866
174 5.95655099362762 1.89972510412662
175 6.03825870474926 1.89436784825443
176 6.00944393287243 1.92172208224697
177 6.00910103417302 1.82957552097485
178 6.02897931170544 1.94539724870021
179 6.00886344049936 1.77226216079809
180 6.00915657519802 1.84569240723141
181 6.00416239189632 1.8228689052472
182 6.2843108118918 1.83087656452261
183 6.00985259780246 2.0429916471324
184 5.83035665654363 1.84312970929141
185 6.00885934258737 1.77258790224626
186 6.03583607771979 1.84569236796329
187 6.01004843043521 2.10649376249486
188 5.85506012892665 1.84569243322028
189 5.89562428540911 1.8456922696215
190 6.0377531925933 2.03211989067413
191 6.13824710676403 1.8456923474718
192 6.00915657519802 1.84569240723141
193 6.05500699116391 1.81966665887911
194 5.89579480560835 1.89325352687029
195 6.00937703417198 1.90199963545831
196 6.02536650310279 1.90240736127401
197 5.89660614727807 1.81883827595616
198 6.01855008342872 1.85953975027328
199 6.00915657519802 1.84569240723141
200 6.00918995819634 1.85531445681874
201 5.97360110858637 1.79509938670915
202 5.96865794035781 1.80915777984076
203 6.00512221938723 2.04885145129676
204 6.01362447947407 1.90764705592533
205 6.01009018194557 2.1181060496394
206 6.03239204897855 1.84569240377045
207 5.96684213619181 1.84569244955405
208 6.0493098819619 1.94680342853548
209 6.00915657519802 1.84569240723141
210 5.97083360715264 1.84647064914633
211 6.00895776149791 1.78752311742926
212 6.00571550865276 1.83671854964517
213 5.81273502873692 1.90141918264625
214 5.69338889473515 1.84569241095912
215 6.00915124682581 1.84495478530216
216 6.04784862068884 1.98213164885742
217 6.00917440160159 1.85019817387321
218 6.10533421146479 1.89375758767755
219 6.16246707573116 1.82154768709083
220 6.02585793448359 1.84185791191855
221 6.02531932152215 2.00190465386555
222 5.73086501851337 1.91620351027032
223 6.00934347793187 1.89434589640257
224 6.00924603962123 1.86214034699692
225 6.15798341730456 1.84569246306876
226 6.05549710854908 1.93362366598733
227 6.00915657519802 1.84569240723141
228 5.98100261178927 1.84569239669485
229 6.04737952270309 1.84569235225359
230 5.92107111494938 1.85779256858834
231 6.00951904651358 1.94120326213612
232 6.26789202566297 1.80617262179773
233 6.01205864407722 1.85180122093785
234 6.08045618089692 1.85657587621245
235 6.05573178128306 1.91950329041592
236 6.00938195927803 1.90479115237883
237 6.00904199579587 1.81319896750575
238 6.01364655825935 1.86696965765016
239 6.00965896297583 1.98367683884679
240 6.00920926750626 1.85910742838962
241 6.00574628917436 1.84569233113212
242 6.05520265929421 1.85563710839605
243 5.84932817998743 2.13365513322968
244 5.92883153550456 1.88210273682853
245 5.99470773866368 1.83761725359291
246 6.08565283914683 1.86036988472237
247 5.95894069243039 1.84569242750633
248 6.0650488792269 1.86218814487841
249 6.17095132107664 1.81381003384276
250 6.0022854622257 2.04342388492203
251 6.00916444903995 1.84767234369003
252 6.00911767173102 1.82810463278411
253 5.99836541872372 1.82056928277774
254 5.92499190396847 1.84569238226728
255 6.00915657519802 1.84569240723141
256 5.98435712994107 2.03575495983482
257 6.00888701459799 1.78079076133398
258 6.00907041088529 1.82063474659774
259 6.00926362554979 1.87318224458586
260 6.00945065431584 1.9241904853305
261 6.00917772076734 1.85180268920452
262 5.99711763457861 1.84569239260897
263 6.08539323938772 1.90783144587305
264 6.01657996365191 2.0013130322457
265 6.00907066232176 1.82069192558318
266 5.96031278449951 1.8445090773012
267 5.88363855992092 1.83033998042308
268 6.00917410182215 1.85076328691589
269 6.15176712575031 1.8411182966188
270 6.00919946422879 1.85657033392831
271 5.95502135784887 1.76241530630456
272 6.07508057181558 1.84569240190851
273 5.94049978035994 1.91814574904072
274 5.97156995140659 1.90810210460319
275 6.00917214250356 1.8501722735347
276 5.96186279628109 1.84569241019883
277 6.00904230178531 1.81241645179932
278 6.08560640710952 1.85017219740885
279 6.02189340865375 1.74587179332148
280 6.00905417659676 1.82142882287859
281 5.77632536579162 2.13517052020602
282 5.89947742893887 1.77382775994449
283 5.85350376474883 1.84085657014135
284 6.04914223650444 1.86158785743159
285 5.97760909493275 1.92685377942578
286 6.00909703166584 1.83080966257709
287 6.00703829822683 1.86971475091432
288 6.02254043943142 1.81722379621538
289 6.08634860445756 1.79289735760365
290 6.01114243119492 1.87458066410909
291 5.78970441071343 1.84569242248937
292 6.00915657519802 1.84569240723141
293 5.96044516658034 1.85241688838182
294 6.00441993943781 1.8939702099446
295 6.11740390548061 1.84569245615768
296 5.84040763655199 1.82494844018353
297 6.01535821752017 1.94284948032003
298 6.07524818961287 1.80910956457889
299 6.17661736829497 1.8379963806911
300 5.90547335367526 1.84569242078843
301 6.04728957865827 1.8435402192144
302 5.99953492063782 1.84569243096428
303 5.94140613647813 1.90757859365031
304 6.01508793485731 1.85302923189245
305 6.03952259599512 1.94019693763444
306 6.14975553514571 1.81883819054003
307 6.06509603272908 1.77541281196163
308 6.0725461547007 1.89397017879665
309 6.05999740888289 1.95387695603108
310 5.94448836636685 1.85265584517727
311 6.00804577601734 1.85494527149447
312 5.99742273143092 1.87342118016921
313 5.94694839796044 1.85480955035693
314 6.00883722044374 1.76950380843959
315 6.29988521791922 1.90103363414406
316 6.04885417498795 1.84569225899474
317 5.97961857893045 1.79136123189356
318 6.08143145184883 1.84569243902765
319 6.08640386924588 1.84569238913633
320 6.00959781814128 1.96534383775884
321 6.00953196717842 1.94741673843478
322 6.07141160353354 1.97876116540416
323 5.9726917555347 1.84929959323162
324 6.00915657519802 1.84569240723141
325 6.0865600717047 1.96681411349037
326 5.96881169620797 1.85494678745732
327 6.04195612341746 1.84569233399848
328 6.00940871991671 1.91209596556846
329 5.98345387909007 1.88528652568513
330 6.00898444322586 1.79538941872683
331 6.00915657519802 1.84569240723141
332 6.00943201513558 1.91853609891852
333 6.00899070954739 1.80394083911579
334 6.00942373619344 1.91620353158147
335 5.9952384693798 1.97028707103269
336 6.09952492779826 1.84569238396078
337 6.08607840570012 1.83687663013151
338 6.00905878186008 1.82143393115255
339 6.00769750672265 1.81883828170142
340 5.96279182699949 1.84569245560324
341 6.01019685502958 1.83450006990638
342 6.00930410431114 1.88383257134593
343 6.00918981178386 1.85525511323472
344 6.04225541910661 1.86812183195141
345 5.99310123917045 1.84569233046832
346 5.99625454798456 1.84569245731134
347 6.03717113767775 1.80920222548795
348 6.08558692677241 1.96144354225369
349 6.01265086875072 1.82825157623131
350 6.21310118737593 1.8456924552061
351 6.00902185887901 1.80641798364143
352 6.16700958864479 1.99849122275956
353 5.92379554707775 1.84569229309626
354 6.08556254828643 1.83761738301427
355 6.009629672855 1.9749950663009
356 6.00294293329105 1.91620349215101
357 5.79938307559992 1.89325334524598
358 5.97958259236047 1.83897572289956
359 6.05310582098869 1.84569242872695
360 5.98249114747694 1.80206809209441
361 6.03373072117067 1.80902029711039
362 6.1779207620546 1.82937341134987
363 5.99654340625401 1.88391214950173
364 5.95248947822349 1.90059240982738
365 6.08596912994319 1.90430174249197
366 6.04977490506486 2.38084725940712
367 5.99719292856919 1.81586987906527
368 6.00915657519802 1.84569240723141
369 5.9662206101269 1.8456924337145
370 6.0859926518809 1.95279609896448
371 6.00927025420946 1.87583597037346
372 6.0857258262444 1.8801344274176
373 5.96888032672058 1.80461735820407
374 5.89576090120813 1.88357080436457
375 6.00842507812332 1.86236527019273
376 6.00942373619344 1.91620353158147
377 6.00915964836749 1.84658750470962
378 6.00950716464218 1.93986289797509
379 6.00915657519802 1.84569240723141
380 5.96980964570702 1.81524434291771
381 5.98318365004566 1.81920138578448
382 5.99437261272684 1.81161440396622
383 6.00913104523091 1.83830044417717
384 6.00943129389363 1.91802547339
385 6.04004956041547 1.85380062978189
386 5.98314051219159 1.84569243639716
387 6.00915657519802 1.84569240723141
388 5.96919328892718 1.89012914397106
389 6.04516511638862 1.78914235832269
390 6.00918316530676 1.85241694467652
391 6.05499437259309 1.79538943395453
392 6.00906296776478 1.8220164762332
393 6.008967898149 1.79053407974555
394 5.98049222216054 1.84569240867023
395 6.08039093035377 1.85527294695046
396 6.00913990034157 1.84086228962385
397 6.02321271949427 1.91620354497799
398 6.10063370077123 1.93464768299145
399 6.04433072966012 1.86768730003776
400 6.01402425257825 1.84608315276033
401 6.04087717244008 2.02537752761809
402 6.01211944260595 1.82167744717033
403 6.44446217558632 1.85708597970877
404 5.96726801344745 1.86241660675153
405 5.99310123917045 1.84569233046832
406 6.01475331513285 1.84569243782022
407 5.97364635062402 1.92592068350194
408 6.03819395553167 1.84569242076204
409 6.00985442751802 2.04357188833399
410 5.9822769874209 1.85494536763267
411 6.03734495204665 1.91466729663309
412 6.12653253676154 1.84216667553786
413 6.00904368746202 1.81904340338006
414 5.7827878981 2.07734281566169
415 6.0859926518809 1.95279609896448
416 5.38359438226649 1.84569239211507
417 6.00864991374282 1.84569229376017
418 6.1094784349911 1.89087969809115
419 6.00915657519802 1.84569240723141
420 5.97016871348386 1.84569242285866
421 6.12964407122462 1.77003671354016
422 6.00934807477188 1.89233060060833
423 6.04731422794068 1.85062391151699
424 5.97825663465359 1.89348108090183
425 5.93005952354337 1.84569238660445
426 6.13874770663254 1.81883830613171
427 6.05809770136808 1.98219228994902
428 6.00844886353918 1.65168817664739
429 6.00915657519802 1.84569240723141
430 5.81384744237384 1.84569243181233
431 6.00915657519802 1.84569240723141
432 6.13899756292788 1.81156579521677
433 5.88634993957853 1.91174545798447
434 5.82369318763876 1.89328764838534
435 5.96479608160262 1.9381408717651
436 5.88349445562816 1.88019696645922
437 6.00963234912963 1.97579154733162
438 6.08674510079203 1.85659304775688
439 5.87227963014348 1.84569239675828
440 5.24801764943172 1.7644978781371
441 6.00902185887901 1.80641798364143
442 6.00921332437732 1.86108779915395
443 5.9648666363073 1.76927203313037
444 6.00898944847177 1.79823908665575
445 6.08617877154062 1.86082777901561
446 6.03208165250539 1.95799736590476
447 6.10373222376043 1.84569244489441
448 5.97666552697455 1.93095342487079
449 5.8622872705097 1.84569232701895
450 5.96473424876857 1.92396358268322
451 6.12329054236049 1.85267416802563
452 5.9536205909589 1.84569229420249
453 6.00915657519802 1.84569240723141
454 6.01402193028471 1.95808683910506
455 6.01203548693039 1.80357005863127
456 6.12039196072474 1.88080432130135
457 6.00923974819002 1.86696965731392
458 6.00908526488109 1.8299250587828
459 6.00451391915797 1.92734664738312
460 5.87768912683326 1.86236524049549
461 5.98862616449699 1.84569228770727
462 5.97205468880884 1.84569243257762
463 6.01889922931599 1.80750689012298
464 5.8477396714084 2.05598565137427
465 6.00915657519802 1.84569240723141
466 6.44427278731323 1.80563284990684
467 6.28853523600062 1.84569243316102
468 6.00938358221893 1.90276760803951
469 6.00948514498887 1.9343348905095
470 6.08822578904064 1.84569241821522
471 6.00899698567869 1.80652839806148
472 6.09773470741058 1.91982178105048
473 6.03704622133863 1.8456924184937
474 6.17088839027621 1.84569231284685
475 6.00919194174812 1.85587901828165
476 6.00889577652745 1.7749158123188
477 5.97523871345254 1.83671845663552
478 5.97637244461161 2.05853786983694
479 6.02818560872671 1.84569229864401
480 6.10165047207222 1.84569237813133
481 6.12404932500449 1.84569244206073
482 6.11567035622043 1.82506337237992
483 5.98451835655556 1.88220533438424
484 5.88913061139259 1.84569243439125
485 5.96097989189473 1.86447591927646
486 5.8592723308114 1.96681403472418
487 6.07742278162199 1.80475377158564
488 6.05078790411643 1.81188752613649
489 6.00903011090177 1.80882713501816
490 5.89553832782358 1.82191174892306
491 5.92854387302179 1.81214504583131
492 6.00943641789604 1.84569245692341
493 5.89043631688099 1.84569243238011
494 5.95302684083675 1.81883815737585
495 6.00902020291686 1.80593531117022
496 5.98370604651113 1.8456924170298
497 6.00812580942491 1.89758267406139
498 6.01654372844809 1.92684242672843
499 6.46469414808867 1.80091891478272
500 6.00943563476655 1.91950328644752
501 5.96207452001146 1.78707410968628
502 6.00915657519802 1.84569240723141
503 5.95684438228163 1.81883832187769
504 6.03577379664064 1.83552553899965
505 6.21843865824009 1.84569241732722
506 5.96671038236287 1.96470454652333
507 6.12119909624797 1.68104223309432
508 6.02485777759477 1.82489500925015
509 6.44434052998316 1.82418066872099
510 6.00921034448406 1.86119405707268
511 6.00905572857957 1.81631697494608
512 6.05997516744875 1.84569241918574
513 6.00975102749047 2.01143965123434
514 6.11078358638742 1.872905907439
515 6.02725633208348 1.83142642762477
516 6.00933170460068 1.89119420663363
517 6.00915657519802 1.84569240723141
518 6.05338567158167 1.84569229596048
519 6.00939885005163 1.90742436985027
520 6.0091449244385 1.84231332007925
521 5.89713010624792 1.84569227789351
522 5.92901183390401 1.84569243690035
523 5.96267637030761 1.81181728249391
524 6.14092451403531 1.84629549844781
525 5.99020192817987 1.72477149143846
526 6.09665932708737 1.84569234962013
527 6.11100880094664 1.86970038055307
528 6.0167936309339 1.92998247084592
529 6.26802278748107 1.9052463111071
530 6.01479099449023 1.81549976984582
531 5.95091832368868 1.82161693274816
532 6.00934202198622 1.89397019705961
533 6.0072445313226 1.88113573001381
534 5.86903274948689 1.84143491592001
535 6.02772261058133 1.82747310183765
536 5.85197859120859 1.91015025921194
537 5.99468797902427 1.80796025463222
538 5.99537551472597 1.80573028971154
539 6.00962553288972 1.97398446838921
540 5.93677882687731 1.79052723538463
541 6.21854452163798 1.84851079497211
542 5.62063504731798 1.93340753455771
543 5.97985648555093 1.81255602346224
544 5.98134125780199 1.83980165693345
545 6.08548850175058 1.8163129013771
546 6.06795261384956 1.7863546948311
547 6.02382605154965 1.84569246583187
548 6.0093393871887 1.89325357016445
549 6.00936872289332 1.90232829105662
550 6.06721411645678 2.15050533146123
551 6.04907836427728 1.84569226444472
552 6.00950018661019 1.9342488644212
553 6.00904250798721 1.81246909721211
554 5.61977082200347 1.9207052253991
555 6.00915657519802 1.84569240723141
556 6.08942071678131 1.85447034428528
557 5.97954805653262 1.86352482103521
558 6.06539213430512 1.845692353049
559 5.86217277202604 1.80910955046285
560 6.00919463988218 1.84844939658117
561 6.00918234743 1.85312708470011
562 5.90628224498514 2.0469171056922
563 6.10502702052862 1.81386346831045
564 6.00915657519802 1.84569240723141
565 6.03127530726446 1.97126433170391
566 5.95067524078136 1.93340746126972
567 5.88331622577035 1.8310712858193
568 5.89541435514271 1.78805483265319
569 6.00917106404921 1.84988105512101
570 6.02470550938302 1.90052278012511
571 6.00886535757681 1.77587540044698
572 6.0595086817048 1.84451292001284
573 5.98369439706397 1.84569227812691
574 6.10537786112556 1.90764704021851
575 6.00916409366604 1.84784538900712
576 6.00915657519802 1.84569240723141
577 6.00945018372888 1.92356527205499
578 6.07169599198048 2.04691713392307
579 6.01114005143731 2.55557215983477
580 6.12823980740905 1.98367672997518
581 5.96887168239014 1.84569239133257
582 6.14396608267777 1.95876962649435
583 5.99091140587261 1.91747782305835
584 5.9763286280848 1.98683189835245
585 6.1388165773665 1.83839236799294
586 6.05318309770299 1.8677089177509
587 5.98643331829671 1.84569246027818
588 5.93311448065199 1.85900767039768
589 6.00915657519802 1.84569240723141
590 6.1320405335208 1.91982184090716
591 5.99150620774467 1.84569231688073
592 6.14186470569692 1.84569243455497
593 6.11200452087881 1.84569238446094
594 6.08979525103236 1.84569241009533
595 6.04793091787579 1.75904013210639
596 6.08561225480073 1.85700233739076
597 6.00960967312411 1.9687036420752
598 5.7834934704959 1.84876914294872
599 6.00915657519802 1.84569240723141
600 6.00912580795422 1.8367434650313
601 5.87958618350742 1.84569236212326
602 6.14867399901176 1.73683066508524
603 6.00885621829187 1.77377036517931
604 6.04451239594669 1.8231623662964
605 6.05100510731113 1.85813998874036
606 6.05999634522571 1.85175204068404
607 5.51138586232197 1.81013523222856
608 6.03100618573644 1.81065228984344
609 6.08126644357037 1.84569243082321
610 5.97075877380376 1.83326761283893
611 6.09973913894583 1.80401362387374
612 6.13439185045965 1.90976228356153
613 6.15913993027952 1.84621751408265
614 5.98282823803299 1.94650411548416
615 6.13659025753449 1.93619515320416
616 6.10040251030344 1.87278390727743
617 5.93388334575873 1.85059855299584
618 6.00978421045978 2.02165731509103
619 5.6492168619366 1.84569245391726
620 6.00918467756756 1.85280382753059
621 6.00909655580038 1.82825175563274
622 5.92804485754056 1.80740814352497
623 6.00921918277034 1.86370880419253
624 6.07459424315137 1.80502696916039
625 5.93791206720749 1.845692399343
626 6.00891982684119 1.78082019853828
627 6.08428628704588 1.84569238869284
628 6.00969814033888 1.99539644021781
629 6.00943941619674 1.92061346386982
630 5.97643612397435 1.84569241122683
631 6.00915657519802 1.84569240723141
632 6.0092137943485 1.86023379375933
633 6.00907041088529 1.82063474659774
634 6.00895932330884 1.79695241514096
635 6.04211357844288 1.84569243041776
636 5.99629347865096 1.88829897845159
637 6.00946084735414 1.92659277840597
638 6.00911128312246 1.83251862916841
639 6.00918300458331 1.84637127201819
640 5.99582680660137 1.82749790578639
641 5.86596252441313 1.86090356333389
642 6.009011835986 1.80348171130567
643 6.03015932069108 1.81245643359487
644 5.85014051282331 1.77481441428699
645 6.01427907759996 1.96681417514875
646 6.39280000523023 1.86163855337737
647 6.00943665907773 1.91979164092036
648 5.77555722186145 1.86133716624454
649 6.00905542946194 1.81502339812088
650 5.91026907084896 1.86696958973369
651 6.00950018661019 1.9342488644212
652 6.0839849275009 1.84569240661267
653 6.05366765506863 1.92998264150375
654 6.08314471675182 1.84569243281757
655 6.12850059337761 1.84796823699835
656 5.8552876557817 1.92384968127962
657 6.00917078076838 1.84979664367516
658 6.05081592238494 1.86340358278224
659 6.00915657519802 1.84569240723141
660 5.97394262994527 1.84354017172131
661 6.00915657519802 1.84569240723141
662 6.00915657519802 1.84569240723141
663 5.86819990771659 1.87733543908445
664 6.00066235844151 1.84658742617492
665 5.90146581615384 1.81037411843506
666 5.96586129017465 1.87012918261128
667 6.00915657519802 1.84569240723141
668 6.07342584510363 1.93517322102301
669 6.00915657519802 1.84569240723141
670 5.97375859624291 1.845692360693
671 5.88358302560571 1.90597427466477
672 5.96459058178686 1.830431595719
673 6.07105090733319 1.84569228515906
674 5.95798651201211 1.88748485733509
675 5.94450474561271 1.8585073163493
676 6.03608489323096 1.89985750764859
677 6.15162598845044 1.87407743067156
678 6.00705495832572 1.82488151510075
679 6.0744071656905 1.79599708766647
680 6.0306694659045 1.84569243744442
681 6.15602968962388 1.84569243029171
682 6.00915657519802 1.84569240723141
683 6.00198219834796 1.9516013856147
684 6.37700602581516 1.85708587846125
685 5.91721447502628 1.91620348187882
686 6.00913992671827 1.83532209680847
687 6.00915657519802 1.84569240723141
688 5.91353737661696 1.91525895813324
689 6.04669324341043 1.86550514295139
690 5.99662413931707 1.84569242456631
691 6.00914856822669 1.84367837922803
692 5.89676174782301 1.84569238335453
693 5.93670126875049 1.95765448819312
694 6.08650703280237 1.92565892145983
695 6.06017734100722 2.0357549544739
696 6.00915657519802 1.84569240723141
697 6.01178440840886 1.91528219100495
698 5.94923934635704 1.85526784528378
699 6.03905363058326 1.92592071409308
700 6.05732187116379 2.05674610986266
701 6.05575726143928 1.84569238123467
702 6.00922174797957 1.86229330782454
703 5.77584917276811 1.95765454419963
704 5.95547307968318 1.89531310348441
705 6.00908684998678 1.82831771837999
706 6.00904451488137 1.82047461886576
707 6.03068689715757 2.00663816281195
708 6.0529427922162 1.81790880787944
709 5.8834152944385 1.85970041846886
710 6.00918245051796 1.85223493659384
711 6.00929832200643 1.88120238633231
712 6.00911482087464 1.83629497917155
713 6.00867739500208 1.71640576523754
714 5.96383411923811 1.89424369126069
715 5.8950655834868 1.84569235493837
716 5.75829212728762 1.84569244297223
717 5.97214724959028 1.84569235837104
718 6.1705728199185 2.03653129672534
719 6.00915657519802 1.84569240723141
720 6.1221307254657 1.79990369224167
721 5.8622872705097 1.84569232701895
722 6.1029807327577 1.74289197026806
723 6.09921143086154 1.8456923442215
724 6.01513940533009 1.81013516632704
725 6.03233149604963 1.96970416070353
726 5.9603662439429 1.71327945470179
727 5.88644360002485 1.84213101709852
728 6.05723539449014 1.8064179310774
729 5.96355771800373 1.81457778680043
730 6.07015676995611 1.90430189570673
731 5.96728596263997 1.84569237884437
732 6.04432922347367 1.81883830089083
733 5.99896847260596 1.92835573367511
734 6.00917108603922 1.84935641946838
735 5.93005952354337 1.84569238660445
736 5.92359776109494 1.79503676622965
737 6.02206345955969 1.85287216172383
738 5.96252836597419 1.77041039740419
739 5.98908436164866 1.84569244106607
740 5.87409786161576 1.97876118400733
741 6.08886886833906 1.85706036984241
742 5.87958618350742 1.84569236212326
743 6.00656343136708 1.9661428527502
744 5.79606778509678 1.94991904315921
745 5.90731585971165 1.9553990702858
746 6.03139222142004 1.91483813603585
747 6.00915657519802 1.84569240723141
748 6.00898629166234 1.79591419854659
749 5.89490385467926 1.82825170531183
750 6.00440818181673 1.84569233769971
751 6.05643683892559 1.86444380325088
752 6.03787176220256 1.79086052936297
753 6.14054234862151 1.9846029012603
754 6.06569981913739 1.78996501911296
755 6.01922913666413 1.85066195994714
756 5.60307691050037 1.83429132784608
757 6.09736164736491 1.84569246790762
758 6.05100715940221 1.88467459813717
759 6.08519972933912 1.74903310859648
760 6.00892182544372 1.78884641909263
761 5.96266622381183 1.81445923709605
762 6.11756017821151 1.79571932222463
763 6.23043405316151 1.8173490578728
764 6.00915657519802 1.84569240723141
765 5.98818950046288 1.84675989368741
766 5.84272015438749 1.89436867075966
767 5.92611529557006 1.72927998986452
768 6.08649158778869 2.1056972537207
769 5.8622478259645 1.83312749942065
770 6.00915657519802 1.84569240723141
771 6.00905743103043 1.8211152112046
772 6.04104165040652 1.87493434432849
773 6.009017163724 1.8050269951921
774 6.10347677999858 1.8456922480449
775 5.92368746910646 1.82320279364829
776 6.10334819248985 1.80880279791024
777 6.00915657519802 1.84569240723141
778 6.00915657519802 1.84569240723141
779 6.00909071979397 1.8212356487783
780 5.98795667757505 1.78727632803286
781 6.00917375281892 1.85066192144231
782 6.00897953927796 1.80214687487866
783 6.00917419796698 1.850784342119
784 6.00936697515378 1.89793019261892
785 6.009366008595 1.89528443320134
786 6.06169616619458 2.10188722951258
787 5.9712883396299 1.83206799663906
788 5.58976793226141 1.80260288079855
789 6.06539213430512 1.845692353049
790 6.00944675507623 1.92303468036388
791 6.14058968972053 1.99828312981085
792 6.00915657519802 1.84569240723141
793 6.0094103063981 1.91085209031757
794 5.90812858237789 1.82443528081662
795 5.89245139505296 1.82648666444919
796 6.00917389584817 1.85069143403689
797 5.90629055411351 1.79683724138665
798 5.98743693912117 2.55237860050908
799 6.0194918371948 1.80162291367851
800 6.01764605350422 1.91950326487254
801 5.99221839018226 1.85744748747559
802 5.96966044704557 1.84569232094405
803 6.00915657519802 1.84569240723141
804 5.96675988052581 1.80336942161845
805 6.00915657519802 1.84569240723141
806 5.93036298302502 1.84569245445426
807 6.0089695130759 1.79998585434915
808 6.08264505301646 1.84569243253834
809 6.00963255642655 1.97572040292883
810 5.93859067623991 1.84569244615757
811 5.88628306159117 1.79839289475702
812 5.94571347178116 1.80357001002019
813 6.145493209469 1.84569240397528
814 5.83569067545103 1.82506342559594
815 6.0089599829941 1.79403320037514
816 6.00920080005976 1.85472944715891
817 6.00919007042623 1.85415796655049
818 6.00985059099531 2.0428579320098
819 6.0092943105733 1.88136490576322
820 5.94829921465569 1.84569241751675
821 6.03373696060571 1.84569243017321
822 5.8622872705097 1.84569232701895
823 5.95658242708049 1.8456924241799
824 5.64291125364647 1.91620356961195
825 6.16849272368556 1.82213175180131
826 6.00921081516134 1.85476005781505
827 6.00778977651134 1.84569243577515
828 6.06331445057962 1.79122825233229
829 6.00940980742927 1.91181562930066
830 6.01725826446136 1.81920387051905
831 6.06934665346584 2.21351615880485
832 6.00910420281342 1.83048392451174
833 5.74398053826182 1.89458518394756
834 5.74930469458356 1.86439021930964
835 6.05959823056358 1.84954358933212
836 5.91020207825001 1.84569225611267
837 6.009017163724 1.8050269951921
838 6.00904608426519 1.81351474935972
839 6.14063402563212 1.85051418938748
840 6.00956420775652 1.95667271018744
841 6.06635345477563 1.84569227367115
842 5.92808449401225 1.80514021943002
843 5.85871713238497 1.79768956071856
844 6.06817472127084 1.8572413101912
845 5.86791892256738 1.85513658285725
846 6.00907918409061 1.82322129388876
847 6.34244327508816 1.84569245633467
848 6.18179563626035 2.05018364659377
849 5.95580082202566 2.04597277245983
850 5.9232841300124 1.81241636360573
851 6.00926080026874 1.8672176746205
852 5.92478669617275 1.85203538584424
853 6.00912370925862 1.83613226235605
854 5.80389271640249 1.87099202905884
855 5.97415923344591 2.02153219854857
856 6.00949131885455 1.93615397593312
857 5.99562639107422 1.85056904572735
858 6.10495704864141 1.80221375133312
859 6.05402375422493 1.86365864333218
860 5.93106344531132 1.92592836721091
861 5.94550552419427 1.80132321772758
862 6.00923755199666 1.86823625112786
863 6.15482562797996 1.8456924481464
864 6.08562731072667 1.85295613851666
865 5.54702158182747 1.89972564328381
866 5.94377834810463 2.03135159163569
867 5.92368746910646 1.82320279364829
868 5.94037635934218 1.86612322530622
869 6.00895603065153 1.78393866867544
870 6.00257986427939 1.8176521411722
871 5.853518658555 1.82488141224773
872 5.99387904433388 1.86063473261988
873 6.00981876372733 2.03274361244313
874 6.08132141320067 1.86032783415667
875 5.90254176866365 1.91950329526735
876 5.93664795354606 1.849277369833
877 5.98818593431767 1.84569238123375
878 5.83563356104005 1.8064179690428
879 5.96890179581542 1.80091898359068
880 5.9535867888266 1.89566399929918
881 6.09373666917984 1.84079619954952
882 6.00910636272 1.83313078090392
883 5.87053013012622 1.86325743978329
884 6.00906161833842 1.82212793718315
885 6.00969814033888 1.99539644021781
886 5.88401076599202 2.04172866384967
887 6.00923057494511 1.8628937817228
888 6.00894503360887 1.79424008891694
889 6.10377205436671 1.96235377531415
890 6.00915657519802 1.84569240723141
891 5.87149876011212 1.81137547349821
892 5.78209132034882 1.84569243757531
893 6.00961286684103 1.96943016226271
894 6.12990767562125 1.8339417942412
895 5.99431563041307 1.92992146702185
896 5.95462433685373 1.64077891672628
897 6.06660618280093 1.8211661815426
898 6.03113422148791 1.84569243525665
899 6.05158939901721 1.84569242502377
900 6.00916054646393 1.84683967642068
901 6.00941063460985 1.78858409620604
902 6.03588005804984 1.79798391341664
903 6.01508052631096 1.84796823104293
904 6.15086993575763 1.84535097858104
905 6.24238871657945 1.85099463701874
906 6.00910868236663 1.83177389561846
907 6.05342338228169 1.85466949523584
908 6.00924768381477 1.86743595098803
909 6.19064096381508 1.84851084884783
910 6.09934014608558 1.80286450801437
911 5.98079488294332 1.85672927045851
912 5.58973085697214 1.84569240711927
913 6.05502809364681 1.82246742316536
914 5.77796498319494 1.84569243877852
915 5.9894966748666 1.97245472352937
916 5.90132331649174 1.82665645909517
917 6.00971887239226 2.00165317741445
918 5.96589065421434 1.845692406411
919 6.17773413257191 2.059189938052
920 5.94984392780397 1.82237826643365
921 5.83439261035132 1.84569245921454
922 5.88362961166075 1.91982185533645
923 5.90547335367526 1.84569242078843
924 5.99501953926694 1.84178957706345
925 6.00315400616241 1.86049823700954
926 5.85749945813417 1.79990361984484
927 6.00915657519802 1.84569240723141
928 5.91747791963663 1.84569242776662
929 5.6755331247013 1.84569239225821
930 5.99454835362621 1.79965590092123
931 5.97959755531483 1.84675984075379
932 6.00950406349901 1.93977460549703
933 6.14566456721446 1.87101193555487
934 6.03570758434214 1.84569246000977
935 5.96391279620047 1.91802546658055
936 5.94133372397331 1.91950331442382
937 6.00412387440647 1.98279615705595
938 5.97039655109619 1.6905807075635
939 5.96013487832531 1.79186322719014
940 6.00902464916999 1.81317330465331
941 6.09622165151314 1.90430183281961
942 6.00918845756753 1.85485611062313
943 6.00557540950596 1.79239419958561
944 6.00913386123378 1.82876345667752
945 5.94017017716893 1.87306169404765
946 6.0095453929165 1.95045215368612
947 5.96515865608908 2.0216572690804
948 6.03020785402746 2.16563805548466
949 5.98743594196419 1.91950306892027
950 5.85853570478799 1.80865774026418
951 6.12059700333296 1.84569234512104
952 6.03832887652029 1.901808965643
953 6.01680118493654 1.91982184113186
954 6.00931032142069 1.88371905368411
955 6.35619047825849 1.84569245946464
956 6.00924525984972 1.86840340390039
957 6.06357338381029 1.85947144584275
958 5.65367559471414 1.8371178893355
959 6.09599479495819 1.84569223196753
960 6.00915657519802 1.84569240723141
961 5.99901168303959 1.84569241442257
962 6.08475428378978 1.84569246814789
963 5.98498831835984 1.84947611148079
964 5.93150937505092 1.85112832397904
965 5.93326745078358 1.81508504266428
966 5.92379554707775 1.84569229309626
967 6.13463305020374 1.69982582049806
968 5.69922628582644 1.84569242959266
969 6.13592890649553 1.97876129539891
970 6.00948650661654 1.93374883884217
971 6.01213391534409 1.82496067916646
972 6.08802302376131 1.84715097955912
973 6.07934783683055 1.82257291483276
974 6.1151079734047 1.84906052548085
975 6.00262444908635 1.882196366418
976 5.95096958931538 1.81883816562099
977 6.00891527936281 1.78245038831735
978 6.01025047018626 2.2651448940436
979 6.06938783107928 1.89103380110072
980 6.08064729767233 1.92243879728361
981 5.95531727862085 1.9381406684406
982 5.92479028398707 1.91294184751534
983 5.94945629884239 1.86840338132503
984 6.00863572456159 1.69164667628436
985 6.08801791766513 1.84569243180276
986 6.00911846182966 1.83462442412064
987 5.85662145192646 1.84569236465809
988 6.00906754580874 1.82357299875473
989 6.06663453113258 1.86714032218089
990 6.00917355416842 1.8477839791012
991 6.02544263118293 1.84362135131383
992 5.90206321765467 1.92684239406158
993 5.96515111891696 2.02010370082397
994 6.06416628272917 1.84569228024845
995 5.98615107459617 1.83991435680859
996 6.00950717015555 1.93748815447101
997 6.00882242749012 1.76619244838757
998 5.88002031209683 1.85416369523272
999 6.00915657519802 1.84569240723141
