0 19.94650016412 5.06325364287664
1 20.220749258128 5.06571595071693
2 19.9513199427489 5.06571587968563
3 20.0987520200649 5.06571599622876
4 20.3397119713399 5.06571586840801
5 19.9432610914271 5.06855786239081
6 19.8195213846884 5.06571558824426
7 20.389113041604 5.06571588673132
8 20.220749258128 5.06571595071693
9 20.2272592295804 5.06688671255246
10 19.8195213846884 5.06571558824426
11 20.218963300182 5.062509119514
12 19.8051469219737 5.06030529316024
13 20.0596544709604 5.06709630303175
14 19.9946657039254 5.06967641860393
15 20.3201145544736 5.06571594323523
16 19.9875073238419 5.06609761227802
17 19.9470275613068 5.06347966081513
18 20.8574766811673 5.06571598732915
19 20.0571489116302 5.0657769011894
20 20.1993231652845 5.0670965769883
21 19.7211270987273 5.06571568462312
22 19.5554395755407 5.06571579850174
23 20.5324280001289 5.066886689671
24 20.6196669090443 5.06571557434452
25 19.8195213846884 5.06571558824426
26 20.6593307413847 5.0657158885003
27 20.220749258128 5.06571595071693
28 20.2270775850027 5.06571591138533
29 19.9874448860603 5.06571555542984
30 20.0573051830647 5.06688658431193
31 19.9874448860603 5.06571555542984
32 19.6109069524911 5.06355666011165
33 20.220749258128 5.06571595071693
34 19.8195213846884 5.06571558824426
35 20.220749258128 5.06571595071693
36 19.0016871996367 5.0657159367978
37 19.8195213846884 5.06571558824426
38 20.0571361242493 5.06571576345249
39 19.8195213846884 5.06571558824426
40 19.9202406071413 5.0657158003234
41 19.5554395755407 5.06571579850174
42 20.0571361242493 5.06571576345249
43 19.7211270987273 5.06571568462312
44 20.220749258128 5.06571595071693
45 19.9092931550231 5.06571593400165
46 20.2270164043793 5.06533987838957
47 20.220749258128 5.06571595071693
48 19.9874448860603 5.06571555542984
49 21.0067127144627 5.06571589684059
50 19.7211270987273 5.06571568462312
51 19.9874448860603 5.06571555542984
52 20.8522018816879 5.06621495307516
53 19.9333433382143 5.06571601222889
54 20.220749258128 5.06571595071693
55 19.9513199427489 5.06571587968563
56 19.9874448860603 5.06571555542984
57 20.0620724291986 5.06841441506168
58 20.2207821718691 5.06592567525454
59 19.226231551369 5.06650529424533
60 20.3557196671408 5.06592578953734
61 19.7211270987273 5.06571568462312
62 20.4248353528386 5.06621508290789
63 19.9874448860603 5.06571555542984
64 19.7211270987273 5.06571568462312
65 19.9874448860603 5.06571555542984
66 20.1808098447922 5.06709656717339
67 19.8655038431431 5.06621483526809
68 20.463173926891 5.0657157939262
69 21.256862811026 5.06533978082751
70 20.4515633105196 5.06571591157421
71 19.9874448860603 5.06571555542984
72 19.9874448860603 5.06571555542984
73 20.1668996161256 5.06571588371987
74 20.3394056518047 5.06554890810447
75 20.0968731693893 5.06688663202566
76 20.2207818756138 5.06592166859599
77 19.9875013321386 5.06607733681317
78 20.2270775850027 5.06571591138533
79 20.4588759079106 5.06571575933053
80 19.8248119835152 5.06866057653355
81 20.220749258128 5.06571595071693
82 19.983229208487 5.06315975370838
83 20.460778113178 5.06464676754985
84 19.8195213846884 5.06571558824426
85 20.4630941895076 5.06520791161325
86 19.9564430389409 5.06571602899593
87 20.4631593038714 5.0656442937367
88 20.220749258128 5.06571595071693
89 19.3868089792658 5.06571564089389
90 20.3175425863313 5.06571601239881
91 19.9874448860603 5.06571555542984
92 21.1563800436722 5.0657159993696
93 21.0818610176571 5.06688667359613
94 20.2270775850027 5.06571591138533
95 20.2270775850027 5.06571591138533
96 20.220749258128 5.06571595071693
97 20.2279712542525 5.06620295941925
98 19.9513199427489 5.06571587968563
99 19.822285140163 5.06571584920179
100 20.0529265323853 5.0634784555187
101 20.2271099807529 5.06592578698446
102 20.2270775850027 5.06571591138533
103 20.0411341375479 5.06037791087176
104 19.5531773045155 5.05765663129926
105 20.23222598851 5.06850687385183
106 20.3176187353909 5.06621513740249
107 19.9874448860603 5.06571555542984
108 19.7211270987273 5.06571568462312
109 19.9212104340638 5.06850699657238
110 19.7211270987273 5.06571568462312
111 20.6656321576799 5.0668864782361
112 20.0571361242493 5.06571576345249
113 20.1782885368534 5.06571595743455
114 21.0545727435224 5.06525155101495
115 19.9874448860603 5.06571555542984
116 20.8689366891183 5.0662150815318
117 20.9354557855122 5.06571584487109
118 19.4581717322865 5.06571558447345
119 20.463173926891 5.0657157939262
120 20.220749258128 5.06571595071693
121 19.954830691427 5.05710490325809
122 19.9874448860603 5.06571555542984
123 19.9874448860603 5.06571555542984
124 19.8195213846884 5.06571558824426
125 20.2270775850027 5.06571591138533
126 19.1002531869714 5.06569335334338
127 20.4590251948168 5.06664196836635
128 19.9874448860603 5.06571555542984
129 20.0571361242493 5.06571576345249
130 20.0571361242493 5.06571576345249
131 19.9874448860603 5.06571555542984
132 19.8158761427669 5.06486871436292
133 19.9513199427489 5.06571587968563
134 19.9874448860603 5.06571555542984
135 20.2270775850027 5.06571591138533
136 19.9899316530944 5.06709648268182
137 20.7851771612352 5.06737668547277
138 18.1724963999248 5.06571599325706
139 20.5779682892149 5.06037803238699
140 20.2270775850027 5.06571591138533
141 19.9513199427489 5.06571587968563
142 20.2270775850027 5.06571591138533
143 19.9874448860603 5.06571555542984
144 19.8195213846884 5.06571558824426
145 20.2869903307627 5.06571587818714
146 20.2272592295804 5.06688671255246
147 18.3490786666493 5.06571603619223
148 19.575183817657 5.06571580453433
149 20.2270775850027 5.06571591138533
150 19.5590439722139 5.0673854768517
151 19.9833125864162 5.06368521060745
152 19.7211270987273 5.06571568462312
153 19.8195213846884 5.06571558824426
154 20.463173926891 5.0657157939262
155 20.0571361242493 5.06571576345249
156 19.8196063376721 5.06625893018527
157 20.1975652319682 5.05777287387604
158 20.0571361242493 5.06571576345249
159 20.2869903307627 5.06571587818714
160 20.6494049529214 5.06571600254939
161 19.9874448860603 5.06571555542984
162 19.9856293000539 5.06895271350421
163 20.220749258128 5.06571595071693
164 20.2270775850027 5.06571591138533
165 20.5141549505159 5.06533965325102
166 20.3385740066524 5.06571560760052
167 20.5636513222507 5.06571588204152
168 19.9924996587831 5.06850694869925
169 20.6198565042597 5.0668867659852
170 19.7211358581367 5.06575384380577
171 20.463173926891 5.0657157939262
172 20.220749258128 5.06571595071693
173 21.031291749731 5.06621501021126
174 20.220749258128 5.06571595071693
175 20.0571361242493 5.06571576345249
176 20.2270775850027 5.06571591138533
177 19.8219852543804 5.06709637648597
178 20.2302866516169 5.06824878865734
179 19.850364915949 5.06709656621149
180 19.9536717556973 5.06703746563294
181 19.9874448860603 5.06571555542984
182 20.42997865394 5.06709646538043
183 19.7211270987273 5.06571568462312
184 20.6504864996574 5.06688666615104
185 19.8195213846884 5.06571558824426
186 19.8155894460419 5.06473588686961
187 20.6906196688842 5.06571598676478
188 19.7547531581145 5.06571588366152
189 20.3979471759517 5.06709629773564
190 19.9392372227061 5.06571587194336
191 19.6498336580744 5.06571592949398
192 19.9874448860603 5.06571555542984
193 18.9725537242694 5.06571592628188
194 20.4671212706482 5.0678374729008
195 19.7211270987273 5.06571568462312
196 20.220749258128 5.06571595071693
197 20.0571640384583 5.06589008727293
198 19.9874448860603 5.06571555542984
199 20.7222204957724 5.0670965577842
200 19.7211270987273 5.06571568462312
201 19.5554395755407 5.06571579850174
202 20.054923137671 5.06452125848904
203 20.0596544709604 5.06709630303175
204 19.7211270987273 5.06571568462312
205 20.2296094061628 5.06709642295873
206 18.8814276038349 5.06748523692464
207 19.011372182459 5.06571593678053
208 19.9899316530944 5.06709648268182
209 20.1018825077608 5.06621507707952
210 20.0573245690806 5.06692995189347
211 19.9513199427489 5.06571587968563
212 20.2296094061628 5.06709642295873
213 19.9874448860603 5.06571555542984
214 19.9246451507 5.06571574424471
215 17.9589049162588 5.06571600513842
216 20.463173926891 5.0657157939262
217 20.2259593357811 5.06511012858068
218 20.0549475960009 5.06500120434455
219 20.0572786993241 5.0666420348125
220 20.2270775850027 5.06571591138533
221 20.1186311882156 5.06571594594943
222 20.5470866902019 5.06571569120295
223 19.7170537494374 5.06355651506749
224 20.4630807316549 5.06514534625908
225 20.2088510271625 5.06125558268742
226 19.8194671037737 5.06533980318652
227 19.819543549858 5.06583762226419
228 19.9874448860603 5.06571555542984
229 20.0750661566408 5.06621498223198
230 20.2270775850027 5.06571591138533
231 20.0571361242493 5.06571576345249
232 20.0111935060864 5.05440439694353
233 20.0529419814419 5.06355681925602
234 19.9874448860603 5.06571555542984
235 20.220749258128 5.06571595071693
236 20.4183118620654 5.06571590038564
237 20.1989235165018 5.06571591504307
238 20.2209533133734 5.06582985115856
239 20.0256728836094 5.06571594292774
240 19.551401753021 5.06355684339733
241 19.8195213846884 5.06571558824426
242 19.9874448860603 5.06571555542984
243 20.2270775850027 5.06571591138533
244 19.9899316530944 5.06709648268182
245 20.0571361242493 5.06571576345249
246 20.4273352793456 5.06540749920117
247 20.0529419814419 5.06355681925602
248 19.9874448860603 5.06571555542984
249 20.4632083895117 5.06592564081404
250 20.2911453140802 5.06850701271566
251 20.2270775850027 5.06571591138533
252 19.8195213846884 5.06571558824426
253 19.7210590477498 5.06524632621408
254 20.0573051830647 5.06688658431193
255 20.2269650597254 5.0649786087776
256 20.6735797127633 5.0635015617386
257 19.8171444513141 5.06441345194401
258 19.8195213846884 5.06571558824426
259 20.0571361242493 5.06571576345249
260 20.2233607030154 5.06379187175215
261 19.9899316530944 5.06709648268182
262 20.2270164043793 5.06533987838957
263 20.0570804788806 5.06533981197383
264 19.9874448860603 5.06571555542984
265 19.9874448860603 5.06571555542984
266 20.633902140158 5.0657159572537
267 19.8195213846884 5.06571558824426
268 20.220749258128 5.06571595071693
269 20.473033944888 5.06422607130957
270 20.2270164043793 5.06533987838957
271 20.2271537531124 5.06621517724198
272 20.220749258128 5.06571595071693
273 20.6198565042597 5.0668867659852
274 20.220749258128 5.06571595071693
275 20.3597422502106 5.0657158868217
276 19.8195213846884 5.06571558824426
277 19.982699601193 5.06638826931428
278 19.9867998552224 5.06535824509147
279 20.220749258128 5.06571595071693
280 20.1807519704968 5.06670184190929
281 19.8271581349542 5.06571590429395
282 19.9874448860603 5.06571555542984
283 21.2766806115498 5.06571594898539
284 20.463173926891 5.0657157939262
285 20.220749258128 5.06571595071693
286 20.4768805784622 5.0599951740697
287 20.220749258128 5.06571595071693
288 19.8247384870132 5.0698615290295
289 19.9874448860603 5.06571555542984
290 20.2270775850027 5.06571591138533
291 20.0571361242493 5.06571576345249
292 20.340674480477 5.0657159339481
293 20.0571361242493 5.06571576345249
294 19.8853105878288 5.06850694659277
295 19.9874448860603 5.06571555542984
296 20.1975652319682 5.05777287387604
297 20.2270775850027 5.06571591138533
298 20.220749258128 5.06571595071693
299 19.9874448860603 5.06571555542984
300 19.8207693466722 5.06507612518616
301 20.1189810771675 5.06688658859744
302 19.9928256169365 5.06868462563257
303 20.0859488594748 5.06268169288213
304 19.8071259125833 5.06217655195182
305 19.9874448860603 5.06571555542984
306 20.2270520942921 5.06558376688827
307 19.8195213846884 5.06571558824426
308 19.237755185489 5.06623645506798
309 19.8195213846884 5.06571558824426
310 19.8195213846884 5.06571558824426
311 19.8195213846884 5.06571558824426
312 19.8195213846884 5.06571558824426
313 19.8195048365419 5.06556996498407
314 20.6198565042597 5.0668867659852
315 20.0541603203812 5.06413120975736
316 19.9506473933501 5.06533840285612
317 19.8195213846884 5.06571558824426
318 20.7337257571457 5.06688674003658
319 19.7262622048868 5.06861392407574
320 19.9875271607659 5.06623594783331
321 20.7847318531 5.06355687196732
322 19.9874448860603 5.06571555542984
323 19.8195213846884 5.06571558824426
324 19.9582123452702 5.05777301593319
325 20.1782885368534 5.06571595743455
326 19.9874448860603 5.06571555542984
327 19.8195213846884 5.06571558824426
328 19.8036313719457 5.06000510558601
329 20.2270775850027 5.06571591138533
330 20.5190746542936 5.06571584177019
331 19.4778289563483 5.06571554165329
332 20.5343870428841 5.06571600390347
333 20.1527860473595 5.06571583778631
334 19.9170945113997 5.06571591509225
335 20.5142941928372 5.06621498657332
336 20.2270775850027 5.06571591138533
337 20.4678309529043 5.06821544471964
338 20.220749258128 5.06571595071693
339 20.2270775850027 5.06571591138533
340 19.0419651137504 5.06571590095031
341 19.7269384920365 5.06571577600512
342 20.1272960949566 5.06571584402132
343 19.8195213846884 5.06571558824426
344 20.2158083809401 5.0632444340258
345 20.041233465082 5.06039763707729
346 19.7175499734394 5.0637876249048
347 19.7210229219915 5.06497800332386
348 20.3348270325914 5.06439311915522
349 20.0571361242493 5.06571576345249
350 19.7211270987273 5.06571568462312
351 20.3753906446011 5.06571581992933
352 19.7291604936557 5.07020510525255
353 20.103988591037 5.06794802546286
354 19.8195213846884 5.06571558824426
355 19.9874448860603 5.06571555542984
356 19.7206008605889 5.06541781359353
357 20.1187599156407 5.06571598744913
358 19.8219852543804 5.06709637648597
359 20.0570804788806 5.06533981197383
360 19.9874448860603 5.06571555542984
361 20.6218062356108 5.06688671390351
362 20.0571361242493 5.06571576345249
363 19.9797041399527 5.062259200124
364 20.463173926891 5.0657157939262
365 20.0570804788806 5.06533981197383
366 20.4644840397117 5.06571603157831
367 19.7211270987273 5.06571568462312
368 19.8195213846884 5.06571558824426
369 20.2270775850027 5.06571591138533
370 19.7116861195538 5.0657157802987
371 20.2270164043793 5.06533987838957
372 19.8195213846884 5.06571558824426
373 19.5554395755407 5.06571579850174
374 20.0571361242493 5.06571576345249
375 20.6198565042597 5.0668867659852
376 19.7211043878449 5.0655478616409
377 19.7211270987273 5.06571568462312
378 20.6199573577461 5.06755730496363
379 20.220749258128 5.06571595071693
380 19.8717072979787 5.06571598339867
381 19.9874448860603 5.06571555542984
382 19.9874448860603 5.06571555542984
383 19.8195213846884 5.06571558824426
384 20.3227504473133 5.06850700547137
385 19.9875585190098 5.06645523682586
386 20.8875408481517 5.06688675107959
387 19.9873644406921 5.06514685793927
388 20.3755724969717 5.06688677427856
389 19.9899316530944 5.06709648268182
390 20.0758664176611 5.06571591939867
391 20.2272202730621 5.06664186098754
392 20.6327342393087 5.0672565630073
393 19.9874448860603 5.06571555542984
394 20.2509107092834 5.06839711537177
395 20.1782885368534 5.06571595743455
396 19.9873646017517 5.06567187486934
397 19.9873875777676 5.06533949602607
398 19.8195213846884 5.06571558824426
399 18.5173736198317 5.06355675034765
400 19.9874448860603 5.06571555542984
401 20.6196669090443 5.06571557434452
402 19.9874448860603 5.06571555542984
403 19.7236987017515 5.06717509814895
404 20.2265972865585 5.06890345879145
405 19.9874722614282 5.06586552582366
406 20.0570804788806 5.06533981197383
407 20.2270775850027 5.06571591138533
408 20.1975652319682 5.05777287387604
409 17.9759830327552 5.06571560733318
410 20.2271099807529 5.06592578698446
411 19.5554395755407 5.06571579850174
412 20.3589411320336 5.06571597310477
413 20.220749258128 5.06571595071693
414 19.7211270987273 5.06571568462312
415 20.0987520200649 5.06571599622876
416 19.9874457924405 5.06569015885514
417 20.1255795104827 5.06577877252526
418 19.8037048119362 5.06037804865643
419 19.7170621806149 5.06571585895032
420 20.0392145991142 5.065231247335
421 20.3007365991035 5.06571589873002
422 19.8153988411774 5.06355670947689
423 20.6362638201654 5.06664797273855
424 20.220749258128 5.06571595071693
425 20.0571361242493 5.06571576345249
426 20.0571361242493 5.06571576345249
427 20.2270809660401 5.06573839240173
428 19.8217656077057 5.06571598764267
429 19.8847723105315 5.06571597223873
430 20.2270775850027 5.06571591138533
431 19.8195213846884 5.06571558824426
432 19.4990444176262 5.06560575193852
433 20.2228375492843 5.06355670888026
434 20.1961660736415 5.06571593821126
435 20.4632083895117 5.06592564081404
436 19.5554395755407 5.06571579850174
437 20.2270775850027 5.06571591138533
438 19.8203703933175 5.06619012036192
439 19.1599180540126 5.06546148980568
440 21.0513790294365 5.06688673531289
441 20.2272202730621 5.06664186098754
442 20.2270775850027 5.06571591138533
443 19.8114920931791 5.06592584709377
444 20.463173926891 5.0657157939262
445 19.9873875777676 5.06533949602607
446 19.9874448860603 5.06571555542984
447 19.8195213846884 5.06571558824426
448 19.5554395755407 5.06571579850174
449 20.2270775850027 5.06571591138533
450 19.1332555422329 5.06615011274144
451 20.0572344502044 5.06632942286137
452 20.220749258128 5.06571595071693
453 19.9513199427489 5.06571587968563
454 20.3154070582694 5.06571598916126
455 20.2296094061628 5.06709642295873
456 20.235648622769 5.06162609146062
457 20.220749258128 5.06571595071693
458 19.9874790713265 5.0659254298979
459 20.5333766606537 5.07036716641562
460 20.220749258128 5.06571595071693
461 20.463173926891 5.0657157939262
462 20.2324352009868 5.06571577032909
463 19.9874448860603 5.06571555542984
464 21.007490934229 5.06458250747082
465 20.3808228507491 5.0657159843892
466 20.0427761930777 5.06571575981046
467 20.0569862571973 5.06563153988804
468 20.6198565042597 5.0668867659852
469 19.9874448860603 5.06571555542984
470 20.0615140856111 5.0681124482796
471 19.9874448860603 5.06571555542984
472 19.9874448860603 5.06571555542984
473 21.081840947075 5.0657158349274
474 20.0571361242493 5.06571576345249
475 20.1013473915621 5.06571583210362
476 20.0100912498805 5.05417705212899
477 19.8057636596259 5.06080196296669
478 19.8052207651957 5.0606880191334
479 19.8195213846884 5.06571558824426
480 20.0411341375479 5.06037791087176
481 20.09926942198 5.06571592287587
482 19.7193030768817 5.06469516977634
483 19.9873875777676 5.06533949602607
484 20.5867192631123 5.06571584153159
485 20.4785159981253 5.06709650313841
486 19.4243917488818 5.06571593603418
487 19.9874448860603 5.06571555542984
488 20.463173926891 5.0657157939262
489 19.8195213846884 5.06571558824426
490 20.6218062356108 5.06688671390351
491 19.9874448860603 5.06571555542984
492 20.0571361242493 5.06571576345249
493 20.2270775850027 5.06571591138533
494 18.6937648011909 5.06571594835794
495 19.668369144469 5.06571585824674
496 20.5866885374337 5.06563303312475
497 20.4024202794782 5.06537935656972
498 19.8195213846884 5.06571558824426
499 18.8626751769937 5.06957791937376
500 20.0596544709604 5.06709630303175
501 20.4595892400934 5.06037806663703
502 19.9435889211577 5.06571600030784
503 19.9874448860603 5.06571555542984
504 20.2270775850027 5.06571591138533
505 19.8827038554915 5.06688654401817
506 20.0319543383003 5.05857411796537
507 19.8195213846884 5.06571558824426
508 18.7455068857299 5.0657157684902
509 20.054603021126 5.06519842365122
510 20.0571361242493 5.06571576345249
511 20.2270775850027 5.06571591138533
512 19.5554395755407 5.06571579850174
513 21.5254449417508 5.06688680378073
514 19.9876295317275 5.06690848875952
515 19.9513199427489 5.06571587968563
516 20.059683575215 5.067305224417
517 20.3429745206394 5.06755848057206
518 20.0596544709604 5.06709630303175
519 19.9513199427489 5.06571587968563
520 18.6492026113121 5.063557020861
521 18.8997499540768 5.05962845812489
522 19.8195213846884 5.06571558824426
523 20.220749258128 5.06571595071693
524 19.8195213846884 5.06571558824426
525 21.0313989762376 5.06688662180994
526 19.9883907644659 5.06731283624924
527 20.2048270502598 5.06571606028139
528 19.7211270987273 5.06571568462312
529 20.9282820981734 5.06355690127882
530 19.9417142230278 5.0670964352729
531 20.220749258128 5.06571595071693
532 19.5820336270867 5.06571587081088
533 19.8258267677055 5.06921396373627
534 20.0596544709604 5.06709630303175
535 19.7211903345657 5.06613198077151
536 19.5400327348554 5.06592571340207
537 20.220749258128 5.06571595071693
538 19.7045589367265 5.06571597647114
539 20.220749258128 5.06571595071693
540 19.9874448860603 5.06571555542984
541 20.220749258128 5.06571595071693
542 20.0492132805045 5.06355676082078
543 20.1735163441798 5.0558973079216
544 20.3753906446011 5.06571581992933
545 20.0606642332797 5.06726171107376
546 19.952186849827 5.06705009454997
547 20.0571361242493 5.06571576345249
548 19.7211270987273 5.06571568462312
549 20.2270775850027 5.06571591138533
550 20.2228375492843 5.06355670888026
551 19.9874448860603 5.06571555542984
552 20.0363023148154 5.05897282988827
553 20.3398929848034 5.06688677494939
554 19.9874448860603 5.06571555542984
555 19.9874448860603 5.06571555542984
556 19.9513199427489 5.06571587968563
557 20.0579038281596 5.06721173361895
558 19.9513199427489 5.06571587968563
559 20.4631862678984 5.06579392724641
560 21.0519391051564 5.06688651322812
561 19.8159129118677 5.06379383595293
562 19.8195818099966 5.06610212433581
563 19.3481485404677 5.05871801615078
564 20.0573051830647 5.06688658431193
565 19.7211270987273 5.06571568462312
566 19.3849888460432 5.0657159683855
567 20.4248353528386 5.06621508290789
568 20.2270775850027 5.06571591138533
569 20.2270437330483 5.06551569591612
570 19.7829329302542 5.06068784308064
571 19.8398108334523 5.06571576496527
572 19.9874448860603 5.06571555542984
573 19.9875629425492 5.06577870891472
574 19.8195213846884 5.06571558824426
575 19.8195213846884 5.06571558824426
576 20.2270775850027 5.06571591138533
577 20.9441355963843 5.06571576587023
578 19.8219485272951 5.06686515653131
579 20.220749258128 5.06571595071693
580 19.8153988411774 5.06355670947689
581 19.8195213846884 5.06571558824426
582 19.8195213846884 5.06571558824426
583 20.2270775850027 5.06571591138533
584 20.463173926891 5.0657157939262
585 19.8195213846884 5.06571558824426
586 19.9874448860603 5.06571555542984
587 20.3953987489137 5.06571588291182
588 20.2270775850027 5.06571591138533
589 19.9809264336542 5.06209454288693
590 19.9874448860603 5.06571555542984
591 20.1335775004734 5.06571583084891
592 19.5554395755407 5.06571579850174
593 20.3398929848034 5.06688677494939
594 20.003044080805 5.05777283914001
595 20.0987520200649 5.06571599622876
596 20.0989292434192 5.06688664690885
597 20.2271384416155 5.06611412903464
598 19.7211270987273 5.06571568462312
599 20.4631441951269 5.06553990927344
600 20.220749258128 5.06571595071693
601 20.2109355875245 5.06037780007212
602 19.5591946021257 5.06824863693255
603 18.9910480766856 5.06571594225914
604 17.3588172338068 5.06571595275034
605 19.7211270987273 5.06571568462312
606 19.9874448860603 5.06571555542984
607 19.9875203636933 5.06617418870735
608 19.9873337185011 5.06495925095634
609 20.3397119713399 5.06571586840801
610 19.9874448860603 5.06571555542984
611 19.7905231639222 5.05777275342272
612 19.7285695277439 5.06571591197718
613 19.8195213846884 5.06571558824426
614 20.0571361242493 5.06571576345249
615 20.2228375492843 5.06355670888026
616 19.9874448860603 5.06571555542984
617 19.9513199427489 5.06571587968563
618 20.220749258128 5.06571595071693
619 19.9874448860603 5.06571555542984
620 20.5178100647014 5.06611705011768
621 19.9874448860603 5.06571555542984
622 21.0272383482044 5.06241138439345
623 19.9642178334911 5.05894830206509
624 19.9447996655782 5.06879154869896
625 20.23222598851 5.06850687385183
626 19.8219852543804 5.06709637648597
627 19.9874448860603 5.06571555542984
628 20.2109355875245 5.06037780007212
629 19.9378645420847 5.06088359656731
630 20.3753906446011 5.06571581992933
631 20.0573051830647 5.06688658431193
632 20.6447322526699 5.06571584234008
633 20.220749258128 5.06571595071693
634 20.0571361242493 5.06571576345249
635 20.4453611795849 5.05795960213701
636 20.0639413533916 5.06941269863681
637 20.1562766842368 5.06709643377596
638 21.0815517255382 5.06575725968903
639 19.5810930202756 5.06571592796081
640 20.2270775850027 5.06571591138533
641 20.2869449685906 5.0654230754646
642 19.990208658225 5.06571589994483
643 19.8195213846884 5.06571558824426
644 20.6503834472277 5.06621512803245
645 19.988182779963 5.06631810098222
646 19.9832889781356 5.06355680750908
647 19.9874448860603 5.06571555542984
648 20.2270775850027 5.06571591138533
649 20.2964230263144 5.06596427249409
650 19.9874448860603 5.06571555542984
651 20.5685873580967 5.0606878636069
652 20.9286197860617 5.06571590539475
653 19.9899316530944 5.06709648268182
654 18.9156189157584 5.06571572462043
655 20.7020855739876 5.06509143832795
656 20.0571361242493 5.06571576345249
657 20.2270775850027 5.06571591138533
658 20.5177842525629 5.06571583391583
659 20.0571361242493 5.06571576345249
660 20.41497697522 5.06571602995968
661 19.4751126014461 5.06571585411385
662 19.8195213846884 5.06571558824426
663 20.4445176912542 5.06571591910875
664 20.7718920059327 5.06571601855513
665 20.2869903307627 5.06571587818714
666 20.220749258128 5.06571595071693
667 19.9874448860603 5.06571555542984
668 17.8670015820037 5.06571580377032
669 20.0447871881683 5.06571586714075
670 19.8195213846884 5.06571558824426
671 20.0570804788806 5.06533981197383
672 20.23222598851 5.06850687385183
673 20.0413209339954 5.0613209968486
674 19.8195213846884 5.06571558824426
675 20.2272202730621 5.06664186098754
676 20.2270775850027 5.06571591138533
677 20.23222598851 5.06850687385183
678 19.956183457291 5.06843158899645
679 20.1772391518792 5.06571576017327
680 20.0529419814419 5.06355681925602
681 19.9874448860603 5.06571555542984
682 20.463173926891 5.0657157939262
683 19.8063999562949 5.06571597673801
684 20.2270775850027 5.06571591138533
685 20.0989292434192 5.06688664690885
686 19.4441159387767 5.0657157014991
687 19.9874448860603 5.06571555542984
688 19.9832889781356 5.06355680750908
689 20.2134879707921 5.04909207135865
690 19.9899316530944 5.06709648268182
691 19.9874448860603 5.06571555542984
692 20.2270775850027 5.06571591138533
693 19.9513199427489 5.06571587968563
694 20.220749258128 5.06571595071693
695 19.5378741630487 5.06355679449451
696 19.8153988411774 5.06355670947689
697 19.8194638809534 5.06568086341977
698 21.3508143700326 5.06621520138314
699 20.2207821718691 5.06592567525454
700 19.7211270987273 5.06571568462312
701 20.7198001669658 5.06688662217896
702 19.7211270987273 5.06571568462312
703 20.3955606533059 5.06673970280807
704 19.5554395755407 5.06571579850174
705 20.0608682639988 5.06776220725133
706 19.8197017650546 5.06688656426002
707 19.7783447083037 5.0553124125036
708 20.2270775850027 5.06571591138533
709 20.0622473417543 5.06850702924574
710 19.3158122475443 5.06571557609036
711 20.2965722620285 5.0668866028622
712 19.9874448860603 5.06571555542984
713 20.6494049529214 5.06571600254939
714 20.2270775850027 5.06571591138533
715 19.9874448860603 5.06571555542984
716 19.8194671037737 5.06533980318652
717 19.9582123452702 5.05777301593319
718 20.5142117360202 5.06533983847384
719 20.2759319881672 5.06533978758275
720 20.220749258128 5.06571595071693
721 19.9513199427489 5.06571587968563
722 20.2270164043793 5.06533987838957
723 19.9874448860603 5.06571555542984
724 20.2270775850027 5.06571591138533
725 20.0571361242493 5.06571576345249
726 19.9874790713265 5.0659254298979
727 20.4633445900492 5.06680312377243
728 19.9874790713265 5.0659254298979
729 19.7211270987273 5.06571568462312
730 19.9874448860603 5.06571555542984
731 19.9874448860603 5.06571555542984
732 20.2270219174435 5.06516008714374
733 20.2270775850027 5.06571591138533
734 20.463173926891 5.0657157939262
735 20.057377516497 5.06725974986946
736 19.5554395755407 5.06571579850174
737 20.0571361242493 5.06571576345249
738 20.1782885368534 5.06571595743455
739 21.1556518958379 5.06571592928417
740 19.1920526444263 5.06621509603583
741 19.9874448860603 5.06571555542984
742 19.4698757047748 5.0657155941814
743 20.463173926891 5.0657157939262
744 20.0571674470969 5.06592577728004
745 20.7912376439022 5.06571576622891
746 19.5554395755407 5.06571579850174
747 20.0571361242493 5.06571576345249
748 20.3316757293339 5.06592564590731
749 20.220749258128 5.06571595071693
750 19.8498120945372 5.06571598594682
751 19.8195213846884 5.06571558824426
752 19.5124336038795 5.06572641224338
753 20.1562766842368 5.06709643377596
754 20.2761701553402 5.06688678799403
755 20.1294082000692 5.06571593947854
756 20.0615090678546 5.06810833722505
757 20.3354603476104 5.0635568011231
758 19.7211270987273 5.06571568462312
759 20.0333598388323 5.066886558268
760 20.2556926728748 5.0651612502826
761 19.5042894004891 5.06945121013334
762 20.2270775850027 5.06571591138533
763 19.3123664217224 5.06389058289956
764 19.7211270987273 5.06571568462312
765 20.8522018816879 5.06621495307516
766 19.9874448860603 5.06571555542984
767 21.4367525406097 5.06708423774413
768 19.8195213846884 5.06571558824426
769 19.9874448860603 5.06571555542984
770 22.1446092004059 5.06688669373429
771 20.4631268147189 5.06542601718818
772 19.8256233923586 5.06910388058824
773 20.0584796058143 5.06688682561082
774 20.2270775850027 5.06571591138533
775 19.6949397312357 5.0688796287284
776 19.8195213846884 5.06571558824426
777 20.2270775850027 5.06571591138533
778 20.2270775850027 5.06571591138533
779 19.8802844396651 5.06571589171709
780 20.2270775850027 5.06571591138533
781 19.5556373192405 5.0670623307675
782 17.9226814870232 5.06571569245243
783 19.9247725987909 5.06571589809014
784 20.0573051830647 5.06688658431193
785 20.463173926891 5.0657157939262
786 19.8195213846884 5.06571558824426
787 20.2893398504157 5.06037809576178
788 20.22089048278 5.06664182615858
789 19.9876243690049 5.06688662282493
790 20.2270775850027 5.06571591138533
791 19.9874448860603 5.06571555542984
792 19.8195213846884 5.06571558824426
793 20.9558257138852 5.06688667803346
794 20.3953987489137 5.06571588291182
795 19.9874448860603 5.06571555542984
796 20.463173926891 5.0657157939262
797 20.220749258128 5.06571595071693
798 20.6494049529214 5.06571600254939
799 20.0589838242187 5.06673040526825
800 20.2296094061628 5.06709642295873
801 19.8194671037737 5.06533980318652
802 19.9513199427489 5.06571587968563
803 20.2270775850027 5.06571591138533
804 20.2270775850027 5.06571591138533
805 19.7211270987273 5.06571568462312
806 19.7211270987273 5.06571568462312
807 19.9874448860603 5.06571555542984
808 20.0622473417543 5.06850702924574
809 20.6198565042597 5.0668867659852
810 19.8853105878288 5.06850694659277
811 20.0799754633567 5.06649142551835
812 19.9874448860603 5.06571555542984
813 20.0571361242493 5.06571576345249
814 19.3537750741179 5.06571591393308
815 19.8195213846884 5.06571558824426
816 20.2757484547406 5.06850703018517
817 20.220749258128 5.06571595071693
818 19.8802844396651 5.06571589171709
819 19.7474135921959 5.06850706439326
820 20.3397119713399 5.06571586840801
821 19.9874448860603 5.06571555542984
822 20.2869903307627 5.06571587818714
823 19.8195213846884 5.06571558824426
824 20.2228375492843 5.06355670888026
825 20.5530338665156 5.0675931683246
826 19.8195213846884 5.06571558824426
827 20.2017833868005 5.06571581806611
828 20.0570804788806 5.06533981197383
829 19.7211270987273 5.06571568462312
830 20.220749258128 5.06571595071693
831 20.381216234546 5.0657158926536
832 19.5555304614304 5.06631923841568
833 19.8692905264944 5.06571606686457
834 20.2271099807529 5.06592578698446
835 19.8195213846884 5.06571558824426
836 19.8246018135642 5.06895235780926
837 20.0596544709604 5.06709630303175
838 20.0571361242493 5.06571576345249
839 20.4394936683359 5.06571596237182
840 20.0629845850119 5.06890358289616
841 19.9874448860603 5.06571555542984
842 20.4759184353081 5.06571571673716
843 18.7878246311221 5.0657158754447
844 19.9874448860603 5.06571555542984
845 19.5554395755407 5.06571579850174
846 18.0129642223225 5.0657157317486
847 20.2270775850027 5.06571591138533
848 20.5720881839519 5.06549482988825
849 19.8195213846884 5.06571558824426
850 20.2270775850027 5.06571591138533
851 19.9874448860603 5.06571555542984
852 20.2206593652145 5.0651455237615
853 20.0571361242493 5.06571576345249
854 20.3158457701004 5.06688675940424
855 19.8194671037737 5.06533980318652
856 20.2270775850027 5.06571591138533
857 20.23222598851 5.06850687385183
858 20.220749258128 5.06571595071693
859 20.220749258128 5.06571595071693
860 20.2329741059651 5.06890345920907
861 19.8195213846884 5.06571558824426
862 20.0571361242493 5.06571576345249
863 19.9851285119071 5.06445367143348
864 19.8195213846884 5.06571558824426
865 20.0411341375479 5.06037791087176
866 19.5985155582796 5.06571585848215
867 19.9874448860603 5.06571555542984
868 19.7108028898699 5.06154617176345
869 20.2270775850027 5.06571591138533
870 20.0571361242493 5.06571576345249
871 19.9874448860603 5.06571555542984
872 19.8195213846884 5.06571558824426
873 19.9874448860603 5.06571555542984
874 20.0517818677574 5.06307481682729
875 20.2272226576948 5.0666579846017
876 20.2008261520467 5.06842757216187
877 19.5554395755407 5.06571579850174
878 19.5654008030029 5.06571587613972
879 19.7997777793635 5.0657159018622
880 20.2270775850027 5.06571591138533
881 19.5397138865701 5.0673702772315
882 21.9018850170897 5.06571600126385
883 19.2656064469614 5.0657158260876
884 19.9874790713265 5.0659254298979
885 19.5554395755407 5.06571579850174
886 20.4719579868254 5.07036739723535
887 19.8195213846884 5.06571558824426
888 20.220749258128 5.06571595071693
889 20.3397119713399 5.06571586840801
890 20.282980144474 5.0657158527271
891 20.2596333547206 5.06571592894449
892 19.8153988411774 5.06355670947689
893 20.2532382487118 5.06621512533238
894 18.3692193969138 5.06571597875259
895 19.6994348527467 5.06571598821445
896 20.0571361242493 5.06571576345249
897 19.9875350446244 5.06628240109772
898 20.2270775850027 5.06571591138533
899 19.9513199427489 5.06571587968563
900 20.5192562559725 5.06688680987143
901 19.8252591275341 5.06890342970834
902 20.2249628355955 5.06458089166294
903 18.7562157865466 5.0657159084078
904 19.9874448860603 5.06571555542984
905 19.8195213846884 5.06571558824426
906 20.0529532234202 5.06356147110099
907 19.8209159562195 5.05847739035713
908 19.9874448860603 5.06571555542984
909 22.3648561073034 5.06571591253206
910 21.1695023872059 5.0657158380505
911 19.8195213846884 5.06571558824426
912 19.7211270987273 5.06571568462312
913 19.8195213846884 5.06571558824426
914 19.5183822798457 5.06571580240599
915 20.0571361242493 5.06571576345249
916 19.7211270987273 5.06571568462312
917 20.0573051830647 5.06688658431193
918 19.5344645269002 5.0657159587931
919 21.6733458720931 5.06592582201189
920 19.9873994603578 5.06540064579193
921 20.2270826477245 5.06916188674998
922 20.0937860441316 5.06678325751035
923 19.9874448860603 5.06571555542984
924 20.3398929848034 5.06688677494939
925 20.0980238806567 5.06571586249417
926 19.9830726701182 5.0634609716425
927 19.7264990788361 5.06874621962634
928 19.7211270987273 5.06571568462312
929 20.8019815514697 5.0668865857217
930 19.9874448860603 5.06571555542984
931 20.6820862732372 5.06709615995985
932 19.8195213846884 5.06571558824426
933 20.463173926891 5.0657157939262
934 19.8195213846884 5.06571558824426
935 20.4056062225264 5.06533983283894
936 19.9874448860603 5.06571555542984
937 20.2270775850027 5.06571591138533
938 20.0571361242493 5.06571576345249
939 19.7211270987273 5.06571568462312
940 19.9874448860603 5.06571555542984
941 19.8195213846884 5.06571558824426
942 19.9827982010481 5.06334381571604
943 20.411399893727 5.0534025796933
944 19.8195213846884 5.06571558824426
945 20.3753906446011 5.06571581992933
946 19.9874448860603 5.06571555542984
947 19.5554395755407 5.06571579850174
948 20.1515097955606 5.06709637583325
949 19.8195213846884 5.06571558824426
950 20.2869903307627 5.06571587818714
951 20.0571361242493 5.06571576345249
952 19.7211270987273 5.06571568462312
953 20.3098442516594 5.06571584991571
954 20.0571361242493 5.06571576345249
955 20.6196669090443 5.06571557434452
956 20.6415523634089 5.06614615864466
957 20.4750227070761 5.06571593151911
958 20.2270775850027 5.06571591138533
959 19.9874007878129 5.06542422845176
960 19.9874448860603 5.06571555542984
961 19.9874448860603 5.06571555542984
962 19.861658913652 5.06571595871466
963 19.7473458519007 5.06806836556508
964 19.9874448860603 5.06571555542984
965 20.220749258128 5.06571595071693
966 19.9874448860603 5.06571555542984
967 20.0806403266044 5.06571596280881
968 19.8195213846884 5.06571558824426
969 19.8195213846884 5.06571558824426
970 20.8853519934319 5.06571579961785
971 20.5143984731847 5.06688679702254
972 20.3979471759517 5.06709629773564
973 20.2270775850027 5.06571591138533
974 20.2208346556818 5.06627061263859
975 20.0747016264711 5.06571591593746
976 20.33322673445 5.06663714970829
977 20.4506813822337 5.06649435605967
978 20.7755422770883 5.06571583263036
979 19.228558068063 5.06533963644046
980 20.0596544709604 5.06709630303175
981 20.0278778990709 5.05777287618113
982 19.8195213846884 5.06571558824426
983 20.5588789589461 5.06571567165429
984 20.0380474004963 5.06533961756333
985 20.4996809730453 5.06621506351357
986 19.8195213846884 5.06571558824426
987 19.7211270987273 5.06571568462312
988 20.0571668381116 5.06589259366115
989 20.0570804788806 5.06533981197383
990 20.2270775850027 5.06571591138533
991 20.2270775850027 5.06571591138533
992 19.9384453672764 5.06527884605545
993 20.6198565042597 5.0668867659852
994 19.8195213846884 5.06571558824426
995 19.9874448860603 5.06571555542984
996 20.5372777037682 5.06571587193748
997 20.0506967037105 5.06268233993643
998 19.8195213846884 5.06571558824426
999 20.220749258128 5.06571595071693
