0 2.49642165314125 5.18633604076677
1 2.52597851530167 5.18761919529801
2 2.52513556904221 5.18282704372255
3 2.55745854166013 5.18633616164683
4 2.45908218942973 5.18705605654058
5 2.52352614247181 5.16480543125637
6 2.52146937440866 5.16659913918207
7 2.54757337185352 5.18731459362902
8 2.44358155305802 5.18735985714511
9 2.43396388987299 5.18503683120328
10 2.55211692308 5.13275112547631
11 2.43108774438027 5.15862745471422
12 2.52624360085028 5.18768516853193
13 2.52599359932967 5.18984800880722
14 2.55202231591754 5.18735989948258
15 2.53830764731313 5.19504302415008
16 2.53288213640351 5.18639939250437
17 2.54453178099632 5.14902533639855
18 2.48262257370657 5.1552583059271
19 2.52596950672606 5.18633606339624
20 2.57578969191393 5.18951929730409
21 2.67082355261946 5.18667344807128
22 2.48396500243761 5.18570516309738
23 2.52403184403011 5.17162120988952
24 2.52630240776731 5.1879615804692
25 2.590093625656 5.20547230505742
26 2.45659355909443 5.17017676717159
27 2.52596950672606 5.18633606339624
28 2.52596950672606 5.18633606339624
29 2.63605291771833 5.18734459485495
30 2.41333435435436 5.18633624949348
31 2.52352394277594 5.16424773576266
32 2.52392132653986 5.17174174466792
33 2.85933925393922 5.19085886820309
34 2.52372056191979 5.16745860506849
35 2.52945780278701 5.18706011862233
36 2.51464434447802 5.18695535313273
37 2.47630112631955 5.18600869530765
38 2.52744311034154 5.19231482191709
39 2.50821913984428 5.18633603656067
40 2.53586907501097 5.18618908910555
41 2.54067334007976 5.18633608235739
42 2.52402482382559 5.17154135870943
43 2.59044258728722 5.1885719547983
44 2.52596950672606 5.18633606339624
45 2.56982288944336 5.18829336050954
46 2.58094665783601 5.18685997506803
47 2.51856481717677 5.19935464564677
48 2.52315917929906 5.15601180545997
49 2.56333913036012 5.20071931990251
50 2.43842548576485 5.18709992563644
51 2.44323800259684 5.18113971644347
52 2.52597142172317 5.18660931221983
53 2.52597348790702 5.18693983169121
54 2.52521832647923 5.1819869890077
55 2.55104073202031 5.17380144587799
56 2.48473456702017 5.20193749822564
57 2.49368181455739 5.16760766984088
58 2.64085349459799 5.18636811026668
59 2.51047276398765 5.18604626499424
60 2.52828259124544 5.19534701761067
61 2.63347504430455 5.16140011144734
62 2.54126156479352 5.1980055306798
63 2.74501042895826 5.14816629833283
64 2.47895567738441 5.1863362451862
65 2.44757271848165 5.1194243543617
66 2.5327457975753 5.18705823398629
67 2.49482427171947 5.18633590677133
68 2.49384924949682 5.18916500990575
69 2.51519500283543 5.14524181527214
70 2.53810030325015 5.19812767066075
71 2.6152882102694 5.1933628275322
72 2.51642107059632 5.14393022434899
73 2.52571101938433 5.18495993901549
74 2.5322592957248 5.20363808380081
75 2.52353988290301 5.16664500974387
76 2.53563491622648 5.1867883511979
77 2.57752815399897 5.18810768909902
78 2.57118421748276 5.18702680212451
79 2.53208846465235 5.18652782775646
80 2.46934611439358 5.12578595999039
81 2.52634523253639 5.18803047646964
82 2.61248322106809 5.15531728055644
83 2.33852100601406 5.1934867354901
84 2.53452109498134 5.11232351548365
85 2.4371043815037 5.19195720929252
86 2.55612731138439 5.19155537160694
87 2.66316523941044 5.19911707884254
88 2.52764626432198 5.16054280151034
89 2.55339693309785 5.159191249029
90 2.5259806344412 5.18795007272464
91 2.45282196020504 5.15746882016312
92 2.46605907482089 5.18633586994994
93 2.58972485439002 5.18693492640209
94 2.52762239456864 5.19482593888244
95 2.5303934919661 5.18584625485265
96 2.48473425245578 5.16857050545279
97 2.52313252003467 5.15525793973324
98 2.6758708975469 5.18633630121885
99 2.52386468679336 5.16951046037372
100 2.48728122486282 5.1609053013262
101 2.7102644055897 5.16857113607239
102 2.48574255833867 5.15862661264388
103 2.41011825659369 5.15862730295328
104 2.45359988634055 5.18089211565332
105 2.53123891726475 5.18978444547107
106 2.49487936277724 5.18621683437283
107 2.53970797966985 5.17383152391264
108 2.54015921421044 5.18735960973906
109 2.88327777529152 5.20389896788117
110 2.51104329478034 5.1865482679392
111 2.30250756703379 5.18018711607293
112 2.58307787435501 5.18092646727424
113 2.72372595896475 5.17272493841049
114 2.52596950672606 5.18633606339624
115 2.52450775206987 5.18633608854246
116 2.51288584548946 5.18778359119821
117 2.61733167357779 5.13316398702967
118 2.54418497480796 5.19068412141659
119 2.30515108838462 5.18643884323748
120 2.49782522880286 5.18794432510875
121 2.81907369226122 5.18580642021315
122 2.52596950672606 5.18633606339624
123 2.47192319971053 5.15581999088661
124 2.50418929333897 5.13799027190599
125 2.58635662365562 5.16045841416315
126 2.4775379040734 5.18633606210032
127 2.6126676808749 5.1860729978874
128 2.59436319146745 5.15601164235898
129 2.44531772636862 5.16030787828293
130 2.52564318779789 5.18783293014381
131 2.51270832721311 5.18801258002546
132 2.55657064677314 5.18633609010306
133 2.49668541939768 5.19468304861153
134 2.52850452458836 5.19129762512223
135 2.53171735295624 5.18549876968919
136 2.55586493454965 5.18633584592906
137 2.45742743321488 5.13957359349843
138 2.52596950672606 5.18633606339624
139 2.51201433974027 5.18633621924987
140 2.48911822149778 5.18633618991396
141 2.52831568142866 5.18633604929267
142 2.50417039193912 5.18633625568661
143 2.5032232712513 5.17747139834431
144 2.46905293667628 5.18070178709242
145 2.50586784177592 5.18702652150169
146 2.64893989445308 5.18655029002893
147 2.52591301787758 5.1860453492565
148 2.64649578168046 5.18633576950525
149 2.458614686579 5.18592783652432
150 2.53951946058013 5.18625862729229
151 2.52456518125404 5.17704642972249
152 2.52817816867195 5.1863357309866
153 2.52403184403011 5.17162120988952
154 2.51115265617317 5.17063839414856
155 2.51883832354677 5.18925535058835
156 2.55760467425513 5.19307202665825
157 2.61356797037571 5.18280393979087
158 2.69842990961183 5.1927288333267
159 2.5259777264801 5.18750373537061
160 2.5380556902993 5.15800400635219
161 2.54287831051283 5.18932877053937
162 2.49947211011163 5.18528835819151
163 2.46663852824482 5.13404362691236
164 2.52597219493784 5.18673438106954
165 2.52596950672606 5.18633606339624
166 2.49120439775157 5.18972112655007
167 2.64529646171578 5.19196572591392
168 2.52013502708574 5.18792203799924
169 2.51213430050021 5.18633630974603
170 2.48487534024057 5.18633617915547
171 2.50604480443898 5.18633607729458
172 2.52596359444313 5.18551528197558
173 2.5253606839892 5.17711197393042
174 2.51143521323578 5.1795597998501
175 2.52612158542536 5.1870968090304
176 2.5257864094404 5.18640855920407
177 2.52510096870846 5.18119719436261
178 2.54233638010539 5.17583933980671
179 2.59802176471589 5.18980700840834
180 2.52596950672606 5.18633606339624
181 2.6534698264205 5.13373080259553
182 2.57310118687393 5.17561994724478
183 2.44099501338956 5.1945964276174
184 2.5123932393992 5.18782520185991
185 2.52596449225614 5.18561671460042
186 2.68046068167292 5.18633585767675
187 2.52596950672606 5.18633606339624
188 2.44548745116459 5.18633625299838
189 2.53199942711352 5.18737913324586
190 2.59436293888841 5.1568292561791
191 2.52599460768406 5.18999986475748
192 2.52573865511022 5.18587053440915
193 2.52493780799667 5.14926743217705
194 2.52597700869369 5.18744015425866
195 2.49632220758399 5.17525709519232
196 2.50408098132739 5.16861027445857
197 2.50062438668238 5.16637669284032
198 2.50059703558755 5.17379663143786
199 2.52596950672606 5.18633606339624
200 2.52777531268688 5.19373563222774
201 2.49047683366877 5.1526010835889
202 2.52893641581838 5.18743661835745
203 2.47812467870933 5.18113995679685
204 2.47812467870933 5.18113995679685
205 2.52557241434908 5.1850033189708
206 2.61635236314065 5.14299321971529
207 2.58461047479535 5.17196266927481
208 2.56811977732939 5.19248802760025
209 2.52597778037157 5.18755070723638
210 2.51305232686372 5.19380517319469
211 2.57427472109799 5.1486074328329
212 2.52469775840522 5.18633613958604
213 2.43144244891014 5.09388269619589
214 2.52520304659853 5.18617987589196
215 2.52596911114685 5.18625892863795
216 2.5559939985394 5.186336358579
217 2.52191663269827 5.14816630756991
218 2.48731441217361 5.1696876555072
219 2.51963844039645 5.18825319344181
220 2.62399791404217 5.18628214299484
221 2.53937076804631 5.18633599346203
222 2.535029771512 5.18633616174951
223 2.52597778037157 5.18755070723638
224 2.4825889309127 5.15974607454017
225 2.66019003503252 5.15944451027041
226 2.54420592968924 5.20038796663611
227 2.57650210418529 5.19931885941638
228 2.53490413006513 5.16864829319786
229 2.52597159281109 5.18665643056795
230 2.52597850700023 5.18761020560806
231 2.61086521120923 5.16296162341475
232 2.76145178145931 5.15934044603714
233 2.5330280989899 5.20055242807658
234 2.55467906552815 5.19473400685509
235 2.54860962269579 5.18794405804874
236 2.52597503612408 5.18715729414612
237 2.49347958091383 5.14672768924517
238 2.50989665359629 5.18742575550957
239 2.52598159072969 5.18806882849637
240 2.52597087303078 5.18652366976279
241 2.52596950672606 5.18633606339624
242 2.57025855606079 5.19399056787789
243 2.49148231427361 5.17265745160076
244 2.50554314199064 5.16894897962366
245 2.52498786266705 5.18040013989482
246 2.48819973274068 5.18453187575963
247 2.49959888682894 5.1689484870791
248 2.71688040085076 5.18658722582962
249 2.4775379040734 5.18633606210032
250 2.52596950672606 5.18633606339624
251 2.52597662376988 5.18735873468522
252 2.56315375563251 5.17646286160082
253 2.52321471685118 5.15685084366348
254 2.5010545392012 5.18633628370532
255 2.52596950672606 5.18633606339624
256 2.53270286669215 5.18633596957233
257 2.50970499439201 5.18541906791768
258 2.52358416602444 5.16527349127226
259 2.65160271802033 5.1872202252019
260 2.52415733951763 5.18633653942769
261 2.47868940293462 5.19099383115347
262 2.51911275479963 5.16527375045468
263 2.80235301564108 5.18892722771301
264 2.49577969114227 5.18847136387339
265 2.52596950672606 5.18633606339624
266 2.48099014993094 5.18631961961237
267 2.47704837832446 5.17016743518784
268 2.49227737596259 5.19019091903707
269 2.61891448488016 5.15535482809594
270 2.57380649749173 5.18633640284781
271 2.46850079669902 5.1686481853864
272 2.57466689871196 5.18633616530618
273 2.45805575866483 5.1854619753246
274 2.67341509912936 5.18592792658941
275 2.52597786564018 5.18755485439691
276 2.52597348790702 5.18693983169121
277 2.71777594665825 5.13329755122775
278 2.61511151379928 5.1865988096599
279 2.52482862905334 5.18706589326015
280 2.52733896991649 5.19178704782399
281 2.52926513638637 5.20248868320127
282 2.48866739710851 5.19791266944486
283 2.52596918324492 5.1862680900959
284 2.54084583773446 5.18655819615007
285 2.45149825318601 5.1866910151544
286 2.52596780008401 5.18612772803812
287 2.5199506862613 5.15200884379371
288 2.50828993800268 5.1859354964888
289 2.44685392953438 5.187881394229
290 2.46254427708232 5.18725236382894
291 2.52596950672606 5.18633606339624
292 2.5259711410966 5.18658886069879
293 2.52826271449585 5.18633633031801
294 2.55099364671999 5.1884419521069
295 2.62566122783297 5.18633605773279
296 2.35254849323645 5.16893851055088
297 2.62435061159208 5.13472009035054
298 2.50459195327041 5.18633575997431
299 2.61942490520515 5.18679156622078
300 2.52596950672606 5.18633606339624
301 2.56078833978633 5.18584382226407
302 2.50680556242068 5.18633588716666
303 2.54585936892058 5.18633589711133
304 2.55239872561386 5.10174029844276
305 2.52903409411209 5.18795655481378
306 2.51130907116124 5.18633608178832
307 2.62664883322399 5.18633597691639
308 2.5259741296388 5.18700785349424
309 2.52596950672606 5.18633606339624
310 2.5205961033225 5.18633620368842
311 2.52768891540883 5.19344681092195
312 2.51506654511337 5.18672335751262
313 2.52765738040477 5.19333808096927
314 2.5438778717146 5.18525785674106
315 2.59887638925412 5.18733431545955
316 2.52363278742002 5.18633616300165
317 2.52318746694235 5.1558705778359
318 2.4914449126756 5.18705769968858
319 2.66939416563788 5.16751029243274
320 2.52596950672606 5.18633606339624
321 2.52507449287059 5.18189569406066
322 2.53088052967396 5.18816718443148
323 2.50121842596932 5.17243329275718
324 2.49737000243826 5.1334868394166
325 2.47122518369504 5.18658047435632
326 2.51467399336022 5.19849266292349
327 2.53652566922324 5.17482396826804
328 2.60993587781166 5.15841844457134
329 2.56075153651312 5.18062363292203
330 2.46092303223308 5.18836387755501
331 2.52596950672606 5.18633606339624
332 2.46110997782811 5.18781841453
333 2.52509337885735 5.18066848825533
334 2.52596950672606 5.18633606339624
335 2.47439843819983 5.1881929579486
336 2.55961421164544 5.18633584785764
337 2.59575595737938 5.17981783768915
338 2.52563719984175 5.1842161080282
339 2.52246268805956 5.16745894996367
340 2.48326886244226 5.18633604688001
341 2.51599117063228 5.13972181299003
342 2.52597295353667 5.18686755487484
343 2.52776171557783 5.19369188845831
344 2.55461523692902 5.17654020820286
345 2.51998631659665 5.18633614805198
346 2.48035723120247 5.18736462689314
347 2.71774310287274 5.19839008129175
348 2.58159092083591 5.16909933356547
349 2.52180899922028 5.18633585335303
350 2.52565262608847 5.1863362144392
351 2.50314361872236 5.18553807058293
352 2.65766166513615 5.14895595308685
353 2.54622200818798 5.18633582033612
354 2.59535374020472 5.1803999360398
355 2.52597221051547 5.18672825943781
356 2.51954325228909 5.18633595110544
357 2.53005075185012 5.18618225403761
358 2.49791108238909 5.18138317776169
359 2.52596950672606 5.18633606339624
360 2.56064328259377 5.18682504060646
361 2.63367096133005 5.18652275788867
362 2.44656287465941 5.1863365403413
363 2.54203388188642 5.13420253745058
364 2.57145517658422 5.18572426585632
365 2.59659287531129 5.18665654940749
366 2.5395282845543 5.18449318863549
367 2.5266279033196 5.18847651464796
368 2.52597328529018 5.18688281846253
369 2.48642704570186 5.18633584392753
370 2.52596950672606 5.18633606339624
371 2.52757703246616 5.19306273613254
372 2.59636139747548 5.18613936724171
373 2.51082259017867 5.18533151607641
374 2.52597594337079 5.18728055701375
375 2.5290656947313 5.19940205600442
376 2.52597598288064 5.18731431433479
377 2.53403647498421 5.18701064500063
378 2.70142110897037 5.19077998357228
379 2.52596950672606 5.18633606339624
380 2.4383625386305 5.17995720170037
381 2.51849336798853 5.1949843996995
382 2.5841633634366 5.18600829531566
383 2.5250573242638 5.18097889805785
384 2.60630963124961 5.18071234068095
385 2.59787857037145 5.19402141161151
386 2.5020097041652 5.18633628428878
387 2.52596950672606 5.18633606339624
388 2.57364194805822 5.18678205211585
389 2.58344363441141 5.18553805823027
390 2.48224054563867 5.18646817691974
391 2.49604521804481 5.1863637847773
392 2.64608077136271 5.18417878228728
393 2.50842863673097 5.16911444211008
394 2.56970173839325 5.17033652501961
395 2.5838702802543 5.18647025403444
396 2.47731947256326 5.18633661648865
397 2.50275656262699 5.1873145692124
398 2.59048262046974 5.19429951490203
399 2.51336729616019 5.18822359417541
400 2.53045109161339 5.18633605708125
401 2.48900660678117 5.18805380095485
402 2.52657451801346 5.18335284876443
403 2.70276278444565 5.19513891862601
404 2.56853083577633 5.19732304922707
405 2.52597598288064 5.18731431433479
406 2.75980314944698 5.18731519865291
407 2.47988456880745 5.1703363444393
408 2.53679634215094 5.18633579749502
409 2.4964391996974 5.18737973225736
410 2.53112408238175 5.19407199349915
411 2.53484106756744 5.17768562278403
412 2.5259768372639 5.18736432180333
413 2.54596663317902 5.1887587794454
414 2.52598227192157 5.18816749743007
415 2.59637320354789 5.18781523775456
416 2.49642130135615 5.18625751367207
417 2.52550271887066 5.1863356911438
418 2.59388031718878 5.13411542859673
419 2.52596950672606 5.18633606339624
420 2.69181036909889 5.18633655575086
421 2.52344775336143 5.1621972593099
422 2.52597540322044 5.18718243921036
423 2.50660745568553 5.18744783038294
424 2.49734203154905 5.18613928267443
425 2.52596928457191 5.18628850983835
426 2.63651048353801 5.17523053115224
427 2.56860793005759 5.17169654202079
428 2.52830538811457 5.18788102425607
429 2.55747581245481 5.12269214466412
430 2.53191055295521 5.18633636431587
431 2.56328820335918 5.1688576271537
432 2.51089098513865 5.19241829300064
433 2.34395057989769 5.18633653300291
434 2.48938306210513 5.18699836072345
435 2.52596790714546 5.1861213725891
436 2.56828551061165 5.18725313134587
437 2.54587061625465 5.18788089391205
438 2.5523127246705 5.1642474120386
439 2.53086922484337 5.18393346640115
440 2.4670131066325 5.15249696442945
441 2.52358548912434 5.16566174434193
442 2.52464237532918 5.17912449054815
443 2.47895965806643 5.14594739575856
444 2.61027259841025 5.16353820432334
445 2.48317380036033 5.11444442176733
446 2.5188894319475 5.15862706984543
447 2.4508196082434 5.19279415650317
448 2.49199410819117 5.16864827053452
449 2.44094342786391 5.18565278357748
450 2.48478850539615 5.18636137533328
451 2.51287870991338 5.19166954904633
452 2.50524485425437 5.18633560156811
453 2.59725252037401 5.18633672747181
454 2.44176284892054 5.18788718930254
455 2.53190885625919 5.20325634649206
456 2.59294303779072 5.18852000088991
457 2.52596950672606 5.18633606339624
458 2.48812193120108 5.19767507991511
459 2.58752474929855 5.1901013197946
460 2.44450401849273 5.20142575072493
461 2.54007871888725 5.18633627006424
462 2.52596950672606 5.18633606339624
463 2.52596562371329 5.18579846158575
464 2.46536594914403 5.18920174199849
465 2.49623596623027 5.18633636935003
466 2.85422665282562 5.18633621836649
467 2.61395894599127 5.19380119146027
468 2.52309656271034 5.15568033999328
469 2.52487423379988 5.1808772833375
470 2.55541426929257 5.18633600013886
471 2.45787803968056 5.15875915971042
472 2.55884670228231 5.18736430334195
473 2.55166236524218 5.18746096690158
474 2.4793877124782 5.18633606470716
475 2.5279115129805 5.19418400957555
476 2.44420291673694 5.18639400589649
477 2.51333073655496 5.18633613730334
478 2.5236921872745 5.16723474228558
479 2.52596950672606 5.18633606339624
480 2.61114220798928 5.18633610267633
481 2.63178152871067 5.18633602069319
482 2.53819217108367 5.1863363383491
483 2.50315221280212 5.18684481452365
484 2.53498489936867 5.18633605454488
485 2.46308290682214 5.18886362273137
486 2.54383959652574 5.19980676115646
487 2.56589216417355 5.19796308799549
488 2.475295783619 5.07185740163077
489 2.52597096187018 5.18655079660749
490 2.51336789652385 5.18834963791063
491 2.48978128674043 5.16311115529669
492 2.50358744977555 5.18633644293564
493 2.58753031553215 5.15732855426263
494 2.47616674275983 5.19386398141694
495 2.50233366147707 5.15919124088093
496 2.51025249131184 5.15593493691655
497 2.52596950672606 5.18633606339624
498 2.53248048533779 5.18633608881512
499 2.51774054596932 5.16804450308322
500 2.68865436139132 5.18633672142673
501 2.47199194684144 5.18596393065281
502 2.52082884362477 5.14732366855175
503 2.43723022548049 5.11895145547745
504 2.52598746435012 5.18893217523655
505 2.62802679730635 5.18633599094997
506 2.52372795475737 5.16952513872923
507 2.63481869677544 5.16431575464305
508 2.48922973020457 5.16140008389167
509 2.44658479039152 5.1564426280064
510 2.44404028763775 5.17498053982815
511 2.48487534024057 5.18633617915547
512 2.57678131889848 5.1871221857745
513 2.52598665374022 5.18884052387937
514 2.6148782984749 5.2082835749988
515 2.53120802841282 5.1760042592638
516 2.51168771263004 5.18819233356585
517 2.53830106785827 5.1087792455176
518 2.439968172604 5.18700779753219
519 2.52596950672606 5.18633606339624
520 2.5131221248414 5.1554446582295
521 2.56758470729645 5.18633656378249
522 2.52596950672606 5.18633606339624
523 2.48434196221681 5.19117392396273
524 2.52596990812504 5.18642816931011
525 2.52085843014071 5.18633565372001
526 2.51167484154047 5.18633621358624
527 2.56110875620473 5.18701072542235
528 2.4760682939831 5.19155101218835
529 2.62804823069833 5.1492288018102
530 2.52596950672606 5.18633606339624
531 2.53190109668119 5.20575810609238
532 2.52705219208623 5.18633584646664
533 2.52329466632569 5.15949349890862
534 2.57333231564858 5.15094275157993
535 2.48597739491718 5.17321576441095
536 2.44310636414073 5.18633594897069
537 2.52443845823775 5.17590113416792
538 2.61077976974873 5.17546825489805
539 2.71242788349561 5.18615543953652
540 2.48763888272901 5.19388936618766
541 2.54651010554849 5.18881889712063
542 2.45763238630416 5.16127804730284
543 2.46219286128518 5.17037714627281
544 2.54502287326009 5.14722878124505
545 2.5947603262833 5.1756395405054
546 2.79998168098973 5.18549896177606
547 2.53946861360737 5.18633651689065
548 2.52599851481866 5.1905970651583
549 2.52366823147628 5.16722267922104
550 2.54720691183379 5.18641832488204
551 2.54084440458737 5.18633619148242
552 2.51753035667342 5.14727845119741
553 2.52347570263012 5.16331760905601
554 2.48423233846568 5.1882280631355
555 2.52677036821939 5.190497707467
556 2.55584806879927 5.18652974365351
557 2.48086278760889 5.13340930742217
558 2.54691636338628 5.18633660324555
559 2.52597899393415 5.18767382422277
560 2.59530744282433 5.18007184309164
561 2.52728546745892 5.19202191055065
562 2.53629807938129 5.16066617901681
563 2.61183820505179 5.16540623195021
564 2.62293921590365 5.18633616610092
565 2.5317857618505 5.18633606059572
566 2.48174899078236 5.18538231026008
567 2.57885280110451 5.18809768286851
568 2.5259219730728 5.18554552744219
569 2.52695451294699 5.19075994186462
570 2.59819101277126 5.19602959594692
571 2.52596255154182 5.18534871809488
572 2.51925112444145 5.18633604933345
573 2.52596950672606 5.18633606339624
574 2.46975594340917 5.18788112762141
575 2.48282478421922 5.19033381777559
576 2.52757958342484 5.19307189354272
577 2.53805565679178 5.18633611028518
578 2.58292629857716 5.1890809855978
579 2.61461449209097 5.186336773406
580 2.60403376008344 5.18823359417695
581 2.48886860369363 5.18633619183947
582 2.54691676424462 5.18634394382336
583 2.52711022550763 5.18633583164715
584 2.48946812800109 5.19935147416755
585 2.60384761755398 5.18684869371613
586 2.53191772387348 5.20384073363564
587 2.51231724153071 5.18633624551442
588 2.52311203820449 5.16436301704506
589 2.52596950672606 5.18633606339624
590 2.54308983669416 5.18633629380931
591 2.50970307800586 5.18633604630862
592 2.51897028328376 5.18633589670618
593 2.59473183713952 5.18633641717701
594 2.56424771810269 5.18633652048266
595 2.52595690159601 5.16899998347783
596 2.51343423418615 5.18762052678243
597 2.52444709596723 5.17782275273449
598 2.44098052510649 5.18335332552315
599 2.48931360971223 5.18633613564497
600 2.50047462034333 5.13545712775145
601 2.4775379040734 5.18633606210032
602 2.52888972567274 5.11388743576762
603 2.45854554157493 5.18311885910395
604 2.53918179354829 5.18601429103693
605 2.59055570076223 5.18696837878796
606 2.52839996400212 5.19095412321044
607 2.40939216583039 5.18386284403082
608 2.50892097880033 5.16976690918175
609 2.50455944926953 5.18633581981533
610 2.47527279399069 5.13529032636919
611 2.63333997171125 5.18574899703082
612 2.61418332083253 5.20564303953112
613 2.59825282366111 5.18296034851529
614 2.5258790849662 5.17342614441492
615 2.64301106146827 5.18758819350484
616 2.59043690803028 5.18774303516138
617 2.52679915739358 5.19209179707525
618 2.52358714299866 5.16614643578517
619 2.52597284230642 5.18683024154572
620 2.52596950672606 5.18633606339624
621 2.56650682493128 5.17380169803528
622 2.47762486090606 5.14959370498695
623 2.59636371296093 5.18650056058338
624 2.54784591403814 5.16363720704074
625 2.60125900494965 5.18754929865611
626 2.52597689018778 5.18737965086355
627 2.4959739426555 5.18658742501153
628 2.52378874235776 5.16846047942435
629 2.52613794998882 5.18816394407993
630 2.51110018904101 5.14158830796557
631 2.56406468559394 5.18800505018475
632 2.56827918616311 5.18633647972228
633 2.58265746129928 5.18633647225815
634 2.52386160673348 5.16899129704696
635 2.4715566737074 5.1863357020316
636 2.5249582982876 5.2046763185731
637 2.52596950672606 5.18633606339624
638 2.52453410532054 5.17677157078812
639 2.57559047284178 5.17070694483995
640 2.49516235891603 5.13998504157745
641 2.43856674109161 5.20767912922175
642 2.52322117649646 5.15767319522197
643 2.54476250536268 5.17114785549598
644 2.52122294604262 5.15938590640817
645 2.48814546291201 5.18590575732955
646 2.39089332498901 5.16393286728227
647 2.59046909197218 5.18654649234422
648 2.52596950672606 5.18633606339624
649 2.52342666860368 5.16235596556462
650 2.45414613574968 5.18734546359154
651 2.58039332929408 5.17207317505923
652 2.7015901870194 5.18649852357579
653 2.59383167726066 5.14594373824412
654 2.596747201199 5.18633605063025
655 2.52596950672606 5.18633606339624
656 2.4683355498726 5.18741980419525
657 2.52663858588314 5.189861699517
658 2.54099318608454 5.184727331959
659 2.54251806892695 5.1416538781293
660 2.49324997965822 5.18473107525337
661 2.52596950672606 5.18633606339624
662 2.50217123777563 5.15473839569409
663 2.48137032884148 5.15354373396101
664 2.5049265798844 5.15583327205982
665 2.52423127233175 5.17498127382035
666 2.5168293040832 5.20589205697222
667 2.52275317006522 5.15973619779023
668 2.5841671896762 5.18654663602436
669 2.63719621678336 5.1863356967235
670 2.53561062916172 5.16865584982203
671 2.517880611907 5.15764135335507
672 2.49306759217264 5.19100035715359
673 2.54121566124067 5.18633594331255
674 2.63442476683147 5.16873668694737
675 2.50501523430987 5.1986487034696
676 2.45131228692863 5.16610341909738
677 2.55282014249069 5.17067032895142
678 2.60724647767956 5.18633646568799
679 2.54812863697974 5.16830517036693
680 2.53398795637531 5.18633621913213
681 2.53525079619945 5.191966297184
682 2.52597089870337 5.18652892076433
683 2.47164665877306 5.18708398386212
684 2.66406929799135 5.19557342370318
685 2.52596950672606 5.18633606339624
686 2.66408649803742 5.17418099915415
687 2.52596950672606 5.18633606339624
688 2.63029782588948 5.1880055231616
689 2.50515948623584 5.20199283338927
690 2.5213004409214 5.18633613828388
691 2.51909831745584 5.18630790798289
692 2.47480503539381 5.18633593705905
693 2.45885346612954 5.18633608056049
694 2.60494652726911 5.18744465236638
695 2.61654101931878 5.18788118462366
696 2.52678540299109 5.19235671945027
697 2.60012128322909 5.19165369471022
698 2.46551117559708 5.19137986918486
699 2.5858300086806 5.19226699252187
700 2.54085252213686 5.18750587693877
701 2.49369593514007 5.1883789000084
702 2.59894370108928 5.19097227938753
703 2.51940300565925 5.18633600772639
704 2.52596440811538 5.18563777624796
705 2.52596764660139 5.18609232260627
706 2.52634297038675 5.18799039144767
707 2.60552002917667 5.19526873453932
708 2.52368039003 5.1668471166075
709 2.52894172324677 5.19723555738809
710 2.51198361452632 5.15351502027152
711 2.52471699166129 5.17895442238918
712 2.52596950672606 5.18633606339624
713 2.45561411417292 5.2028585297933
714 2.48184264861313 5.16853763377041
715 2.4832009152535 5.18556609069873
716 2.52341605512398 5.16413874238279
717 2.49188530651818 5.18633627267858
718 2.54360479266518 5.20459932323158
719 2.52389164145157 5.16987238230534
720 2.57735007051395 5.17983497752076
721 2.42971497140608 5.11592375162664
722 2.47909618706898 5.10226684264987
723 2.52596950672606 5.18633606339624
724 2.42217305612705 5.15949334948798
725 2.52598133557545 5.18804496582716
726 2.48325643565786 5.18303965519399
727 2.45728974004861 5.18663602756802
728 2.56042672393657 5.16864847906177
729 2.51507444882248 5.18633594620064
730 2.54861405618882 5.18715081015274
731 2.5681804377669 5.186336439362
732 2.55843678311082 5.18633591272432
733 2.50190400644384 5.18804317107763
734 2.52596981424677 5.18638729359575
735 2.49643203033022 5.186336350101
736 2.64649578168046 5.18633576950525
737 2.51329829625157 5.17662601776883
738 2.44502487507711 5.18628837452102
739 2.48127063983482 5.18633602461287
740 2.4710162869431 5.18416746398209
741 2.52597899393415 5.18767382422277
742 2.52596950672606 5.18633606339624
743 2.52190525719845 5.14759323676813
744 2.57395248161965 5.18752007749804
745 2.52518576171329 5.2075369367421
746 2.52597610899923 5.18729565401953
747 2.52596953974181 5.18632730385342
748 2.52304891370575 5.15308566726134
749 2.47921150346764 5.17704669671937
750 2.56638294578964 5.15414771377504
751 2.51861664698239 5.18645482880358
752 2.60886891491568 5.19133306612173
753 2.64652108609253 5.18977669439602
754 2.52877174385558 5.14549102240679
755 2.54734600236436 5.17777558070061
756 2.52349808579558 5.16725734229266
757 2.53266187953788 5.19060781021615
758 2.52597333810335 5.18687947356165
759 2.52380739618869 5.16779456456065
760 2.61435948320489 5.18553364577753
761 2.48155722122612 5.17422271408142
762 2.62599268013523 5.1856317493461
763 2.72986445723448 5.18593738713933
764 2.50935970644893 5.18633627949024
765 2.56831381496469 5.19317248692681
766 2.43702194623844 5.18701358909088
767 2.48674660317643 5.16329562118162
768 2.52597160990688 5.18662432956689
769 2.52427234708676 5.17427685585792
770 2.52596950672606 5.18633606339624
771 2.66114133177867 5.17318942431021
772 2.75495190441435 5.18674464460869
773 2.54084440458737 5.18633619148242
774 2.56290050253085 5.18633570389043
775 2.52596950672606 5.18633606339624
776 2.52596950672606 5.18633606339624
777 2.45312161266026 5.18944702745452
778 2.50494897819656 5.18633628503641
779 2.47730860712433 5.09302316239361
780 2.51167484154047 5.18633621358624
781 2.52596950672606 5.18633606339624
782 2.62062736261898 5.18646226154882
783 2.52681723483652 5.1902066236449
784 2.5259752325988 5.18719568017393
785 2.52194564218717 5.14975955684554
786 2.58735634774306 5.18749975340817
787 2.74163421516525 5.18539882627571
788 2.36839654366113 5.18572929711724
789 2.54691636338628 5.18633660324555
790 2.53360662318755 5.20863794035918
791 2.64650953464828 5.18819993756533
792 2.38552996745156 5.15346697472947
793 2.53798422567335 5.16937630547964
794 2.46373148901636 5.17542337820462
795 2.49334314534436 5.1989067620769
796 2.52305240573246 5.15316419561821
797 2.45524057147872 5.18559840921164
798 2.52893685777115 5.18250771391946
799 2.51916495383271 5.16899989528118
800 2.52596950672606 5.18633606339624
801 2.50815576041825 5.16832168037886
802 2.51123651251334 5.18633630515439
803 2.52596950672606 5.18633606339624
804 2.5300313584894 5.1635172704372
805 2.50949994310766 5.16798226956055
806 2.49654528856461 5.1863360026276
807 2.50640873321321 5.1857867765645
808 2.59363905007524 5.18633609233635
809 2.5058918049054 5.19061751209389
810 2.51283864149888 5.18545210907851
811 2.59725252037401 5.18633672747181
812 2.38463036064445 5.18574263733122
813 2.60227773950867 5.18633580644724
814 2.55753184863014 5.18633644030289
815 2.60415908875681 5.17430144307668
816 2.52418752219913 5.1737537617059
817 2.5588361500334 5.18633594176846
818 2.54209163697151 5.17725314941041
819 2.52319195128783 5.16307083073079
820 2.46993452123791 5.18819548034932
821 2.5351361871684 5.18633612572477
822 2.56075933561639 5.18684542519032
823 2.49554216024596 5.18633620437872
824 2.51335211092529 5.18053750783447
825 2.52912497035348 5.17455115439237
826 2.48012537364372 5.10601937415006
827 2.52471060498113 5.186335884404
828 2.54346585582832 5.15897538309204
829 2.52250176300893 5.18089180356108
830 2.52596950672606 5.18633606339624
831 2.55645780038182 5.18750339830948
832 2.50934637088996 5.17534858948268
833 2.52598082617734 5.18800569143706
834 2.47839963239737 5.2010665231612
835 2.54475079568754 5.18573262231908
836 2.48900270601028 5.18633590338514
837 2.60891449450391 5.14854935733454
838 2.46538804381912 5.18038721205706
839 2.58967987313707 5.18633611861491
840 2.61533639990956 5.20285153819544
841 2.52400325890619 5.18633613224965
842 2.64188436647377 5.16059716209997
843 2.48150030632528 5.18633578538145
844 2.51707408885876 5.18960809483854
845 2.38620239634015 5.18646859409454
846 2.55766839911241 5.18814901038224
847 2.58245103643616 5.18633614800585
848 2.48945738606571 5.18728208247389
849 2.5104059112679 5.14594299146762
850 2.5377220465373 5.1863363659919
851 2.50714524300158 5.17688720108819
852 2.48434196221681 5.19117392396273
853 2.45804395220615 5.18088579314366
854 2.53357185838982 5.20677820821553
855 2.52002978528255 5.1940604207528
856 2.52329466632569 5.15949349890862
857 2.50283483395554 5.19431657285343
858 2.52608075048113 5.18689718323287
859 2.52626299458736 5.18633620895181
860 2.49753599485599 5.19124327060951
861 2.50519276183414 5.18615369430229
862 2.60151120770196 5.20014415783551
863 2.4640778085632 5.0630957935391
864 2.59470920474751 5.17547186359173
865 2.42729642225873 5.18633568864188
866 2.49766085148994 5.19663081046394
867 2.64194574545226 5.17418132511172
868 2.45381050590358 5.18592838910496
869 2.52596950672606 5.18633606339624
870 2.52580541848755 5.18669367183869
871 2.53890666827687 5.18859411309716
872 2.51507973094985 5.19798986296065
873 2.55807911904059 5.1883691669815
874 2.58925786780977 5.19594510351802
875 2.54934699535421 5.16024083093533
876 2.53518612225146 5.15545774206678
877 2.53390181714622 5.18633628150162
878 2.52465336319069 5.17887055819176
879 2.46894546555927 5.18633603728762
880 2.5185594991357 5.18655044366428
881 2.55745561150963 5.18593588985548
882 2.5231419702927 5.15595703727109
883 2.54354968924007 5.18798978223813
884 2.52596708964463 5.18600515207797
885 2.52692509168728 5.19144450130934
886 2.52965690920374 5.18590794794496
887 2.50065676202956 5.13558974344511
888 2.54910678570817 5.15261376999823
889 2.47769653702254 5.18656143161776
890 2.47662881264968 5.12189103009384
891 2.49707914090524 5.18672031746913
892 2.44094465342972 5.18633627567416
893 2.52438979231988 5.17555558271326
894 2.5179596930945 5.19098753974855
895 2.52033028840043 5.18746285378129
896 2.54379243641781 5.16825054012352
897 2.52926484585788 5.19873429477237
898 2.77056051599888 5.18633627648921
899 2.4807967256422 5.18436391120172
900 2.5231644825728 5.15615985010604
901 2.69573966611133 5.16857066454256
902 2.53598732126675 5.18633639779399
903 2.52596950672606 5.18633606339624
904 2.45864446300935 5.15949356502711
905 2.46265996233578 5.14816614177141
906 2.52447612153271 5.17624925630013
907 2.52114336365599 5.18976349408793
908 2.52598021655493 5.18788097499994
909 2.5499394144408 5.18724174017805
910 2.54885650925275 5.18573294486746
911 2.50765597143037 5.186490474557
912 2.46977559517424 5.18625710064154
913 2.54369618354629 5.18655032881689
914 2.52598667033173 5.18880333045248
915 2.45825620545482 5.19762120693725
916 2.48570454624699 5.18606932377662
917 2.52205736921282 5.19316540174245
918 2.54787821493415 5.18633585010927
919 2.52470917819139 5.17826180668193
920 2.47142814470063 5.1860894388516
921 2.4479312246826 5.18633646068807
922 2.52596950672606 5.18633606339624
923 2.52158558343305 5.18633622404971
924 2.51521829710365 5.19498009279752
925 2.47623939857779 5.17580368421587
926 2.50935970644893 5.18633627949024
927 2.59725252037401 5.18633672747181
928 2.49392512422309 5.18633620983185
929 2.44028700372014 5.19496718291133
930 2.52596505717623 5.18568762570801
931 2.49874324574393 5.18633590720118
932 2.57381311865091 5.1841477497982
933 2.62251119945199 5.18882729864616
934 2.5259908581704 5.18947022283477
935 2.52596950672606 5.18633606339624
936 2.53667620688601 5.18944729499574
937 2.52301105069937 5.1809551268323
938 2.47464024863138 5.05387495337175
939 2.50344050695401 5.19391958178814
940 2.51979805699331 5.17976179742665
941 2.53670996725671 5.16825949829859
942 2.5276679991416 5.19337530147974
943 2.52226517614217 5.1646043600292
944 2.55889699675705 5.16878654174483
945 2.49402238114806 5.2084197213196
946 2.52372113113962 5.16767680099102
947 2.45344138283557 5.18633638611442
948 2.5563824413544 5.18736005836791
949 2.68177902128327 5.18633607057081
950 2.52406746490385 5.17204254650541
951 2.75401179087961 5.1863359817103
952 2.53583554429774 5.18089119612691
953 2.52597400677039 5.18700490048646
954 2.51064049700114 5.16676660345013
955 2.60959181600891 5.18633585251601
956 2.46833054028459 5.18665335118781
957 2.45285317150651 5.18633603279579
958 2.40158457272311 5.18004081700178
959 2.47724245169584 5.18700790639218
960 2.50494897819656 5.18633628503641
961 2.51661557336383 5.18633636462839
962 2.54720361931732 5.18746246694552
963 2.51484695617126 5.18628040746584
964 2.52128113466237 5.15779220201253
965 2.47547262767834 5.1863364333947
966 2.52597010183862 5.18646967333593
967 2.45259054090712 5.15033604884671
968 2.53973359342578 5.18633609782087
969 2.63506059005107 5.18816803795166
970 2.55657064677314 5.18633609010306
971 2.55586925055528 5.18688261139323
972 2.59899181582891 5.18852576865921
973 2.52312701967015 5.19746943505809
974 2.62353339680117 5.1876939112607
975 2.45689950123856 5.20175449492143
976 2.46460042281502 5.16745938744193
977 2.52365050232024 5.16669647868759
978 2.49532514085513 5.18633578463252
979 2.59656979484939 5.2039030434827
980 2.52567708294138 5.1858437481934
981 2.50575383175904 5.18633602622879
982 2.49984005011078 5.1863360115532
983 2.503653738486 5.1866531809758
984 2.52191663269827 5.14816630756991
985 2.5985872432875 5.1863356154758
986 2.52558966748997 5.17825961331185
987 2.40272465114082 5.1863361974858
988 2.52596950672606 5.18633606339624
989 2.56354274591135 5.18663615877772
990 2.46316691713491 5.14845238350963
991 2.55720154586742 5.18630731285275
992 2.52596950672606 5.18633606339624
993 2.43055695138876 5.17751006493322
994 2.54646588327535 5.18633587789665
995 2.48543231860007 5.16632744407314
996 2.52598227192157 5.18816749743007
997 2.5259615656666 5.18521080759253
998 2.52712469240666 5.19135503510225
999 2.52596950672606 5.18633606339624
