0 19.9313987385468 5.06669806744463
1 20.6239234890852 5.06571598767719
2 20.1337090528374 5.06892452991041
3 19.9313987385468 5.06669806744463
4 20.2633140654112 5.06692144792157
5 19.8394192635154 5.06600773595467
6 19.841137596441 5.06669807764146
7 19.9469837915339 5.06756817275097
8 19.7509959124466 5.0657155783233
9 19.9313987385468 5.06669806744463
10 20.0953280998223 5.06571583229501
11 18.9877143622088 5.06669804894372
12 20.6239234890852 5.06571598767719
13 19.9296226897612 5.06571591302083
14 19.8393722779575 5.06571595320939
15 20.2543862234287 5.0630508404184
16 20.7972915615176 5.0666979182696
17 21.4135549274705 5.06571590409447
18 19.5832144924273 5.06669802050058
19 19.841137596441 5.06669807764146
20 19.841137596441 5.06669807764146
21 19.9296226897612 5.06571591302083
22 20.337223716244 5.06514558074255
23 19.842704845126 5.06756799578288
24 19.9296226897612 5.06571591302083
25 19.841137596441 5.06669807764146
26 19.703605935461 5.06571595582353
27 20.5907160807554 5.05712227757656
28 20.1535292944086 5.06759336803139
29 20.3535707281332 5.0666981981162
30 18.9098156715073 5.06669797194565
31 19.9313987385468 5.06669806744463
32 19.841137596441 5.06669807764146
33 19.9296226897612 5.06571591302083
34 20.0953280998223 5.06571583229501
35 20.1135951075293 5.06841503269203
36 19.8548306592063 5.06693330159828
37 20.2631247631802 5.06571602370373
38 19.9324368542844 5.06727288750607
39 19.841137596441 5.06669807764146
40 20.7224607630257 5.05712207822385
41 20.2649286108643 5.06669820497166
42 20.0623022004063 5.06853662334444
43 19.842704845126 5.06756799578288
44 20.3402348940441 5.06571568026759
45 19.9296226897612 5.06571591302083
46 19.842704845126 5.06756799578288
47 20.2712673765293 5.07007799956887
48 20.0971097382386 5.06669794514641
49 20.3507056976996 5.06571596941589
50 19.7050865436101 5.06571581046441
51 19.7492518993207 5.06571592165458
52 19.8394077477425 5.06596293045865
53 20.2631247631802 5.06571602370373
54 19.8393634523749 5.06571107737661
55 20.2795273648047 5.06669819250049
56 20.1516684693906 5.06842496852587
57 19.9313987385468 5.06669806744463
58 19.842704845126 5.06756799578288
59 19.8393722779575 5.06571595320939
60 20.2672225671008 5.06793861732286
61 20.6239234890852 5.06571598767719
62 20.1518883358538 5.06669827183871
63 20.0281966732642 5.06669805275988
64 19.841137596441 5.06669807764146
65 19.8393722779575 5.06571595320939
66 19.842704845126 5.06756799578288
67 20.3721222254597 5.06759342510507
68 19.9296226897612 5.06571591302083
69 19.841137596441 5.06669807764146
70 20.8626633135984 5.06925292449964
71 20.7753794417058 5.06571580703294
72 19.8410449038589 5.06608971348876
73 20.1494519632612 5.06536663690779
74 19.9384381049332 5.0698937598253
75 19.929804659899 5.06693547236008
76 19.8428540051985 5.06851012891318
77 20.0757778453774 5.06571599205087
78 19.841137596441 5.06669807764146
79 20.0971097382386 5.06669794514641
80 20.2631247631802 5.06571602370373
81 19.8393722779575 5.06571595320939
82 20.438238001167 5.06757968008387
83 20.2655719470921 5.06704729522889
84 20.2650635945449 5.06755380413475
85 19.8393722779575 5.06571595320939
86 20.7224607630257 5.05712207822385
87 20.3845622380244 5.0694159275689
88 19.9820485142036 5.06669816977828
89 20.1082897079255 5.06571589399611
90 21.0152910321283 5.06717623725851
91 19.9313987385468 5.06669806744463
92 19.9646523570124 5.06669809872693
93 21.0017848844173 5.06759310404627
94 19.842704845126 5.06756799578288
95 20.5436602184182 5.06625702905043
96 19.841137596441 5.06669807764146
97 19.8393722779575 5.06571595320939
98 20.3402348940441 5.06571568026759
99 20.7996622658215 5.06791898326649
100 19.841137596441 5.06669807764146
101 20.0465785456809 5.06571599798574
102 19.8393722779575 5.06571595320939
103 19.7748273455684 5.06571572564856
104 19.7555917469462 5.06669822410738
105 19.9295740808255 5.0654944666885
106 19.7785164695336 5.06674032769211
107 19.8422615744061 5.06731987735294
108 20.7954020624338 5.06571584949871
109 20.8035033386218 5.06669807614987
110 19.841137596441 5.06669807764146
111 19.7610353820411 5.06632462997308
112 19.841137596441 5.06669807764146
113 20.6005961548704 5.05904055003048
114 19.842704845126 5.06756799578288
115 19.9296226897612 5.06571591302083
116 20.7558878559259 5.06571581113456
117 20.7936058522449 5.06080649517004
118 19.9701305779935 5.06836016712659
119 20.6239363396136 5.06580831432364
120 19.841137596441 5.06669807764146
121 19.8857044857341 5.06748870292898
122 19.842704845126 5.06756799578288
123 19.9313987385468 5.06669806744463
124 19.9313987385468 5.06669806744463
125 19.8393722779575 5.06571595320939
126 19.841137596441 5.06669807764146
127 19.8396277083117 5.06583384724118
128 19.842704845126 5.06756799578288
129 19.8411151399778 5.06656550404431
130 19.9296226897612 5.06571591302083
131 20.2897238444981 5.06571590666146
132 20.74148469403 5.06080658978721
133 20.4514222862152 5.06371735503123
134 19.8868678355269 5.06695272611872
135 19.5768102254466 5.06571590239532
136 19.9687233053021 5.06759341742524
137 19.9063029872057 5.05890958781925
138 19.9313987385468 5.06669806744463
139 19.841137596441 5.06669807764146
140 21.0150588070799 5.065715978859
141 19.841137596441 5.06669807764146
142 19.1581086433921 5.06669807187448
143 20.2649286108643 5.06669820497166
144 19.9263849400257 5.06399569639681
145 19.8393722779575 5.06571595320939
146 21.2556771957866 5.05712213356429
147 19.8393722779575 5.06571595320939
148 19.9296226897612 5.06571591302083
149 20.6239234890852 5.06571598767719
150 19.9296226897612 5.06571591302083
151 20.7558878559259 5.06571581113456
152 20.6239234890852 5.06571598767719
153 19.8393722779575 5.06571595320939
154 19.842704845126 5.06756799578288
155 19.8393722779575 5.06571595320939
156 19.8393722779575 5.06571595320939
157 20.6216812637137 5.06456128510572
158 20.0006494047902 5.06571601640515
159 19.8393722779575 5.06571595320939
160 20.1075478894856 5.06571592605835
161 20.1548844989735 5.0679424912377
162 19.2896618776082 5.06756826753628
163 21.0488444391853 5.06571587177231
164 20.2649845614668 5.06705768439083
165 20.5282859500002 5.06571576997441
166 20.264553277689 5.06571608654694
167 20.0770870215557 5.06571584657672
168 19.7345996894707 5.06705123901889
169 20.5034479524523 5.05904075930791
170 21.176090202013 5.06571590425087
171 19.8393722779575 5.06571595320939
172 19.9295498444395 5.06523461461724
173 19.841253081997 5.06746937448722
174 19.841137596441 5.06669807764146
175 19.931701132911 5.0668679913282
176 19.8407310305121 5.06647233669261
177 20.829745422814 5.06491480463022
178 19.841137596441 5.06669807764146
179 20.0952918400141 5.06552110922944
180 19.841137596441 5.06669807764146
181 19.842704845126 5.06756799578288
182 20.0947551235825 5.06540402219336
183 19.9296226897612 5.06571591302083
184 19.9294852240323 5.06564162466168
185 19.931297728539 5.06604996127194
186 19.841137596441 5.06669807764146
187 19.841137596441 5.06669807764146
188 20.5282859500002 5.06571576997441
189 19.841137596441 5.06669807764146
190 19.9296226897612 5.06571591302083
191 19.841137596441 5.06669807764146
192 19.8393722779575 5.06571595320939
193 19.8190311214255 5.06280269642616
194 20.8331972483388 5.06669807372276
195 19.9285388476773 5.06512103804047
196 20.7935123511786 5.06669817347604
197 19.9217597349698 5.06222647661119
198 19.4579760272562 5.0666981637916
199 20.1300202837033 5.0657160516494
200 19.9339428701478 5.06809903646614
201 19.8393722779575 5.06571595320939
202 19.841137596441 5.06669807764146
203 19.841137596441 5.06669807764146
204 19.9313987385468 5.06669806744463
205 19.842704845126 5.06756799578288
206 19.8842630731503 5.06669806597641
207 20.0571361242493 5.06571576345249
208 19.8393722779575 5.06571595320939
209 19.8393722779575 5.06571595320939
210 19.842704845126 5.06756799578288
211 19.9313987385468 5.06669806744463
212 19.9296226897612 5.06571591302083
213 19.7977100853496 5.06669814254528
214 20.0151052240195 5.06571594459172
215 19.842704845126 5.06756799578288
216 19.841137596441 5.06669807764146
217 19.841137596441 5.06669807764146
218 19.9701305779935 5.06836016712659
219 19.9313457082618 5.06639231177984
220 20.792957645152 5.06571566193376
221 20.2809778869094 5.06756836144566
222 19.9313987385468 5.06669806744463
223 19.8393722779575 5.06571595320939
224 20.5920337191506 5.05738066390255
225 19.9296226897612 5.06571591302083
226 19.841137596441 5.06669807764146
227 20.6239234890852 5.06571598767719
228 20.6258035784311 5.06669802319781
229 19.842704845126 5.06756799578288
230 20.0953280998223 5.06571583229501
231 19.9088486535094 5.05941031182244
232 20.3034229913617 5.06669821229835
233 19.8126619583093 5.06571578029597
234 20.7281511167366 5.06919334983916
235 19.9253015858928 5.06571599244231
236 20.2649105072735 5.06658314697268
237 20.262697559677 5.06548516206823
238 19.8493421483719 5.06669788994284
239 19.841137596441 5.06669807764146
240 19.9296471557453 5.06588520737887
241 19.9296226897612 5.06571591302083
242 19.8441803842252 5.06837555771514
243 20.0770553141923 5.06967659268587
244 19.2646067409864 5.06669821676453
245 20.5282859500002 5.06571576997441
246 19.8405201373407 5.06635428270336
247 19.9313987385468 5.06669806744463
248 20.3731215522856 5.06669819524672
249 20.0571361242493 5.06571576345249
250 19.965320978848 5.06571596278842
251 19.842704845126 5.06756799578288
252 19.8393722779575 5.06571595320939
253 19.8491289117738 5.07045349925232
254 19.841137596441 5.06669807764146
255 19.842704845126 5.06756799578288
256 20.1549512268458 5.06836017499033
257 19.8392467822012 5.06488714115373
258 19.9313987385468 5.06669806744463
259 19.8394935898511 5.06651648895153
260 20.2649286108643 5.06669820497166
261 19.8430008452876 5.06772740162343
262 20.6005961548704 5.05904055003048
263 20.6251685079794 5.0663663074241
264 19.8833188799895 5.06630315334761
265 19.841137596441 5.06669807764146
266 20.2631199649722 5.06570057026137
267 18.4132152198775 5.06571598206987
268 19.9371459253001 5.06982118729048
269 20.107433331805 5.06756828273595
270 19.9296226897612 5.06571591302083
271 21.170118486602 5.0571220446722
272 20.0772179706629 5.06669824333684
273 19.7046586695468 5.06669794163962
274 19.9313987385468 5.06669806744463
275 20.998134096746 5.06571594410395
276 20.0571361242493 5.06571576345249
277 19.9313987385468 5.06669806744463
278 20.998134096746 5.06571594410395
279 20.9886525764124 5.06539376845973
280 19.841137596441 5.06669807764146
281 20.1300202837033 5.0657160516494
282 19.5123044862663 5.06930347683106
283 19.842704845126 5.06756799578288
284 20.7558878559259 5.06571581113456
285 20.0257486324979 5.06756814489791
286 19.9313650982483 5.06650961615412
287 19.8393722779575 5.06571595320939
288 19.9313987385468 5.06669806744463
289 19.9296226897612 5.06571591302083
290 19.769604535254 5.06669821564559
291 19.9313987385468 5.06669806744463
292 20.7558878559259 5.06571581113456
293 19.6355327973709 5.06756810413177
294 19.841137596441 5.06669807764146
295 20.5282859500002 5.06571576997441
296 18.0292537464054 5.06182149609948
297 21.544749771667 5.06571594941841
298 19.8789776333937 5.06669806723365
299 20.0295285277334 5.06710824693026
300 20.2649286108643 5.06669820497166
301 19.8393722779575 5.06571595320939
302 19.9296226897612 5.06571591302083
303 19.841137596441 5.06669807764146
304 20.1383795751806 5.06756792019599
305 20.2649286108643 5.06669820497166
306 20.2649286108643 5.06669820497166
307 19.9313987385468 5.06669806744463
308 19.842704845126 5.06756799578288
309 20.5907160807554 5.05712227757656
310 19.9313987385468 5.06669806744463
311 20.7558878559259 5.06571581113456
312 19.8411903341683 5.06704671909154
313 19.8451992291133 5.06892833520318
314 20.6237676586753 5.0647418346505
315 19.841137596441 5.06669807764146
316 19.7660341227777 5.06669813336225
317 19.841031945628 5.06600760784747
318 19.841137596441 5.06669807764146
319 20.6439328888953 5.06571581249835
320 19.8393722779575 5.06571595320939
321 20.270200482484 5.06951880327774
322 20.5282859500002 5.06571576997441
323 20.8183466094999 5.06571586558027
324 19.8393722779575 5.06571595320939
325 19.841137596441 5.06669807764146
326 20.1268621410427 5.06653117897679
327 19.9313987385468 5.06669806744463
328 19.842704845126 5.06756799578288
329 19.8748342282335 5.05429082896784
330 19.8393722779575 5.06571595320939
331 19.841137596441 5.06669807764146
332 20.6241406922199 5.0670565790502
333 19.9313987385468 5.06669806744463
334 19.8393722779575 5.06571595320939
335 19.9296226897612 5.06571591302083
336 19.9296226897612 5.06571591302083
337 20.3402348940441 5.06571568026759
338 20.0952747718908 5.06540757033507
339 20.6331121491415 5.0657158290649
340 19.842704845126 5.06756799578288
341 19.9313987385468 5.06669806744463
342 19.9702067209221 5.06883667358001
343 19.9331832931883 5.06768196529227
344 19.841137596441 5.06669807764146
345 19.841137596441 5.06669807764146
346 20.2631247631802 5.06571602370373
347 20.1318116888627 5.06669820213729
348 19.841137596441 5.06669807764146
349 19.9701305779935 5.06836016712659
350 20.4432733567342 5.06571589779156
351 20.6239234890852 5.06571598767719
352 19.8393722779575 5.06571595320939
353 21.448212570427 5.06571581240008
354 19.9296226897612 5.06571591302083
355 19.8411309279413 5.06666883773725
356 20.1318116888627 5.06669820213729
357 19.9296226897612 5.06571591302083
358 19.841137596441 5.06669807764146
359 19.841137596441 5.06669807764146
360 20.7728149313728 5.06614427182097
361 19.841137596441 5.06669807764146
362 19.8833620726978 5.06571590353228
363 19.8394299633217 5.06609358041427
364 19.5834034751419 5.0657158050161
365 19.846335429206 5.06571594977213
366 19.9313987385468 5.06669806744463
367 20.0970483451872 5.06628788379534
368 20.0754254202719 5.06571585865482
369 19.9313987385468 5.06669806744463
370 20.0772179706629 5.06669824333684
371 20.5313958165886 5.06738564206503
372 20.0571361242493 5.06571576345249
373 19.9313987385468 5.06669806744463
374 19.8394468786026 5.06619353594359
375 20.5342698210117 5.06890342320029
376 21.170118486602 5.0571220446722
377 19.841137596441 5.06669807764146
378 19.931625377627 5.06682543632902
379 20.6258035784311 5.06669802319781
380 20.6258035784311 5.06669802319781
381 19.9313987385468 5.06669806744463
382 20.5283175821166 5.06593844833935
383 19.842704845126 5.06756799578288
384 19.9313987385468 5.06669806744463
385 19.841137596441 5.06669807764146
386 19.7944332441205 5.06756828479369
387 19.841137596441 5.06669807764146
388 20.0571361242493 5.06571576345249
389 19.9313987385468 5.06669806744463
390 19.841137596441 5.06669807764146
391 20.2649286108643 5.06669820497166
392 20.0561380161024 5.06516725110693
393 19.9296226897612 5.06571591302083
394 20.1300202837033 5.0657160516494
395 19.9313987385468 5.06669806744463
396 19.842704845126 5.06756799578288
397 20.0953280998223 5.06571583229501
398 21.2436257992379 5.0668296992271
399 19.841137596441 5.06669807764146
400 19.8393722779575 5.06571595320939
401 20.4575895984281 5.06571585116798
402 20.2631247631802 5.06571602370373
403 20.1001705157229 5.06836023193583
404 19.9391033647478 5.06841106016028
405 20.6258035784311 5.06669802319781
406 19.8530936176429 5.06756827344883
407 19.9235533650251 5.06571577348106
408 20.6239234890852 5.06571598767719
409 20.1300202837033 5.0657160516494
410 20.6678155348646 5.05712231609707
411 19.9296226897612 5.06571591302083
412 19.8393722779575 5.06571595320939
413 19.8426393067955 5.06712107600609
414 19.9296226897612 5.06571591302083
415 20.1300202837033 5.0657160516494
416 20.0971097382386 5.06669794514641
417 20.2649286108643 5.06669820497166
418 20.1305515683595 5.06669801039636
419 19.841137596441 5.06669807764146
420 19.9313987385468 5.06669806744463
421 20.7557954842867 5.06516631262871
422 19.8428263936463 5.06832939968368
423 19.842704845126 5.06756799578288
424 19.7834836045069 5.06669815188377
425 20.1001705157229 5.06836023193583
426 20.2363406748905 5.06669822616213
427 20.6005961548704 5.05904055003048
428 19.9670956355439 5.06669798176462
429 20.2631247631802 5.06571602370373
430 19.9296226897612 5.06571591302083
431 19.8393722779575 5.06571595320939
432 18.7974381866073 5.06669815326889
433 18.4195903974257 5.06571586982712
434 19.8394160225874 5.06603689569047
435 20.2631247631802 5.06571602370373
436 19.842704845126 5.06756799578288
437 19.9296226897612 5.06571591302083
438 20.871917903377 5.06571601370032
439 20.0754254202719 5.06571585865482
440 19.8924854519923 5.05615609785278
441 19.841137596441 5.06669807764146
442 20.26600980213 5.0672875927502
443 20.9726153188133 5.06571580430788
444 19.9296226897612 5.06571591302083
445 19.842704845126 5.06756799578288
446 20.2049419625027 5.06669814122806
447 19.842704845126 5.06756799578288
448 20.5907160807554 5.05712227757656
449 19.842704845126 5.06756799578288
450 19.8123995465742 5.06571567537855
451 19.8432673189508 5.06787485202624
452 19.2765563591484 5.06571573721199
453 19.9296226897612 5.06571591302083
454 19.9400295539541 5.06571564665815
455 19.9296226897612 5.06571591302083
456 19.8073544644318 5.06144319917203
457 19.9296226897612 5.06571591302083
458 19.9346722662433 5.06849488622553
459 20.0571361242493 5.06571576345249
460 20.2649286108643 5.06669820497166
461 20.0156955832447 5.066698036366
462 19.841137596441 5.06669807764146
463 20.6258035784311 5.06669802319781
464 20.3402348940441 5.06571568026759
465 19.9296226897612 5.06571591302083
466 19.841137596441 5.06669807764146
467 19.8393722779575 5.06571595320939
468 20.05722851853 5.06630261446551
469 20.7558878559259 5.06571581113456
470 20.6295446524986 5.06571590211253
471 20.0971097382386 5.06669794514641
472 20.9068609147701 5.06669807286664
473 20.0027643903739 5.06571578075276
474 20.0605624198465 5.06759327732665
475 20.1318116888627 5.06669820213729
476 20.7953463310208 5.06537899605407
477 19.5291174938203 5.06669817537342
478 20.6258035784311 5.06669802319781
479 19.9313987385468 5.06669806744463
480 21.2406791187775 5.06571589964655
481 20.05255767456 5.06571581634256
482 20.6239234890852 5.06571598767719
483 19.8427772794516 5.06802562306097
484 20.0772179706629 5.06669824333684
485 20.5297778265497 5.0666980577303
486 19.8393722779575 5.06571595320939
487 21.7982295956837 5.05712214444342
488 19.9296226897612 5.06571591302083
489 20.7224607630257 5.05712207822385
490 20.2649286108643 5.06669820497166
491 19.8270941410484 5.06112444554059
492 20.3475434400349 5.06756803781002
493 19.842704845126 5.06756799578288
494 20.4719139164791 5.0657159967603
495 20.0571361242493 5.06571576345249
496 20.2649286108643 5.06669820497166
497 20.0571361242493 5.06571576345249
498 19.7844421892356 5.0666982403485
499 20.8087434627017 5.06514574382504
500 20.8331972483388 5.06669807372276
501 19.7759625117313 5.06571597755292
502 20.6239234890852 5.06571598767719
503 19.8393722779575 5.06571595320939
504 20.6258035784311 5.06669802319781
505 19.9296226897612 5.06571591302083
506 19.842704845126 5.06756799578288
507 20.0971097382386 5.06669794514641
508 20.4784013961567 5.06571567959694
509 20.0971097382386 5.06669794514641
510 20.0594533034289 5.06699148067409
511 19.965320978848 5.06571596278842
512 19.842704845126 5.06756799578288
513 19.9317081463927 5.06874804767422
514 20.2408209135041 5.07070867164706
515 19.9313987385468 5.06669806744463
516 19.9296226897612 5.06571591302083
517 19.9296226897612 5.06571591302083
518 19.841137596441 5.06669807764146
519 19.8393722779575 5.06571595320939
520 20.5282859500002 5.06571576997441
521 20.1088984700068 5.06669819814362
522 20.2649286108643 5.06669820497166
523 19.842704845126 5.06756799578288
524 20.1535292944086 5.06759336803139
525 20.6107634755885 5.06669812394348
526 20.5282859500002 5.06571576997441
527 21.3834591885186 5.06571573255181
528 20.8313060330913 5.06571588089323
529 20.0462242814592 5.06669815421406
530 20.7954020624338 5.06571584949871
531 20.7640797955204 5.06991535242752
532 19.9296226897612 5.06571591302083
533 19.841137596441 5.06669807764146
534 19.8544385651756 5.06693431336913
535 19.9376000019495 5.06597735639903
536 18.5413324629938 5.06571602973044
537 20.0953280998223 5.06571583229501
538 20.2556028276525 5.06236506802018
539 20.5282614977003 5.06555189858514
540 19.8392441163937 5.06487622821626
541 19.842704845126 5.06756799578288
542 20.2912295338845 5.06571595608483
543 19.9313987385468 5.06669806744463
544 19.9607805555302 5.06756805037655
545 20.6816859592213 5.06669805265963
546 19.7903734464273 5.06756823312711
547 20.6798466881757 5.06571581965257
548 20.6258035784311 5.06669802319781
549 19.8394542267106 5.06625046038061
550 20.7658184389657 5.06571589213764
551 20.2912295338845 5.06571595608483
552 19.8393722779575 5.06571595320939
553 20.0953280998223 5.06571583229501
554 20.3402348940441 5.06571568026759
555 20.2648200253873 5.06600754450308
556 20.2631247631802 5.06571602370373
557 19.3009281167214 5.0657156646959
558 19.9296226897612 5.06571591302083
559 20.0571361242493 5.06571576345249
560 20.1300202837033 5.0657160516494
561 19.8434040054762 5.06795152649744
562 18.7380081111546 5.06669781789504
563 19.841137596441 5.06669807764146
564 19.8393722779575 5.06571595320939
565 21.209239110339 5.05712219706855
566 19.6176804008824 5.06669811903427
567 19.841137596441 5.06669807764146
568 20.8311118127587 5.06514817618309
569 20.6077497779758 5.06043072594525
570 19.9377217305271 5.07012712711681
571 19.841137596441 5.06669807764146
572 19.841137596441 5.06669807764146
573 20.5282859500002 5.06571576997441
574 19.841137596441 5.06669807764146
575 19.8427373169284 5.06758354364006
576 20.5282859500002 5.06571576997441
577 19.9313987385468 5.06669806744463
578 19.9313987385468 5.06669806744463
579 19.9313987385468 5.06669806744463
580 20.5377649318451 5.068410315427
581 20.8313060330913 5.06571588089323
582 20.5340607793668 5.06756828198093
583 19.842704845126 5.06756799578288
584 19.8854107115545 5.06571600936544
585 20.9021326836904 5.066698181462
586 19.8470786807352 5.06993624543339
587 20.6239234890852 5.06571598767719
588 20.0055137257209 5.05712214870345
589 19.841137596441 5.06669807764146
590 19.842704845126 5.06756799578288
591 20.0987538105247 5.06759334844133
592 19.9097200194199 5.06571586822432
593 19.9313987385468 5.06669806744463
594 20.6643437657608 5.06571577262328
595 19.841137596441 5.06669807764146
596 19.8141262407041 5.0658586219199
597 19.9296226897612 5.06571591302083
598 17.9801709105618 5.06571583861303
599 19.9313987385468 5.06669806744463
600 19.8363858851504 5.06411375832983
601 19.841137596441 5.06669807764146
602 19.8861150426861 5.05419821800847
603 19.841137596441 5.06669807764146
604 20.2745894900547 5.06756821986895
605 19.8420019833864 5.06717813832122
606 19.9687233053021 5.06759341742524
607 17.3755299034711 5.06756822458559
608 19.842704845126 5.06756799578288
609 19.841137596441 5.06669807764146
610 20.9031372758502 5.05712209117139
611 22.1536694408995 5.06571583555223
612 20.3686457345454 5.06571584821962
613 19.8411198357939 5.06668741593976
614 19.6212003968043 5.06697651496794
615 19.8393722779575 5.06571595320939
616 19.9313987385468 5.06669806744463
617 20.098624553947 5.06752414516755
618 19.9315125660204 5.06747032780787
619 19.8393722779575 5.06571595320939
620 19.841137596441 5.06669807764146
621 19.841137596441 5.06669807764146
622 19.8393722779575 5.06571595320939
623 20.8538008747072 5.06571580957513
624 20.0571361242493 5.06571576345249
625 19.9296226897612 5.06571591302083
626 19.9313987385468 5.06669806744463
627 20.0813335428431 5.06756827292404
628 19.8393722779575 5.06571595320939
629 19.842704845126 5.06756799578288
630 19.8393722779575 5.06571595320939
631 19.8393722779575 5.06571595320939
632 19.8393722779575 5.06571595320939
633 19.9344254055427 5.06836011365395
634 20.2616961495266 5.06494737395979
635 20.0987538105247 5.06759334844133
636 19.9670956355439 5.06669798176462
637 19.9296226897612 5.06571591302083
638 19.8393722779575 5.06571595320939
639 19.8393722779575 5.06571595320939
640 19.8422795429598 5.06733278413755
641 18.6124118617153 5.0657158278953
642 19.8393722779575 5.06571595320939
643 19.8102114166458 5.0662766426887
644 19.9313987385468 5.06669806744463
645 19.841137596441 5.06669807764146
646 19.8415579967813 5.06693239752977
647 19.8418990075713 5.06712001115281
648 20.1300202837033 5.0657160516494
649 20.0716170700467 5.06373508863223
650 19.5121001216821 5.06669799745627
651 19.841137596441 5.06669807764146
652 19.8393722779575 5.06571595320939
653 20.7558878559259 5.06571581113456
654 19.841137596441 5.06669807764146
655 19.9296226897612 5.06571591302083
656 19.842704845126 5.06756799578288
657 19.9313987385468 5.06669806744463
658 20.4416908105097 5.06669804233902
659 20.2912295338845 5.06571595608483
660 19.7365534944669 5.06571599956713
661 20.2946871023078 5.06759328398155
662 19.842704845126 5.06756799578288
663 18.9169705329256 5.06752339131281
664 21.2542042105203 5.06571586803265
665 19.841137596441 5.06669807764146
666 19.841137596441 5.06669807764146
667 19.841137596441 5.06669807764146
668 19.842704845126 5.06756799578288
669 19.9296226897612 5.06571591302083
670 19.9296226897612 5.06571591302083
671 19.842704845126 5.06756799578288
672 19.8412320550567 5.06675135641549
673 19.841137596441 5.06669807764146
674 19.8393722779575 5.06571595320939
675 20.2631247631802 5.06571602370373
676 19.8313366068175 5.06216570891315
677 20.1535292944086 5.06759336803139
678 19.9296226897612 5.06571591302083
679 20.1668052850249 5.06669823908775
680 20.101584458922 5.066698187245
681 20.7939324199351 5.06669798671549
682 20.0754254202719 5.06571585865482
683 19.9296226897612 5.06571591302083
684 19.8393722779575 5.06571595320939
685 20.6258035784311 5.06669802319781
686 20.2649286108643 5.06669820497166
687 19.9296226897612 5.06571591302083
688 19.127978860695 5.06669813522314
689 21.0492406292987 5.06950980764181
690 19.841137596441 5.06669807764146
691 19.841137596441 5.06669807764146
692 19.7380495681221 5.06669818721355
693 19.9296226897612 5.06571591302083
694 21.0999995764079 5.06571582916145
695 20.4581178722643 5.06669811312664
696 19.8393722779575 5.06571595320939
697 20.2704486301818 5.06965134244139
698 19.7480188701715 5.06818425625046
699 19.9296226897612 5.06571591302083
700 19.9297829145505 5.06677378429355
701 20.7324259751717 5.06836006583384
702 20.6258035784311 5.06669802319781
703 21.0488444391853 5.06571587177231
704 20.2631247631802 5.06571602370373
705 20.2649286108643 5.06669820497166
706 21.4514624601207 5.06505411665745
707 20.8331972483388 5.06669807372276
708 19.8310003793037 5.06207298703597
709 19.842704845126 5.06756799578288
710 20.0754254202719 5.06571585865482
711 19.9296470837527 5.06587431920369
712 19.9296226897612 5.06571591302083
713 20.6157865136603 5.06999384528163
714 20.2631247631802 5.06571602370373
715 18.5380152673936 5.06669805861753
716 19.9313987385468 5.06669806744463
717 19.8343695982315 5.06669823687184
718 20.0914638801443 5.06371262164408
719 21.0488444391853 5.06571587177231
720 19.9296226897612 5.06571591302083
721 19.9313987385468 5.06669806744463
722 20.1221019677462 5.05804913179424
723 20.0772179706629 5.06669824333684
724 19.9373267210925 5.06669806035495
725 19.9296226897612 5.06571591302083
726 19.8425840798497 5.06675328047012
727 18.7235419885042 5.068360232304
728 19.8393722779575 5.06571595320939
729 20.7972915615176 5.0666979182696
730 21.2353707412311 5.0675934104902
731 19.3493861733978 5.06756805507677
732 19.9313987385468 5.06669806744463
733 19.9039951049597 5.06732483163821
734 21.015064568056 5.0657621160112
735 20.6111809631542 5.06759326932365
736 20.2631247631802 5.06571602370373
737 19.9313077254387 5.06615588724259
738 20.5000119358852 5.0666981076738
739 19.7545885732563 5.06669803713266
740 19.9313987385468 5.06669806744463
741 20.0971097382386 5.06669794514641
742 19.9313987385468 5.06669806744463
743 19.9296226897612 5.06571591302083
744 19.9313987385468 5.06669806744463
745 19.9457070627677 5.06669824369381
746 19.9315242307412 5.06756313867191
747 19.9296226897612 5.06571591302083
748 19.9296226897612 5.06571591302083
749 20.0544018030985 5.06571581007495
750 19.9296226897612 5.06571591302083
751 19.8393722779575 5.06571595320939
752 20.7557527086401 5.06490781886433
753 19.8413671122567 5.06821376735612
754 20.6258035784311 5.06669802319781
755 20.2912295338845 5.06571595608483
756 19.8392758113039 5.0650713823959
757 19.8528139412215 5.06571592569778
758 19.9314660933154 5.06718783872466
759 19.9685890391048 5.06672549389448
760 19.8392636299213 5.0649905431105
761 19.8097812799484 5.06630241569936
762 19.931297395431 5.06606367288218
763 19.9296226897612 5.06571591302083
764 20.0571361242493 5.06571576345249
765 19.842704845126 5.06756799578288
766 19.7507909013888 5.06817722699477
767 19.8369525311481 5.0644015278736
768 19.841137596441 5.06669807764146
769 20.6203056721055 5.06389881054419
770 19.9313987385468 5.06669806744463
771 19.9313471028316 5.06638683741106
772 19.9296226897612 5.06571591302083
773 19.9296226897612 5.06571591302083
774 19.9296226897612 5.06571591302083
775 20.0571361242493 5.06571576345249
776 19.4863061798042 5.06669790956638
777 19.842704845126 5.06756799578288
778 19.8393722779575 5.06571595320939
779 19.842704845126 5.06756799578288
780 19.9296226897612 5.06571591302083
781 19.841137596441 5.06669807764146
782 19.9296226897612 5.06571591302083
783 19.8393722779575 5.06571595320939
784 19.841137596441 5.06669807764146
785 20.5282859500002 5.06571576997441
786 21.6551511830876 5.06528652630065
787 20.154860488987 5.06779521839014
788 20.1317203609162 5.06615099731433
789 19.842704845126 5.06756799578288
790 19.841137596441 5.06669807764146
791 20.2631247631802 5.06571602370373
792 19.8393722779575 5.06571595320939
793 19.9296226897612 5.06571591302083
794 19.3656010236114 5.06752171374069
795 20.3332501692776 5.06890325875528
796 19.8426534505062 5.06753987380452
797 19.3246583171916 5.06669812179931
798 20.6258035784311 5.06669802319781
799 19.863244804394 5.06571594074905
800 19.8393722779575 5.06571595320939
801 19.8132272044373 5.06868190917863
802 19.1972814131767 5.0657158090816
803 19.841137596441 5.06669807764146
804 19.841137596441 5.06669807764146
805 19.841137596441 5.06669807764146
806 18.9290234767852 5.06756832690946
807 21.2433633076042 5.06521945136195
808 20.1318116888627 5.06669820213729
809 20.2631247631802 5.06571602370373
810 19.841137596441 5.06669807764146
811 19.9313987385468 5.06669806744463
812 19.721979564076 5.06571594579249
813 20.9581493313425 5.06571618244359
814 20.7558878559259 5.06571581113456
815 19.8410698936106 5.06624489957498
816 19.8411868856866 5.06701183244948
817 19.841137596441 5.06669807764146
818 19.8391783373632 5.06560764473656
819 19.9296860036874 5.06615392687671
820 19.805564698328 5.0675682434282
821 20.0754254202719 5.06571585865482
822 19.9313987385468 5.06669806744463
823 20.0192147195757 5.06571593019334
824 19.841137596441 5.06669807764146
825 19.9203953974722 5.06669787820801
826 19.8393722779575 5.06571595320939
827 18.9997433634596 5.06571589283772
828 20.5907320600006 5.05720696204515
829 19.8470812641733 5.06571598331448
830 19.841137596441 5.06669807764146
831 21.1162135519429 5.06571596426445
832 19.836471044391 5.06415525325483
833 19.8393722779575 5.06571595320939
834 19.78799055212 5.06929340530838
835 20.2631247631802 5.06571602370373
836 20.1535292944086 5.06759336803139
837 21.0488444391853 5.06571587177231
838 19.841137596441 5.06669807764146
839 19.9792034527541 5.06571586126182
840 20.3402348940441 5.06571568026759
841 20.6864717124794 5.06669799126056
842 20.5341819372218 5.06519979051071
843 19.842704845126 5.06756799578288
844 19.821913384517 5.06684393886362
845 19.841137596441 5.06669807764146
846 19.9918092763504 5.06571586217192
847 20.1300202837033 5.0657160516494
848 20.1502248549724 5.06657125548646
849 20.4541873220009 5.06571584517598
850 19.9057320822942 5.06669821643478
851 19.8412684114271 5.06757962212233
852 19.841137596441 5.06669807764146
853 19.8335578241631 5.06288067162445
854 20.2631247631802 5.06571602370373
855 19.8930316897367 5.06669816814408
856 19.9313987385468 5.06669806744463
857 20.1585421427393 5.07026113041836
858 20.6217121408448 5.06457689152417
859 19.8393722779575 5.06571595320939
860 19.9313987385468 5.06669806744463
861 19.9313702637971 5.06653392116465
862 19.8475692930955 5.07019727243373
863 19.9176044982736 5.06669821303629
864 19.8333340891564 5.06279974413252
865 20.1109730330154 5.06759348722584
866 19.1771466157142 5.06669817579098
867 20.0571361242493 5.06571576345249
868 20.1538790604189 5.06962923548414
869 20.7558878559259 5.06571581113456
870 19.9332951130172 5.06774286239486
871 20.8472761836921 5.06571596904345
872 19.8142508170098 5.06756815761554
873 20.6239234890852 5.06571598767719
874 19.9339129341874 5.06808220384361
875 19.841137596441 5.06669807764146
876 20.5342672121949 5.06571585325999
877 19.9296226897612 5.06571591302083
878 19.842704845126 5.06756799578288
879 19.841137596441 5.06669807764146
880 20.0971097382386 5.06669794514641
881 19.9313987385468 5.06669806744463
882 19.8410755369748 5.06632340690996
883 19.8428259200776 5.06835938205579
884 19.8410921783548 5.06639973825329
885 19.841137596441 5.06669807764146
886 19.9296226897612 5.06571591302083
887 19.9370544979885 5.06977297202499
888 19.8410348468869 5.06604422870351
889 19.9314242706 5.06690110230634
890 19.9687233053021 5.06759341742524
891 19.8393722779575 5.06571595320939
892 19.841137596441 5.06669807764146
893 19.841137596441 5.06669807764146
894 19.9313987385468 5.06669806744463
895 20.2649286108643 5.06669820497166
896 20.6005961548704 5.05904055003048
897 19.9313987385468 5.06669806744463
898 19.9313987385468 5.06669806744463
899 19.9296226897612 5.06571591302083
900 20.0575368629672 5.0659342985307
901 19.9829834154954 5.06669799302587
902 20.1673338365256 5.06669824552997
903 20.0772179706629 5.06669824333684
904 19.841137596441 5.06669807764146
905 20.3879479841413 5.06571586023573
906 19.9296226897612 5.06571591302083
907 20.7683661498022 5.06745850358235
908 19.8393722779575 5.06571595320939
909 20.0772179706629 5.06669824333684
910 20.0771258466325 5.06612987618532
911 19.9313987385468 5.06669806744463
912 19.965320978848 5.06571596278842
913 20.6239234890852 5.06571598767719
914 19.8393722779575 5.06571595320939
915 19.9313987385468 5.06669806744463
916 18.6916345097764 5.06737560259254
917 19.841137596441 5.06669807764146
918 19.841137596441 5.06669807764146
919 19.839747409966 5.06592552189746
920 20.2631247631802 5.06571602370373
921 19.842704845126 5.06756799578288
922 19.841137596441 5.06669807764146
923 19.841137596441 5.06669807764146
924 20.2689272440278 5.06884756973362
925 19.9359820601364 5.06920070214503
926 19.841137596441 5.06669807764146
927 19.841137596441 5.06669807764146
928 20.0971097382386 5.06669794514641
929 20.1951265315853 5.06571579736841
930 20.0605624198465 5.06759327732665
931 19.8925479342766 5.06669816184907
932 19.841137596441 5.06669807764146
933 19.8412783119172 5.06762126343851
934 20.2631247631802 5.06571602370373
935 20.2649286108643 5.06669820497166
936 20.2649286108643 5.06669820497166
937 19.8454338854655 5.06905446881019
938 19.9295320579275 5.06514561306887
939 20.1001705157229 5.06836023193583
940 20.6238616536037 5.06530235292036
941 19.841137596441 5.06669807764146
942 19.8393722779575 5.06571595320939
943 20.0971468567271 5.0669110639097
944 19.8341006150151 5.06308554499612
945 20.0953280998223 5.06571583229501
946 21.0488444391853 5.06571587177231
947 20.6239234890852 5.06571598767719
948 20.0162049987488 5.06571601506423
949 19.4457129834875 5.06571581352511
950 20.0864178905187 5.06195761088008
951 20.0479259018938 5.06669802777988
952 20.0571361242493 5.06571576345249
953 19.8393722779575 5.06571595320939
954 20.0772179706629 5.06669824333684
955 20.6903447826867 5.06669813443134
956 20.0754254202719 5.06571585865482
957 19.841137596441 5.06669807764146
958 19.904419777694 5.06669816775941
959 19.9313987385468 5.06669806744463
960 20.0953280998223 5.06571583229501
961 19.9296226897612 5.06571591302083
962 19.9313987385468 5.06669806744463
963 19.4883736400098 5.06668532205951
964 20.7565403979953 5.06701235706285
965 19.9296226897612 5.06571591302083
966 19.842704845126 5.06756799578288
967 19.7886103833595 5.05328315828161
968 21.0674133122211 5.06571594483985
969 20.4753043971099 5.06571595743892
970 19.9313987385468 5.06669806744463
971 20.0953280998223 5.06571583229501
972 19.9281727201532 5.06492283007023
973 19.8457497706464 5.06922534318763
974 20.075476060982 5.06602492242118
975 19.8468332667151 5.06980556851515
976 19.8393722779575 5.06571595320939
977 19.8347950578274 5.06365729303569
978 20.6258035784311 5.06669802319781
979 20.4939840969136 5.06571604740697
980 19.8393722779575 5.06571595320939
981 20.3343392939543 5.06571582538091
982 19.3693592272785 5.06669804686192
983 19.5496162315163 5.06571579094669
984 19.842704845126 5.06756799578288
985 19.841137596441 5.06669807764146
986 20.6258035784311 5.06669802319781
987 19.8393722779575 5.06571595320939
988 20.0971097382386 5.06669794514641
989 19.9687233053021 5.06759341742524
990 21.2092918273522 5.05737887855315
991 20.2649053551938 5.06655239534083
992 19.841137596441 5.06669807764146
993 19.842704845126 5.06756799578288
994 20.6085951824874 5.06571593325784
995 20.6218062582923 5.0646242862856
996 19.9296226897612 5.06571591302083
997 19.841137596441 5.06669807764146
998 19.842704845126 5.06756799578288
999 19.841137596441 5.06669807764146
