0 18.855187873139 5.06523365053602
1 20.0498371922124 5.06248448390091
2 18.1171601203232 5.0657158725899
3 19.624888961198 5.06536613578504
4 19.3807742090729 5.06571590159165
5 17.9308218166343 5.06855773652495
6 20.0624843421426 5.06863439743113
7 19.5815083728108 5.06571594171191
8 20.016506770519 5.05591438888998
9 20.0571361242493 5.06571576345249
10 17.489204592258 5.05615980522036
11 20.0524259004498 5.06285464800547
12 20.2013255878225 5.05306738659191
13 20.1707939117552 5.06911965902114
14 18.7783298935582 5.07123706570317
15 18.8266724535667 5.06216039196378
16 20.1532911369838 5.06619002511903
17 18.9753427852529 5.06347974864158
18 20.9935396932658 5.04994996355101
19 20.0570437492464 5.06509368668654
20 19.9896043597082 5.06231855718472
21 19.3510458506626 5.06571586488151
22 19.4679350952861 5.06571583044221
23 20.6918973768828 5.06429734444914
24 20.1500664785025 5.05995536388791
25 21.1301585321068 5.06639114484853
26 20.6180997401127 5.05716895685449
27 18.7723223556052 5.06571570529648
28 18.7510702611314 5.06536623442062
29 17.7980529404466 5.06566903849167
30 19.7797784204641 5.06560412492315
31 20.0571361242493 5.06571576345249
32 19.8501494097403 5.06571583672412
33 20.2211836441433 5.06571594804068
34 19.9756660105253 5.0657159188999
35 20.2477519571554 5.06531046197792
36 17.743476657676 5.06595014595064
37 20.0098152000722 5.06890337227728
38 19.9460666833926 5.03929393324796
39 20.0751786787935 5.06571596515714
40 19.7907042865409 5.06513526245305
41 16.4335996580247 5.06571583193299
42 19.9864851907126 5.06173994594722
43 19.002135735658 5.06571598901989
44 20.0572210254458 5.06625692376032
45 20.0235559573748 5.06571586108073
46 20.1287994799024 5.06571595773473
47 20.2355406810466 5.06521944459911
48 21.8900551609551 5.06493465736647
49 21.016102267417 5.06571579551421
50 20.3401896361525 5.06541237090721
51 19.7137299542426 5.06577085230181
52 18.5477122601423 5.06571595713095
53 20.038693223031 5.06490724352569
54 17.4938927960947 5.06633842615933
55 21.335300473966 5.0663043653481
56 19.7588448549827 5.0666451247448
57 19.4747785757455 5.06841426680633
58 15.5610580761319 5.06953144197517
59 18.447419390593 5.06650537250265
60 20.1131574244083 5.05809623802266
61 20.0371522484193 5.05958993272269
62 20.5130125171628 5.06571587733011
63 20.0571361242493 5.06571576345249
64 19.8339037114723 5.05815654160557
65 18.0573013814833 5.06571578418628
66 19.9227285979803 5.0663911405309
67 19.3699145276047 5.06571582324478
68 20.0538235466306 5.0639653345918
69 19.668867879974 5.06173064666517
70 20.4997856213726 5.06821567462824
71 19.0453338418175 5.06630439581007
72 20.0715860468156 5.06648777728393
73 20.5400368025107 5.06297566703854
74 19.7801804401979 5.06617995709126
75 19.6626779915925 5.06179630552842
76 20.3302300520985 5.06592133959628
77 19.0931810453473 5.06749614943225
78 17.8019633687037 5.06389101484285
79 19.2258149262804 5.06549474014151
80 19.1544579505167 5.06972134388871
81 19.1811831854081 5.06504893754236
82 19.9520971791607 5.06572888824348
83 20.0547602390071 5.06443630133746
84 17.5254967224165 5.06726412934887
85 20.0570623869662 5.06520799098784
86 20.2970692286927 5.0662602661193
87 20.2445779910991 5.05976037091284
88 20.0571238288347 5.06561358175735
89 19.0025106647374 5.06844310257384
90 17.845126068282 5.06260842308253
91 20.1517950285012 5.06571598458674
92 20.453584798585 5.0657158776935
93 21.0059051004897 5.06540836471798
94 20.0571361242493 5.06571576345249
95 17.9826416183291 5.06580741880063
96 20.0571361242493 5.06571576345249
97 18.5764792966217 5.05975177091882
98 20.0494417886684 5.06228864261466
99 20.2788354991603 5.06569465230048
100 20.0644168519753 5.06959589412688
101 19.9870155988215 5.05109101086169
102 19.3364475073963 5.06070436931618
103 20.0570391801987 5.06506435979696
104 19.4316013663429 5.05875809216713
105 20.0438277237447 5.06093105737412
106 19.7181431572756 5.06571565385753
107 19.9531796315222 5.05476532068238
108 20.0567928008957 5.06571587016692
109 19.9854871792861 5.07100649827616
110 20.0226043439542 5.06155210048782
111 20.4898162899907 5.06664464901102
112 18.2544619867231 5.06579929486803
113 19.1430561728563 5.06571589903747
114 20.8168285054063 5.06525155898776
115 20.3404555459651 5.06713349594284
116 20.0571361242493 5.06571576345249
117 20.9376305753683 5.06538035908937
118 19.987008321192 5.0579469951774
119 18.8915938111899 5.06710693243349
120 21.1085223764964 5.06878541644483
121 17.7030609489242 5.0571049260145
122 19.6062044830306 5.06033722821951
123 19.9260407727421 5.05764243113442
124 17.637991524696 5.05863896725001
125 18.3106436462782 5.06849551868717
126 18.5792243047833 5.06609115681576
127 20.1897769171109 5.06664200269126
128 19.474015466334 5.06918985803101
129 19.8982384071574 5.06664201229575
130 20.095239729254 5.06571575169475
131 20.062634463134 5.07020044357943
132 18.9314946430877 5.06381660916019
133 19.9846289319187 5.06571584266862
134 20.1073813293545 5.06571566033736
135 20.7810591656924 5.05445937007439
136 20.0385936219184 5.05987301227104
137 19.7876542816696 5.06336991707094
138 16.0213659881719 5.06590237178756
139 20.5944000479779 5.06571593619981
140 20.0199913138959 5.05610052131788
141 18.5452782450124 5.05996612645226
142 20.2199901009737 5.06571560573448
143 20.0571361242493 5.06571576345249
144 20.0580706318319 5.06622931903876
145 18.7143201332236 5.0657158673182
146 20.0570945480878 5.06541487936693
147 16.8767588079128 5.05844054145264
148 20.0531603346026 5.05876598032472
149 20.0065436991921 5.05343415162762
150 20.0609541690311 5.06777023347955
151 18.7716708839632 5.06643083660332
152 19.9176297477054 5.06897190665979
153 19.9641780651708 5.06668646155007
154 19.667023507378 5.06571593254109
155 20.6883457126058 5.06572416396446
156 20.0572236687863 5.06625899692078
157 19.7070392737566 5.06571591637065
158 20.5910191582556 5.06906366549868
159 17.7232735620197 5.06770891872908
160 20.4843833563536 5.06517282213953
161 17.5256023803403 5.06571570903177
162 19.9544263224552 5.06756390918982
163 20.0298052027252 5.05835001764371
164 20.0573584593228 5.06715091245691
165 20.0095380333382 5.06571592420898
166 20.5554739620373 5.06190317619883
167 18.8314684807086 5.05280247985922
168 19.1690264433771 5.06708605799131
169 19.8094010216085 5.06571380396254
170 18.2510145452576 5.06885822066512
171 18.9107611325963 5.06571599865911
172 20.0571361242493 5.06571576345249
173 20.0557582685124 5.06521942804997
174 18.381213919149 5.06565249987894
175 20.0571361242493 5.06571576345249
176 20.1963695227838 5.06139284404337
177 20.057115485702 5.06556960074016
178 18.8599244690659 5.06824878114063
179 19.4109997924243 5.06571366183037
180 19.1075972781299 5.06475583587638
181 20.026870259726 5.05893550622602
182 17.6409470735694 5.0597212430314
183 20.0528076086162 5.06485405989695
184 19.6264334263454 5.0617396514708
185 20.5205883475279 5.06594603660997
186 20.0571361242493 5.06571576345249
187 20.6809831375202 5.06571584870503
188 19.8186465516705 5.065715866924
189 19.9059448078749 5.0617961551707
190 20.0571361242493 5.06571576345249
191 19.8874675397662 5.06769731184221
192 20.235017769199 5.065715800884
193 19.4468262467805 5.06341583166063
194 20.0605714442849 5.06725515502541
195 20.0571361242493 5.06571576345249
196 20.0571361242493 5.06571576345249
197 17.6604497214785 5.06588996607112
198 20.4896062769744 5.06316233260483
199 20.0511114062499 5.06282678873133
200 20.0571361242493 5.06571576345249
201 19.1085680324504 5.06260915196857
202 18.9720795775656 5.06560629489563
203 20.3091417823565 5.06571598267594
204 21.3122870565418 5.06792487560279
205 19.1361144380723 5.06474786058331
206 18.6528738770324 5.06605306980003
207 18.798900930174 5.06116071926974
208 19.7402613711124 5.06638950851093
209 20.6194866529905 5.0656759476051
210 19.2959826167736 5.06692999299182
211 20.2293473035059 5.0657159411225
212 20.4165369290911 5.06563546769386
213 18.850248093267 5.05865590557121
214 19.146139956665 5.0656881995823
215 18.560732182169 5.06264684852311
216 20.0594916840793 5.06708710707536
217 19.9204920110706 5.06511010374184
218 20.0397256305846 5.06059100916566
219 16.6237704781412 5.06679005850129
220 20.0385936219184 5.05987301227104
221 19.9028593909905 5.04841723635334
222 20.2953386605756 5.06905211455228
223 20.0571361242493 5.06571576345249
224 20.0623396157419 5.06845460086418
225 19.8928559501555 5.0615394700178
226 20.0540528844014 5.0642982122593
227 20.04164876455 5.06060058215363
228 19.3092759234648 5.06571593987176
229 16.0978569478002 5.06301719515074
230 19.68733985724 5.05821217796118
231 18.5157295176166 5.06650035881137
232 18.9276200758404 5.06193124775313
233 20.0300398427534 5.05788404168625
234 19.7390330290755 5.05765141007115
235 18.6866650120558 5.06963667237671
236 16.1198864065323 5.06571574918277
237 20.3875949841521 5.0657160128622
238 20.0573448777608 5.06582966056527
239 20.0256836908022 5.0657708839175
240 20.0571361242493 5.06571576345249
241 20.0575162063416 5.066726671702
242 20.2299148958476 5.0657159162401
243 20.0589580862991 5.06671658716873
244 20.0571361242493 5.06571576345249
245 20.0529287330471 5.06450770732831
246 16.6806981982221 5.0585549391887
247 20.6880047832732 5.06539637407473
248 19.86151058048 5.06571597415265
249 20.0458837814548 5.06138164659291
250 19.8548891418123 5.06157058846043
251 19.002135735658 5.06571598901989
252 20.0416119734299 5.06047382283458
253 17.9784876313043 5.06294360231987
254 19.9885651116688 5.04976090149152
255 17.5255080443162 5.06497852598868
256 20.4388251140036 5.06350158499393
257 20.4050459282134 5.06441355045896
258 19.9988657010713 5.0650480391459
259 20.0861012610885 5.05844050343357
260 19.5964787284029 5.06660982078159
261 20.0571076577678 5.06550441820357
262 19.8038566117877 5.04879515721755
263 18.2547889489868 5.06290231105053
264 20.0573951696231 5.06738387567418
265 20.0571361242493 5.06571576345249
266 20.8078682583942 5.06571585588147
267 20.0329356959343 5.05876615245197
268 20.0571361242493 5.06571576345249
269 20.0572623568778 5.06652106402184
270 19.7194413957609 5.06486039039858
271 19.8812233547474 5.06571576830753
272 20.1930658680865 5.05418209419822
273 20.057403294232 5.06746605773088
274 20.053914531508 5.06400980810974
275 20.0785833186553 5.06020847054201
276 18.637978203518 5.06571585542254
277 19.8821085151841 5.06638797939812
278 18.5083184217467 5.06347160639464
279 19.5535957090144 5.06571588240208
280 19.2375462609444 5.06531925476927
281 19.8476944775961 5.05863903671734
282 20.0557813186268 5.06497646720217
283 20.9812659495486 5.06571583954874
284 20.5034430063893 5.06535231944308
285 18.3635550841668 5.06713210461417
286 19.7425585642424 5.05999499572851
287 20.0793547647881 5.06571595571202
288 20.4252316540755 5.06282031287029
289 20.0574782150705 5.06795006802475
290 17.6173526205108 5.05418184451006
291 21.0807160025144 5.06571592526162
292 20.3406905529586 5.06581663441368
293 20.0759906006757 5.0657157593945
294 20.4323502774757 5.05987307789452
295 18.7770728904774 5.06548280614736
296 20.0430383583241 5.05842711925
297 20.0629845850119 5.06890358289616
298 20.0571361242493 5.06571576345249
299 19.8589984087805 5.05535664513933
300 19.8254169141962 5.06795100456247
301 19.8569769488234 5.0602825269352
302 19.9590741072083 5.06868452769423
303 20.138797779783 5.05816227530727
304 19.9235476666074 5.06217667538896
305 20.0325007777883 5.05868103093452
306 19.0839589947371 5.06558386397796
307 20.5546831293627 5.05859894777066
308 19.3864550144968 5.06598822134239
309 20.0571361242493 5.06571576345249
310 18.7715739610755 5.06571580598964
311 20.0571361242493 5.06571576345249
312 20.2925419482981 5.05876598635292
313 20.2512610227227 5.06604086432329
314 20.0953367364352 5.03669019389763
315 20.0029876544013 5.06418638639587
316 18.7243195805139 5.06533845992696
317 20.5116901224309 5.06883437548672
318 20.4167218816145 5.06645280363179
319 20.0624450530191 5.0686136841247
320 20.0573149615211 5.06685921086599
321 18.5895748940097 5.06571563687122
322 20.0571361242493 5.06571576345249
323 20.1902696580661 5.05821227451744
324 19.9989671854584 5.06571581098818
325 20.5417761620685 5.06571589017051
326 17.3544429990165 5.06571583966531
327 20.6335634599518 5.06501115285443
328 19.9864314991679 5.06144859322488
329 20.0570706131355 5.06526087511881
330 20.2006101314887 5.06571602327335
331 19.9775387075253 5.06571577845677
332 18.5034502972647 5.06664870822413
333 20.3869536770569 5.06240161071774
334 20.2675023945265 5.05559514098005
335 19.5226466075715 5.06827295061021
336 18.9108180374775 5.06613939017013
337 20.0461148886443 5.06143428587502
338 20.0573051830647 5.06688658431193
339 20.5192734520542 5.06741697209886
340 19.3291088971028 5.05891317075588
341 18.4001048273421 5.05876662772375
342 20.3663977097783 5.06571584879041
343 20.0595966162591 5.06706652912582
344 20.0523122768065 5.06387226187149
345 19.9589808240362 5.04268982775613
346 20.2630602193436 5.0637875100921
347 18.8911334019884 5.06487253109064
348 20.0007414298337 5.05314069988312
349 20.2105401075012 5.06571586971368
350 19.8768334307466 5.06568256070792
351 20.0808384970635 5.06571597712258
352 20.0654416351878 5.07020493769646
353 18.3756978461568 5.06794841458096
354 20.0571361242493 5.06571576345249
355 18.2868050250984 5.0583933384897
356 18.5175731503949 5.06816562645908
357 20.1191136906497 5.06802559974097
358 19.9604671738717 5.06537365387079
359 18.2418959025531 5.04945313062578
360 19.1857036324105 5.06544553863815
361 20.0571873911808 5.06603937272671
362 19.5165839124832 5.06079255339561
363 20.0553247184175 5.06649694696412
364 20.0571361242493 5.06571576345249
365 20.6221189614882 5.06838771230137
366 20.3510151659202 5.06571585883928
367 20.3091417823565 5.06571598267594
368 19.7172124291758 5.06610952563388
369 20.0571389240191 5.06572404152392
370 20.4563986811793 5.06281267999097
371 18.2531682931148 5.06497660832006
372 19.8113110126214 5.06042404030461
373 20.0572239423115 5.06622555787497
374 20.0571361242493 5.06571576345249
375 20.0571361242493 5.06571576345249
376 20.084068587203 5.06554784776387
377 17.9826194210654 5.06561599617117
378 20.0313424852886 5.06903976042843
379 19.8713273577668 5.06608351213873
380 19.9791498349643 5.06954656021449
381 20.44341619614 5.0657158288815
382 20.0492478927783 5.06571592846282
383 19.8249757225753 5.0635030138564
384 20.153615667664 5.0585936021821
385 18.6535368516698 5.06315008502605
386 20.6880879972799 5.06015489575191
387 20.5947046906945 5.06514683097564
388 20.1045113255445 5.06613594741769
389 17.8340932978856 5.06571591153996
390 20.0567538356089 5.06529141418289
391 18.2723844154149 5.06664199815785
392 18.7993654055016 5.06675928014193
393 20.2358565401958 5.06725507240109
394 19.9950128201223 5.06939791410522
395 20.0572997028791 5.06675237340323
396 19.9189245757133 5.06576513140401
397 19.9743557821486 5.0657159166394
398 20.3603845237768 5.05758279566646
399 16.5983080242175 5.06527929382996
400 20.057147456221 5.06575889690002
401 19.2351462080018 5.06539404856993
402 20.3369220618721 5.06571597790405
403 20.0597905914299 5.0671541105668
404 20.0630417097772 5.06926278398201
405 20.0431113790277 5.03685904767101
406 20.074651264225 5.06571563494585
407 20.0571361242493 5.06571576345249
408 19.8241193286812 5.06359608208359
409 13.6772245665762 5.06571589237879
410 20.0629845850119 5.06890358289616
411 20.0371522484193 5.05958993272269
412 20.2726135401573 5.06436150870115
413 19.4465790402424 5.06571599494677
414 20.0527350897686 5.06330925211278
415 19.6817647407821 5.06743071934796
416 19.0393851623872 5.06569010463174
417 20.1255795104827 5.06577877252526
418 17.3606338926211 5.06592236145026
419 18.4826845383709 5.06758774361933
420 19.9346452191618 5.06523146075641
421 19.2907518040799 5.0497185584009
422 20.0866502479679 5.06967228882755
423 20.2780274475103 5.07109069205773
424 18.8913171777548 5.06618726523861
425 20.2449404957947 5.05815653465856
426 20.2355406810466 5.06521944459911
427 20.588156256712 5.0657383882486
428 19.959510326386 5.06783404256341
429 19.9679127345267 5.06068787205402
430 19.4679201530806 5.06561572913904
431 19.9487925942009 5.06593117979495
432 20.0574373514836 5.06253611464097
433 19.9986602360624 5.06330975247678
434 19.0781231336947 5.06347735023881
435 19.2948465622626 5.06591570790244
436 20.3458503480051 5.04836026034834
437 19.4180545733818 5.06163330733746
438 20.0665697540753 5.07131151730102
439 19.4749265180893 5.05755992228187
440 20.4221930805231 5.06625698372704
441 19.9073109806165 5.06049718648677
442 20.6871287373352 5.07163399228553
443 19.980142933263 5.06578619818533
444 20.2336650832861 5.06877083241601
445 19.8329863377784 5.0668866786133
446 19.9915639079898 5.06111591682512
447 20.6279741062696 5.06655075208648
448 19.9488694482258 5.06328878220634
449 19.9332413267693 5.06205698556037
450 19.3982428349917 5.0617396899783
451 20.5904240199382 5.06634143159848
452 20.0571361242493 5.06571576345249
453 16.5033687636913 5.06571593333899
454 20.2960261930541 5.06571591471601
455 20.2293473035059 5.0657159411225
456 18.7702392225245 5.0616259464653
457 18.8445848103918 5.06344335860177
458 20.5393591974792 5.06571580627132
459 21.3160446618715 5.06987441010472
460 20.0613684839459 5.06571567171477
461 20.4184377147291 5.06571585973283
462 18.9132591478514 5.0628266096656
463 20.0571361242493 5.06571576345249
464 19.6372448630649 5.06458261642657
465 20.264060729027 5.04729959360047
466 20.0102244645499 5.0657157037398
467 17.894361148984 5.0572612081963
468 20.051125729409 5.06323034391851
469 18.1673140102927 5.06571590540075
470 20.0138008606613 5.05494220423072
471 19.9371730889432 5.06571595473708
472 21.0275239872628 5.06089692440006
473 21.1523849289726 5.06617020246386
474 20.0572623568778 5.06652106402184
475 19.7713860314903 5.069063576741
476 19.5832741225693 5.05846888872117
477 19.9109213283923 5.06088342282074
478 20.3059713272978 5.05451414688674
479 20.211848069899 5.06571599878221
480 20.0105932498546 5.05665202761708
481 20.4127688712297 5.0657159850679
482 14.966140617949 5.06198796531662
483 19.9086815624433 5.0674373197641
484 20.5662637991105 5.05987493841187
485 20.4662985021887 5.0657159603785
486 19.9227250657607 5.0657157286454
487 19.2514124179674 5.06571598188635
488 17.6636703427155 5.06611551512658
489 19.9059208701307 5.06571588682069
490 20.5190746542936 5.06571584177019
491 19.2680019126556 5.06571596625629
492 19.6895914816988 5.05514850891091
493 20.1287994799024 5.06571595773473
494 19.0227469898315 5.06829496897633
495 19.8686526965995 5.06571576788052
496 20.7120426553499 5.05847557416157
497 20.3089345668322 5.05686485694834
498 18.8908747008994 5.05940661066917
499 16.7778227921543 5.0691657657018
500 20.0571361242493 5.06571576345249
501 20.3054655763843 5.06571598960241
502 20.1945563557281 5.0601130067483
503 19.4158049406475 5.06571594471248
504 19.3889508056336 5.06550432272443
505 19.8953241852183 5.06421655125849
506 19.7534840251564 5.05663579334845
507 20.05729439524 5.0667380923971
508 19.0876095875407 5.05751934381286
509 20.5735216114297 5.06609233160457
510 20.0471907929945 5.06571597139399
511 19.8612016916049 5.0657159707051
512 20.0385936219184 5.05987301227104
513 20.0571361242493 5.06571576345249
514 20.6376863385761 5.06895578926827
515 20.4470795571959 5.05712862801096
516 19.8006011155956 5.06571562378213
517 19.2482656336949 5.0675582624943
518 20.3538616389683 5.06521932785304
519 19.449951421291 5.0642282370809
520 17.0843821587908 5.06379209015564
521 10.795021445154 5.05962846765621
522 20.057115485702 5.06556960074016
523 19.9239971804833 5.05293390231574
524 20.0607486030952 5.0677583322577
525 20.0570523429526 5.06514569878602
526 19.5836735921515 5.0524355464179
527 19.3478320223927 5.05815631604638
528 20.229525279581 5.06688655351793
529 19.4039329100969 5.06645287181763
530 20.1601967957223 5.05987295007444
531 19.7637175961181 5.06688682723474
532 20.1127776413696 5.06571576324324
533 20.0592866258657 5.06689786360303
534 20.3525235163601 5.06571575733582
535 20.5161754167493 5.06613206469719
536 17.5527689546369 5.06571597833745
537 20.0571361242493 5.06571576345249
538 18.4376827696389 5.05987309728909
539 20.0600196356915 5.06552482091449
540 18.9254175397512 5.06571597822567
541 20.0581484811537 5.06608090970682
542 19.414396864916 5.06559871444591
543 19.9262544207386 5.03841548202795
544 19.9524723481972 5.06571565799287
545 20.0544613419333 5.063887279858
546 20.0333001708101 5.06026319229222
547 20.6162574465015 5.06591601393805
548 20.0571361242493 5.06571576345249
549 20.024457187787 5.04095097385253
550 20.0433701112354 5.06083527306673
551 20.0571361242493 5.06571576345249
552 19.908563743723 5.05897265945674
553 20.0470621821692 5.06303318051553
554 20.901296474551 5.06625328094998
555 20.0381907156142 5.06674395658982
556 20.0571361242493 5.06571576345249
557 20.057730187653 5.06604200831703
558 17.9826336177103 5.06571604768436
559 20.229368582839 5.06579883163655
560 20.8753086836351 5.0657160439267
561 19.6649363026456 5.06379362618243
562 20.0154508154094 5.06525873723325
563 19.6230121170991 5.05778070806359
564 19.6112316023839 5.06855154195329
565 20.0571361242493 5.06571576345249
566 19.6961033881085 5.06011926108393
567 20.0555673717435 5.06486034419276
568 19.2933352231628 5.06571597283148
569 19.4706330674595 5.05605356092073
570 19.7146407787644 5.06068786426776
571 19.673127770891 5.06571582652222
572 20.0472830271758 5.06633846200547
573 20.0564627495733 5.06534554847171
574 18.7277198144909 5.06692702485557
575 20.0573140481563 5.0668719337484
576 20.0571342156511 5.06568003336545
577 20.9332565183693 5.06159322910185
578 20.6496584659198 5.06548366976106
579 20.0607342460926 5.06768837128371
580 19.4158124996706 5.06575892501918
581 20.0580706318319 5.06622931903876
582 20.0578894236514 5.06613474383003
583 18.5174142885458 5.06829714726433
584 20.7264715335626 5.06411601497327
585 20.0571361242493 5.06571576345249
586 18.7715739610755 5.06571580598964
587 20.2121930457442 5.06281293729695
588 20.0570344086597 5.06504198486877
589 20.0505652732704 5.06209465409877
590 20.1070627226768 5.06571589326757
591 19.9377640480254 5.05510360157387
592 20.0571361242493 5.06571576345249
593 19.3048236918267 5.06571561129722
594 19.5011002744375 5.06571596045562
595 20.0571361242493 5.06571576345249
596 18.2599765752796 5.06647275180048
597 20.023911858858 5.05655921935965
598 20.8599652740736 5.06616326187772
599 20.0689327989474 5.06963579015985
600 18.6413254185587 5.06417176852009
601 19.235383318212 5.05535652168629
602 20.0470289441879 5.06317623323441
603 19.2893956824875 5.06532310640284
604 17.6805198508313 5.06663858011363
605 20.3206878364011 5.06045352202097
606 21.0193305708852 5.05944428198116
607 19.897713775823 5.05114846221884
608 17.505885944281 5.05840378462085
609 19.0735395563638 5.06539417104861
610 20.0572051652981 5.06613938059098
611 17.924403111272 5.06840643412685
612 19.2082170844064 5.05751921003603
613 20.0385936219184 5.05987301227104
614 20.0567353327001 5.06549448112497
615 17.4142725984418 5.06571576421375
616 19.8081354414817 5.06571600315377
617 20.0581171116747 5.06725877294163
618 19.0536100456061 5.06571593711564
619 20.1733258281708 5.06033744766779
620 20.046293738411 5.06494348141102
621 20.573972653302 5.06571581579416
622 20.6727578915148 5.06111334322765
623 19.9849865065878 5.05160616902883
624 19.7997772980929 5.06712961998209
625 20.0571361242493 5.06571576345249
626 20.0460505606759 5.0614190347218
627 20.056746383965 5.06588450931965
628 20.2774165419519 5.05958979712191
629 19.9687055549822 5.04484896537971
630 19.0027169539261 5.06992465073013
631 20.0522410156781 5.06285975823304
632 20.9337643996007 5.06571594330753
633 20.0515080990304 5.06296962059094
634 20.0573584998432 5.06713345681112
635 20.4970913557421 5.05834538133457
636 20.0681339282155 5.06892562277045
637 20.3949050280443 5.0659230705354
638 19.3666337169944 5.06335770470409
639 20.8838448571573 5.05112536590617
640 20.0571361242493 5.06571576345249
641 18.7521595896943 5.06542319095927
642 17.6109455351162 5.06638577284506
643 20.0571361242493 5.06571576345249
644 17.5256917622795 5.06645293555236
645 19.9405081238795 5.06610838365368
646 20.9515660658151 5.05610069404811
647 20.6584432202666 5.06435505073276
648 20.0573025658614 5.06678648995577
649 19.8577809000218 5.06798811070216
650 19.9171427436605 5.06571580502575
651 20.105040177345 5.06143547718465
652 20.9286197860617 5.06571590539475
653 20.0468504840307 5.0616077995768
654 20.0185445140466 5.06100647942041
655 20.5694472908057 5.06158016567151
656 20.0392926714813 5.0602414425334
657 19.0022794856932 5.0667593465032
658 20.9581872254787 5.06571583410984
659 17.9759906178755 5.06252758253341
660 20.3684739140502 5.0654366713862
661 19.8755062414105 5.06571584936002
662 19.9833072991819 5.04836015772184
663 19.947744420543 5.06571583809166
664 20.8663893470831 5.06571590262934
665 19.0194365345053 5.06664198768408
666 20.0571361242493 5.06571576345249
667 20.0207867508001 5.06626027560296
668 17.4181545753943 5.06571575797497
669 20.258510472755 5.06487086455229
670 20.1788542216352 5.06571578958264
671 19.9292751561915 5.06571596310238
672 19.1938860865374 5.06571578086066
673 18.2064683610653 5.05837663925476
674 17.5256023803403 5.06571570903177
675 18.0470504649507 5.06707534435938
676 20.0571361242493 5.06571576345249
677 20.0571361242493 5.06571576345249
678 20.0621071265399 5.06843162236598
679 19.7989232829013 5.06849450239881
680 20.5375629796766 5.06571585458034
681 18.5155650213374 5.06524137549792
682 20.0566767817535 5.06545985415794
683 20.1253113917443 5.06553386641197
684 20.0571361242493 5.06571576345249
685 20.0571361242493 5.06571576345249
686 19.8884657885018 5.05589571497331
687 19.7620810456268 5.06571559322606
688 19.0438119358907 5.06571589281747
689 20.0427000893857 5.06089466404187
690 19.9835232076085 5.04950347092407
691 20.5311295245884 5.06652558477003
692 19.6319995818919 5.06571581524497
693 19.6220723537478 5.06571595078864
694 20.0569316347166 5.06560291116674
695 20.3266981886155 5.07050031473031
696 20.0298293189919 5.05820925844968
697 16.6218584749614 5.0644033165015
698 20.83173801958 5.06949271709964
699 19.8487274484271 5.06571577434215
700 19.4531914687502 5.06571575083421
701 16.6366241473511 5.06633900128705
702 19.9271755432368 5.06571602188653
703 20.0980478562082 5.06753396966581
704 20.568104539769 5.06571586809216
705 19.8624308405595 5.06640767744051
706 20.2263305666377 5.06571586407723
707 20.0156069005992 5.05531235157118
708 16.6236698756564 5.06654681599521
709 19.1812778936932 5.06571571464428
710 19.4621935368295 5.06922416218517
711 20.4187514445453 5.06665144504172
712 20.0622473061366 5.0657160068741
713 20.0571361242493 5.06571576345249
714 20.4946058603072 5.06571597587484
715 19.8558244500031 5.06422501881998
716 19.5260735706603 5.06122763375178
717 18.7232004660159 5.06466439287265
718 21.1387303650573 5.06352066112558
719 19.9353393338402 5.0657157971367
720 20.0631793299399 5.06622943939782
721 21.3497154934441 5.06549482982334
722 19.8379412375252 5.06858990704618
723 20.5496881070169 5.0680798075181
724 18.4417639656154 5.0657157885296
725 19.8211278844059 5.06677120614206
726 20.04945337155 5.06708713005316
727 20.4075696479655 5.06793081838131
728 20.0155262124839 5.0636246039448
729 18.0084597488008 5.06672526426648
730 20.0572623150307 5.06650016170875
731 20.0624034723577 5.06859014998297
732 20.2313697118066 5.06511303022592
733 18.5774832033488 5.06734994526088
734 20.7478058807336 5.05835868309081
735 20.3303343170398 5.06571582759288
736 19.1890775554567 5.06664193676707
737 19.8403835128255 5.05957181044487
738 20.0570057225818 5.0648622649136
739 20.0142548809113 5.06571580994089
740 19.5083507964704 5.06688678262834
741 20.1174928827323 5.06394746307345
742 19.8698209054409 5.06470539250216
743 20.0570919606038 5.06539415087954
744 19.9943263925682 5.05175364098632
745 20.3414561221839 5.06514737912519
746 20.0571529464146 5.06579769637751
747 20.1217024669185 5.067635647621
748 20.3627751567611 5.06552481638906
749 20.0598209977395 5.0684160460724
750 18.8213173530967 5.06571578538413
751 19.8368324870923 5.05535669114479
752 19.1918969022943 5.06581864209316
753 19.3881533806509 5.06571558431405
754 20.0572833126705 5.06663854643609
755 19.9782160438876 5.06688677164706
756 20.0621966294598 5.06847842176833
757 21.0283731751234 5.06160509845585
758 20.2293473035059 5.0657159411225
759 19.8712195945172 5.06679581237246
760 20.4479699914491 5.06521805620099
761 19.7742842412088 5.06945107023982
762 20.0571361242493 5.06571576345249
763 17.4915458111208 5.06201515689331
764 19.8264114808782 5.06571598641077
765 21.2134215103342 5.06837847737116
766 19.9866811481047 5.04928691498005
767 21.1345501793415 5.05481827842963
768 20.0571361242493 5.06571576345249
769 19.5801693754496 5.06571563528703
770 20.4198711442737 5.06689489239344
771 20.0300407054979 5.05791452541751
772 20.0546517146534 5.06437885363254
773 18.9593915416826 5.06571575556081
774 17.6086487206899 5.06571595388449
775 19.9274556437052 5.06688487189698
776 20.0794614617882 5.06571580502484
777 19.7314287756604 5.06571600052508
778 19.889570131615 5.06801290274417
779 20.0703189214098 5.06571580243683
780 19.9233809598535 5.05762785591575
781 18.8909779159362 5.06706221097871
782 16.6797679190379 5.06571590525061
783 20.3684638460859 5.0606879132081
784 19.2376002822033 5.06571565488228
785 20.0571361242493 5.06571576345249
786 20.0571443472119 5.06574358491947
787 17.7426356580132 5.06557104707078
788 19.1814100545563 5.06664190681029
789 20.0571361242493 5.06571576345249
790 20.0571613434725 5.06587620399657
791 20.0240018946365 5.05700537810428
792 18.1598182386508 5.06571610425039
793 19.7549165300411 5.06858830320406
794 20.2714174160661 5.07157934380943
795 20.0571981891209 5.06609506457083
796 19.461116204722 5.06580743662335
797 20.7761594517508 5.06640798729377
798 20.0572833126705 5.06663854643609
799 19.9585234627025 5.0676533822656
800 19.805911872121 5.0657158597446
801 20.0616547141156 5.06902689828914
802 20.2622564824514 5.06252689634377
803 20.0571361242493 5.06571576345249
804 20.0148075484711 5.05514827041462
805 17.75383354791 5.06800287166397
806 20.0572174636186 5.06623782279391
807 20.0298260902359 5.05815617401689
808 18.8486280649471 5.06571602420192
809 20.057110563736 5.06551755006417
810 20.4323502774757 5.05987307789452
811 18.8983841906164 5.06690572716912
812 18.3906096698013 5.06100634874814
813 20.0550643957907 5.06502569537636
814 19.7255280294199 5.06556081563765
815 20.594795147178 5.06571581215087
816 20.4132591651673 5.07354296473657
817 20.0571361242493 5.06571576345249
818 20.0617682592072 5.06909080592452
819 20.0571361242493 5.06571576345249
820 19.8310826811276 5.06677961132162
821 21.2409272727633 5.06549473024929
822 18.8492176799338 5.04540078216644
823 18.8907452740064 5.06537176673384
824 20.0301019277973 5.05821192245802
825 20.4542042422367 5.06255241358162
826 20.0571361242493 5.06571576345249
827 17.6301028046475 5.0654196327005
828 20.1895455493006 5.047762783092
829 20.1257563419999 5.06764629192299
830 18.8968597248233 5.06089698067876
831 19.5550178274325 5.05763268276937
832 20.0551568249602 5.06693674738259
833 20.1822784747543 5.07011226375061
834 20.0571697773014 5.06590256903804
835 20.0207772696042 5.0662226392241
836 20.0573133212471 5.06682761306143
837 20.0477537006936 5.06182765786213
838 20.36649575117 5.06571568117003
839 18.3115464329613 5.05933061830554
840 20.0688548910807 5.07358021319459
841 19.9868036921461 5.0640100146066
842 19.8589591231292 5.06663859286559
843 19.617061198872 5.06571598729857
844 20.0380035996419 5.05963980239018
845 20.0571361242493 5.06571576345249
846 18.9039008448881 5.06616310781676
847 20.0940609539464 5.06571599546888
848 20.3975758046495 5.06544142897048
849 20.2293473035059 5.0657159411225
850 20.2667885214615 5.06571574663048
851 20.0571950466332 5.06608502795833
852 18.0929147640537 5.06514568839343
853 19.8734286469451 5.06932051679187
854 20.0571361242493 5.06571576345249
855 18.9341321153145 5.05418207868061
856 20.1012143530491 5.06623783230276
857 19.3619844188627 5.0650773360138
858 19.9715269964104 5.04562689896776
859 20.0638378469375 5.07035456698245
860 19.7896936210154 5.07230096326123
861 19.6220723537478 5.06571595078864
862 20.0571361242493 5.06571576345249
863 20.0058788511144 5.06445352342908
864 20.2458122348864 5.06571594288051
865 20.0493310959873 5.06225467601711
866 19.7850800387584 5.06427167641459
867 18.7614876044529 5.06574371664088
868 18.7617991813783 5.06154605178871
869 19.8690842237654 5.06229810396917
870 20.2526822456106 5.0659451626794
871 17.850879732518 5.0657161252716
872 20.0279620253226 5.05779117033139
873 19.3610758079024 5.06526600245891
874 20.0195615648817 5.06571558257894
875 20.0660653867196 5.07138417351068
876 20.3226270192852 5.06704544836456
877 18.8857911018534 5.05535663118599
878 19.8052277478656 5.05892220336949
879 19.2596142368123 5.06571590412388
880 20.046272672267 5.0615505640971
881 19.5446828355492 5.06737028892974
882 21.3004973916291 5.06663854858956
883 17.9775399422365 5.06001923326046
884 19.9440123475013 5.06205700503707
885 19.1258529624051 5.06310659221068
886 20.0607952369544 5.06772105391713
887 19.8193066640143 5.05863871886882
888 18.9742880351891 5.05665835645507
889 19.3048236918267 5.06571561129722
890 20.2831937839031 5.0670870761447
891 19.9073623606868 5.06576565964705
892 19.6101311656389 5.06731298026046
893 19.884702259175 5.0661704530984
894 14.8542628376037 5.066219566365
895 19.8004867157183 5.06828715039136
896 20.3509109332176 5.06485896763298
897 20.0561531467353 5.0651800096056
898 20.0572005828269 5.06610643499087
899 17.9639692009172 5.06571589088853
900 19.3510458506626 5.06571586488151
901 19.2864678545264 5.06776087609569
902 20.2320642220382 5.06629864530398
903 18.9461923021934 5.06571592354007
904 20.0103259683927 5.06687947521604
905 20.0583599260203 5.06723289245081
906 20.1112510321045 5.06137559858427
907 19.9124737640194 5.0628375401837
908 18.618122942139 5.05815643394608
909 20.6182479586126 5.06752249952402
910 20.0827771583465 5.06452830250477
911 20.0629845850119 5.06890358289616
912 19.4650127288426 5.06805067830098
913 20.0608396529495 5.06897288147238
914 18.2992229216399 5.06571601016858
915 19.1433275174045 5.05695391021524
916 20.0571361242493 5.06571576345249
917 20.1455123958095 5.06571590177892
918 20.0338229647348 5.06480088012903
919 21.4896655211932 5.05837950027174
920 19.5148305203697 5.06678010183068
921 20.0580716124831 5.0662285938513
922 19.394782672523 5.06678310994751
923 20.0313811974423 5.05013834453778
924 20.0430268033501 5.0621985545473
925 19.940480438611 5.06730605183821
926 20.0525845855789 5.06310670172865
927 20.0611460932026 5.06782123791594
928 20.0571361242493 5.06571576345249
929 20.2894293286486 5.06571597098425
930 20.0880739233051 5.06659900494429
931 19.1537481590398 5.06571600002124
932 20.2271021837194 5.05987296383086
933 20.0014756260318 5.03669028930145
934 15.9069124468454 5.05751916809196
935 18.7717577123811 5.06705745095263
936 20.0632457044454 5.06904206124508
937 20.0582176107057 5.07294016241326
938 20.0571361242493 5.06571576345249
939 20.0278718581094 5.05777061274437
940 17.8791329695593 5.03669024959954
941 19.8642783583834 5.06636217311012
942 20.1440292315722 5.05816146924318
943 20.0063930748327 5.05340242072714
944 18.6998731580157 5.04810415608197
945 19.3048824972007 5.06613931653766
946 19.9030428608141 5.06571600671899
947 19.1430561728563 5.06571589903747
948 17.0364104779988 5.06652559208123
949 20.0571361242493 5.06571576345249
950 20.7068538762625 5.06807982015875
951 20.0609911549789 5.06730962457098
952 20.0571361242493 5.06571576345249
953 20.3098442516594 5.06571584991571
954 17.9070713180394 5.06571586004115
955 20.0325007777883 5.05868103093452
956 20.306032622559 5.06744295113421
957 20.9840848593448 5.06571576412497
958 20.0546914209265 5.06418412166621
959 19.3459252220906 5.06542421276537
960 17.3564615711526 5.06421657201747
961 20.6162191496061 5.0657158128961
962 20.0997761191236 5.06571596531207
963 20.7178767743384 5.0654999013893
964 20.5259735550083 5.06571591398995
965 19.9871472827395 5.05016748788534
966 14.9669970303227 5.0657158169746
967 19.0681981752765 5.0668294783033
968 20.0828982576988 5.06791288297066
969 16.8154648551755 5.06571584171674
970 21.1362130767106 5.06571570776637
971 19.8604215443871 5.06442028766677
972 19.28626961019 5.06240152797923
973 19.8272835163755 5.06571590197552
974 18.9441454402026 5.06754073733743
975 19.9933234202171 5.06571591659466
976 17.5257106921577 5.06663664524484
977 18.6169033238115 5.0658437903664
978 20.6831663457777 5.04899413850734
979 17.4309675489308 5.069113968324
980 19.5080767905102 5.06571595169484
981 19.8812233547474 5.06571576830753
982 19.8125017195058 5.06470517511117
983 20.1174397873289 5.05695586287522
984 20.0571358121775 5.06570291708451
985 20.0571361242493 5.06571576345249
986 20.1912034174142 5.06571592274409
987 20.4075753932676 5.06571584858974
988 20.0113268517767 5.0605564911674
989 17.1195804964204 5.06617079441761
990 20.2256623215904 5.06346347546479
991 17.5201490444711 5.06571595347995
992 20.2669862095226 5.06898237330864
993 20.042251900231 5.06140900426731
994 18.3489622587748 5.06726412519815
995 20.2280550344239 5.06586806532444
996 20.187649402297 5.05658367672379
997 20.0416764920217 5.06048680988347
998 20.4727980602913 5.06614740245629
999 20.0627929731871 5.07002398664564
