0 20.2006185716653 5.06571587933885
1 19.9297463217715 5.06512069345787
2 21.2728283188715 5.05765153942774
3 20.0571361242493 5.06571576345249
4 20.4529645949186 5.0612532798906
5 20.1645346551314 5.06112280286921
6 20.0641181140647 5.06920499718233
7 20.0816008912944 5.06671397704652
8 20.057255835678 5.06648532306407
9 19.9530777703741 5.06484241103547
10 20.0606288024809 5.06650331087889
11 20.0571361242493 5.06571576345249
12 20.4457693652147 5.06597244051504
13 20.7182118083057 5.05765149977715
14 20.6909635642974 5.05218144913201
15 20.0556470184217 5.06644573408867
16 22.2310404292229 5.06571597597553
17 21.376028608713 5.06571600038509
18 20.9873612056629 5.06665493739466
19 19.9562189025 5.06687468579958
20 20.0614636100611 5.06808625758924
21 20.6981662262622 5.06571597283497
22 20.0571361242493 5.06571576345249
23 20.2750232818419 5.06571586885409
24 20.057255835678 5.06648532306407
25 20.3099391536422 5.05765142403755
26 20.059873806275 5.07017198632291
27 20.9167566554605 5.06571554076478
28 20.1773257228592 5.06690022446526
29 19.8957927683065 5.06827007802258
30 20.748902652781 5.06571585941272
31 20.6620407525232 5.06797421838171
32 20.1967374663425 5.0653780665462
33 20.0593754176996 5.06694557793012
34 21.0738115440144 5.06827016832801
35 20.3383492526404 5.06470781542232
36 20.0544165068727 5.06440033686943
37 20.3652780940719 5.06537775399363
38 20.0543643509467 5.0642329551135
39 20.2751407720889 5.0664856260579
40 21.0805957298123 5.07028784649972
41 20.05440613151 5.06451294600768
42 20.0341049010323 5.05942132876141
43 20.179053329188 5.06571594959994
44 20.0272598057537 5.05765151428481
45 20.2730863604385 5.06665495025395
46 20.4639918041601 5.0664855031712
47 20.0571361242493 5.06571576345249
48 20.2336982889853 5.05586229193474
49 20.2722547178842 5.0644913517239
50 20.0274604015588 5.05867835713401
51 20.0571361242493 5.06571576345249
52 20.0272598057537 5.05765151428481
53 20.0593433855775 5.06665516866042
54 20.0594889409897 5.06771185027874
55 20.057255835678 5.06648532306407
56 20.5900476374948 5.06502208526704
57 20.0571361242493 5.06571576345249
58 20.1705668849047 5.0576512269302
59 20.4619299762515 5.06571594336705
60 20.0543072850627 5.06389338761418
61 20.0571361242493 5.06571576345249
62 20.3402348940441 5.06571568026759
63 20.1826829408421 5.06597263742779
64 20.2730615877446 5.0664854276238
65 20.6657460816555 5.06571601492833
66 21.0618497351826 5.06571600328356
67 19.827838231357 5.05998769347467
68 20.0574705285774 5.06790201870696
69 20.4484833032335 5.06063031165504
70 20.0556721781993 5.07274317434853
71 20.0571361242493 5.06571576345249
72 19.907626748665 5.06571590438642
73 20.5927826432077 5.06597280943283
74 19.6531460959123 5.06665513548407
75 20.0574871152107 5.06799056385074
76 20.0293176016401 5.05765148428376
77 20.0570611747265 5.06520199413347
78 22.1476204243955 5.06665514374154
79 20.0554553320703 5.06550974015333
80 20.0272598057537 5.05765151428481
81 20.0137861024815 5.05593586112082
82 20.057090996943 5.06537802710114
83 21.0734039505525 5.06571575716533
84 20.0593754176996 5.06694557793012
85 20.0593156953196 5.06648544407053
86 20.592813482231 5.06616909485389
87 21.0440003979904 5.0664856063438
88 19.5794053274117 5.06423310972397
89 20.4231424385729 5.06779917713269
90 20.2006585201351 5.06597283984637
91 20.0571361242493 5.06571576345249
92 20.0592370962901 5.06597277863692
93 20.0571361242493 5.06571576345249
94 20.3425070406828 5.06694548706796
95 19.93831779771 5.06077245757079
96 20.748902652781 5.06571585941272
97 20.8070205077516 5.06571612235716
98 20.0272598057537 5.05765151428481
99 20.177137766244 5.06571582901653
100 20.0391752482999 5.05998753683009
101 20.0525952780055 5.06495200903662
102 21.0824887672849 5.07038649886196
103 20.592888283345 5.0666550527967
104 20.0571361242493 5.06571576345249
105 20.0594889409897 5.06771185027874
106 20.3402348940441 5.06571568026759
107 20.2729391076116 5.06571558344689
108 20.2730863604385 5.06665495025395
109 20.2065325179634 5.06890357838921
110 20.06597418336 5.07188969156241
111 20.7529538844572 5.06421923285274
112 20.0312531633011 5.06571575080128
113 20.0648688204535 5.06959554879925
114 20.3402348940441 5.06571568026759
115 21.7940110651444 5.06571565595748
116 17.9170619872149 5.0657159034653
117 20.2750232818419 5.06571586885409
118 20.057255835678 5.06648532306407
119 20.2011198129906 5.06598856892636
120 20.0147338705822 5.06092134796322
121 20.6681054706425 5.04718783172828
122 20.2729391076116 5.06571558344689
123 20.5536331315367 5.05636074655569
124 20.7463650498282 5.06644563177085
125 20.0544800254506 5.06481932595643
126 20.057255835678 5.06648532306407
127 20.057255835678 5.06648532306407
128 20.0502468784785 5.06277974563705
129 20.7491326246737 5.06715081197023
130 20.3402348940441 5.06571568026759
131 19.9800515886107 5.06537810970511
132 20.0574705285774 5.06790201870696
133 20.0573199794378 5.06690039993569
134 20.9014285202291 5.06665527558613
135 20.0544703443133 5.06491640162214
136 20.0593163304579 5.06646902792013
137 20.7933584042809 5.06681498132958
138 20.0574705285774 5.06790201870696
139 20.0572953866318 5.06539282320221
140 20.2729391076116 5.06571558344689
141 20.5221238233719 5.0664856304282
142 20.0272598057537 5.05765151428481
143 20.3402348940441 5.06571568026759
144 22.5509394222297 5.06571584227786
145 20.0272598057537 5.05765151428481
146 20.0692323092089 5.0576514332161
147 21.0709344505055 5.06681533291693
148 20.0133173276647 5.05998756663172
149 18.9431622457712 5.06571589126905
150 20.592888283345 5.0666550527967
151 20.2729391076116 5.06571558344689
152 21.0733928500168 5.06565596043784
153 20.2006174216468 5.06570490127016
154 20.5536662574995 5.06571591955149
155 20.2788101416148 5.06863955644117
156 20.340382589046 5.06665500694013
157 20.057090996943 5.06537802710114
158 20.182537199157 5.05998760237973
159 20.0544514350562 5.06481436732162
160 20.0571361242493 5.06571576345249
161 20.0573199794378 5.06690039993569
162 20.2753219445001 5.06771217060768
163 19.8291101382393 5.06389332104408
164 20.0571361242493 5.06571576345249
165 19.002135735658 5.06571598901989
166 20.1974891010904 5.06571597425653
167 20.5788580429837 5.06180331623363
168 20.0571361242493 5.06571576345249
169 19.953476142684 5.06525182318156
170 20.0968650723346 5.06571591421498
171 20.0571361242493 5.06571576345249
172 20.935409714967 5.06571572995938
173 20.8845572011146 5.06506745140355
174 20.0272598057537 5.05765151428481
175 21.1626639765289 5.06494308561677
176 20.0572804800931 5.06663747434028
177 19.8928255088025 5.06519226936292
178 20.0865137448547 5.06571598571132
179 20.0571361242493 5.06571576345249
180 19.5396256826947 5.06571598284625
181 21.0759020388083 5.06788092515711
182 20.0571361242493 5.06571576345249
183 20.3402348940441 5.06571568026759
184 19.8039359127926 5.06571601185002
185 19.9023821158012 5.05359230832397
186 20.5930861376837 5.06790221695895
187 20.0593754176996 5.06694557793012
188 19.9559921307933 5.06537792374696
189 20.0571620360843 5.06586658093971
190 20.0591983622638 5.06571584504964
191 20.2730863604385 5.06665495025395
192 20.7460094222093 5.06424869008474
193 20.3099391536422 5.05765142403755
194 20.0548029700862 5.0644583403718
195 20.013382321588 5.05451821871858
196 20.0571361242493 5.06571576345249
197 20.2005350185171 5.06520194373669
198 20.0571361242493 5.06571576345249
199 20.0543643509467 5.0642329551135
200 20.2694975230894 5.06479335283917
201 21.3101489925278 5.06571579280951
202 20.3402348940441 5.06571568026759
203 20.0186322759189 5.06560906837258
204 20.0272598057537 5.05765151428481
205 20.5898392532958 5.06389348857547
206 20.2730863604385 5.06665495025395
207 20.0571361242493 5.06571576345249
208 21.1629795818615 5.06571595393022
209 20.8070205077516 5.06571612235716
210 20.3063117646328 5.06519249781743
211 19.9560410807514 5.06571596621634
212 20.9894908941424 5.06648544261159
213 20.5981031665481 5.0689018607807
214 20.0594894968781 5.06764703965406
215 20.8734722931709 5.06423297714125
216 20.0571620360843 5.06586658093971
217 20.0571361242493 5.06571576345249
218 21.0710387391028 5.06486092623386
219 19.002135735658 5.06571598901989
220 20.0571361242493 5.06571576345249
221 20.0571361242493 5.06571576345249
222 20.062281820219 5.0685267659813
223 20.2754212007327 5.06826987864674
224 19.742340291322 5.06776514778999
225 20.0272598057537 5.05765151428481
226 20.0272598057537 5.05765151428481
227 20.057255835678 5.06648532306407
228 21.0420073760795 5.05765148364268
229 20.2751407720889 5.0664856260579
230 20.2377055500471 5.06567257291107
231 20.7557452279778 5.07124809374489
232 20.1709655474394 5.06707279485195
233 20.1705668849047 5.0576512269302
234 21.0734039505525 5.06571575716533
235 20.0529234419972 5.06671388978526
236 20.233333599799 5.06371759122362
237 20.0391752482999 5.05998753683009
238 20.0571361242493 5.06571576345249
239 20.6961898560727 5.06665522143981
240 20.057090996943 5.06537802710114
241 20.1066436048681 5.06537806154481
242 20.0546213730285 5.0657101161197
243 20.0593754176996 5.06694557793012
244 20.0548729465976 5.06735648761389
245 20.4619299762515 5.06571594336705
246 20.9723025943707 5.06665521815743
247 20.9673318055366 5.06665512604442
248 20.057255835678 5.06648532306407
249 20.0550982808441 5.0688621178848
250 20.750315719608 5.06648557922614
251 20.2663413278339 5.06543919539608
252 20.5927433818317 5.06571577545684
253 20.0571361242493 5.06571576345249
254 20.5448509699888 5.05132639561255
255 20.0272598057537 5.05765151428481
256 20.0571361242493 5.06571576345249
257 20.0571361242493 5.06571576345249
258 21.0756893817849 5.06648557189266
259 21.042917587126 5.06206409836481
260 19.3426329149594 5.06571577499722
261 21.4169693753187 5.06790227178665
262 20.0571361242493 5.06571576345249
263 20.0631008532417 5.06914290458049
264 20.1139923401317 5.06646420435224
265 20.2732810494554 5.06790217952438
266 21.7185221457869 5.06665512432957
267 20.3402348940441 5.06571568026759
268 20.2751407720889 5.0664856260579
269 19.8238960345366 5.06694554371158
270 20.0573929323297 5.06735972576933
271 20.106812414673 5.0664855618827
272 20.0571361242493 5.06571576345249
273 19.9560410807514 5.06571596621634
274 22.8561746985951 5.0657159442436
275 20.8198650632446 5.06571575091455
276 20.4192666827309 5.05765133241656
277 20.3402348940441 5.06571568026759
278 20.0391752482999 5.05998753683009
279 20.223110964972 5.0652019759189
280 20.485739848213 5.06571568953791
281 19.956158686557 5.06648561593411
282 19.8953529102969 5.06537809185606
283 20.0272598057537 5.05765151428481
284 20.057255835678 5.06648532306407
285 20.5401576391603 5.06571596248422
286 19.3689767438665 5.06468486761081
287 20.5885212510979 5.06571586745546
288 20.2006185716653 5.06571587933885
289 21.0735533108244 5.06665514062745
290 20.0547273387018 5.06641897154875
291 19.9560410807514 5.06571596621634
292 20.748902652781 5.06571585941272
293 20.0391752482999 5.05998753683009
294 20.3574826326193 5.06690015138222
295 20.1772133903529 5.0661762173398
296 20.0272598057537 5.05765151428481
297 20.2006185716653 5.06571587933885
298 20.3654540468529 5.06648548240486
299 20.1125138210515 5.06826988791183
300 20.270317811269 5.06519259967393
301 20.3109524862527 5.06571562528858
302 20.3373838548282 5.06381851162294
303 20.9793343851832 5.06648549561884
304 22.0093118073691 5.05679055288955
305 20.0571361242493 5.06571576345249
306 20.0571361242493 5.06571576345249
307 20.9879956811762 5.06665530600851
308 20.2729391076116 5.06571558344689
309 20.1770541112337 5.06514572283938
310 20.2750232818419 5.06571586885409
311 20.7182118083057 5.05765149977715
312 20.0273115253505 5.05791574239475
313 20.0542561854634 5.06353983478724
314 19.8954053391322 5.0657157009047
315 20.1978629077151 5.06439992861325
316 20.0575702849509 5.06856968796739
317 19.4753377839409 5.06669881509856
318 20.0571361242493 5.06571576345249
319 20.5096277895611 5.06665529441057
320 20.0593754176996 5.06694557793012
321 20.0575109146981 5.06817578696087
322 20.6636616080971 5.06571598941797
323 20.3220170128267 5.05998753233423
324 20.0573890466302 5.06736158247828
325 20.0572919508906 5.06671383042942
326 20.7490307757697 5.06648548671001
327 20.0571361242493 5.06571576345249
328 19.9154754733692 5.05998754047094
329 20.0571361242493 5.06571576345249
330 20.057255835678 5.06648532306407
331 20.0571361242493 5.06571576345249
332 20.0571361242493 5.06571576345249
333 20.1069845831567 5.06024944630117
334 20.748902652781 5.06571585941272
335 20.8424498461744 5.06571566000591
336 20.5885212510979 5.06571586745546
337 20.0571361242493 5.06571576345249
338 20.2650730069381 5.0657156514406
339 20.6833594734675 5.06653433268062
340 19.8643534024008 5.05844329726023
341 20.3432563246852 5.06735159700358
342 20.1742832824312 5.0638933521902
343 19.9560795054359 5.06597290574111
344 20.2702898323373 5.06502214682575
345 21.0734039505525 5.06571575716533
346 21.0416487734736 5.06500474340172
347 20.1406330492824 5.0652019723131
348 20.0231574133816 5.06648535787636
349 19.9413984342663 5.06338560136807
350 20.2789858725629 5.06648546592229
351 20.7072910199786 5.06571573879451
352 19.9562189025 5.06687468579958
353 20.747143528314 5.0694259053923
354 20.0571387578806 5.06570499221092
355 20.4584112840408 5.06571596706295
356 20.3403085686731 5.06618159505449
357 20.3402348940441 5.06571568026759
358 20.0545388659806 5.06519248046765
359 20.1525521996119 5.05941431685859
360 20.0970297327429 5.0657158515365
361 20.2730599005284 5.06646914549902
362 20.0571387578806 5.06570499221092
363 20.0571361242493 5.06571576345249
364 19.9560854963261 5.06598174364323
365 21.7902174711603 5.06790215963419
366 20.2726449526621 5.06681507725077
367 21.3029794064348 5.0657159899533
368 20.057090996943 5.06537802710114
369 20.6023919797593 5.06562557193881
370 20.1772876790453 5.06665527715145
371 20.3402348940441 5.06571568026759
372 20.3402348940441 5.06571568026759
373 20.0571361242493 5.06571576345249
374 20.2006185716653 5.06571587933885
375 20.9391049246377 5.0651666185739
376 20.5784614404453 5.06172190414561
377 20.748902652781 5.06571585941272
378 20.8651234054323 5.06481220405939
379 20.0572891709529 5.06669567606778
380 20.0593977883049 5.06709597802553
381 20.2728771024475 5.06831491363967
382 20.0591956783705 5.06570507278327
383 20.0571361242493 5.06571576345249
384 20.0636937539345 5.06897513441951
385 20.2568675869606 5.05998759166869
386 20.0435502228399 5.06104542950321
387 20.177137766244 5.06571582901653
388 20.1731670324644 5.06687446304725
389 20.0560653797173 5.06747899349778
390 20.5384820700136 5.06648561963708
391 19.7299315232008 5.06571601735777
392 20.0570335198746 5.06502663821214
393 20.0572559704061 5.06646913078415
394 20.3402348940441 5.06571568026759
395 20.715948750204 5.06571578612155
396 20.0334946400472 5.0669455699654
397 20.748902652781 5.06571585941272
398 20.0571620360843 5.06586658093971
399 20.146060191492 5.06571583448848
400 20.592888283345 5.0666550527967
401 20.0134481750008 5.05486963535503
402 20.0521411442585 5.0632173253398
403 20.057255835678 5.06648532306407
404 20.3402348940441 5.06571568026759
405 20.0571361242493 5.06571576345249
406 20.2022816506261 5.0666217780851
407 20.057255835678 5.06648532306407
408 21.0422092303669 5.05861786913485
409 20.485446586132 5.06598016681701
410 20.7182319512107 5.05774530993251
411 21.0756893817849 5.06648557189266
412 20.5885212510979 5.06571586745546
413 20.0272598057537 5.05765151428481
414 20.3738767321462 5.06648541170037
415 20.2730615877446 5.0664854276238
416 19.9433262192401 5.06571600160968
417 20.0571387578806 5.06570499221092
418 20.2751407720889 5.0664856260579
419 22.9757678890375 5.06665489141059
420 19.661694181536 5.06537792406205
421 20.3424441615763 5.06648542555638
422 20.0133652429591 5.05444514692961
423 21.8003769299318 5.06665521716623
424 20.0571361242493 5.06571576345249
425 20.6409571206328 5.06571573499161
426 20.2733377068796 5.06827001258318
427 20.3403554693148 5.06648556443614
428 20.0573632761972 5.06717855873375
429 19.9777764944413 5.04709064954453
430 19.9303954962052 5.03607611013822
431 20.0571361242493 5.06571576345249
432 21.0734039505525 5.06571575716533
433 20.2729569681497 5.06581603059304
434 19.9409424832226 5.0407808680822
435 20.0543072850627 5.06389338761418
436 21.0735533108244 5.06665514062745
437 21.0726844190562 5.06534061455425
438 20.0556278332012 5.0645826567737
439 20.0391752482999 5.05998753683009
440 20.0585641168586 5.06735456555221
441 20.0544165068727 5.06440033686943
442 20.0572842289378 5.06665514592308
443 20.0572546030336 5.06646628869502
444 18.0223607624199 5.05998756376252
445 20.0272598057537 5.05765151428481
446 20.0571361242493 5.06571576345249
447 20.2750232818419 5.06571586885409
448 21.1167432173123 5.0666552825364
449 20.057090996943 5.06537802710114
450 20.2729391076116 5.06571558344689
451 20.0391752482999 5.05998753683009
452 20.485739848213 5.06571568953791
453 20.3402348940441 5.06571568026759
454 20.057255835678 5.06648532306407
455 20.1745585593271 5.0654392704306
456 20.0391752482999 5.05998753683009
457 20.4595276180861 5.06681529446744
458 20.6982892919826 5.06648548751007
459 20.0572842289378 5.06665514592308
460 20.0572307682948 5.0662946081494
461 20.4619299762515 5.06571594336705
462 20.0272598057537 5.05765151428481
463 21.0735174111335 5.06644071840968
464 20.1705668849047 5.0576512269302
465 20.7600265320509 5.06681517587493
466 20.2549808697429 5.06094523383236
467 19.9622582538684 5.06537776735461
468 20.0272598057537 5.05765151428481
469 20.0274468922142 5.05861778247073
470 20.0272598057537 5.05765151428481
471 20.2244423013429 5.06571585431992
472 20.2006185716653 5.06571587933885
473 21.0734039505525 5.06571575716533
474 20.0571361242493 5.06571576345249
475 20.2306019974631 5.06525159833043
476 20.0274174508614 5.05844347076264
477 20.8069587770484 5.06533545358428
478 20.5927433818317 5.06571577545684
479 20.0571361242493 5.06571576345249
480 20.748902652781 5.06571585941272
481 20.3402348940441 5.06571568026759
482 20.057090996943 5.06537802710114
483 20.972153385154 5.06571580394819
484 20.0571620360843 5.06586658093971
485 20.267896995203 5.06027813223697
486 20.3402348940441 5.06571568026759
487 20.5583056313653 5.06786790607695
488 20.0571361242493 5.06571576345249
489 20.0571361242493 5.06571576345249
490 20.0571361242493 5.06571576345249
491 20.2729391076116 5.06571558344689
492 20.6981571022965 5.0664854331226
493 20.2729391076116 5.06571558344689
494 19.6393176849043 5.06077244262356
495 20.0572842289378 5.06665514592308
496 20.0818339648045 5.06537804612882
497 20.694801627762 5.06648553419208
498 20.0570760027219 5.06530045917942
499 21.0734039505525 5.06571575716533
500 20.0575029370917 5.06791726582866
501 20.4514420337755 5.06571583628756
502 20.0571387578806 5.06570499221092
503 20.0571361242493 5.06571576345249
504 20.8089419868228 5.06790212264109
505 20.0628790519752 5.07050855865943
506 20.2729391076116 5.06571558344689
507 20.0547871527255 5.06681523091963
508 20.3697812307456 5.0652019291054
509 19.956158686557 5.06648561593411
510 20.0038136586322 5.06571606467146
511 20.596483017031 5.06992324600304
512 20.0544165068727 5.06440033686943
513 20.2292876858016 5.07184240135803
514 20.2729391076116 5.06571558344689
515 19.8204732302354 5.0674321598563
516 20.0543923228944 5.06424851570649
517 20.5885212510979 5.06571586745546
518 20.2702825944543 5.0651768141984
519 20.0543643509467 5.0642329551135
520 19.9263290756775 5.05791573723157
521 20.0571361242493 5.06571576345249
522 20.2449774813801 5.05844331830562
523 19.7823341000876 5.06571601033177
524 20.451251796854 5.06537798333308
525 20.0572842289378 5.06665514592308
526 19.9606579446905 5.04482490000199
527 20.0136169501482 5.05505489522185
528 20.2647594301512 5.06571588722941
529 20.0570611747265 5.06520199413347
530 20.4619299762515 5.06571594336705
531 20.057090996943 5.06537802710114
532 20.2342757313378 5.06571582415621
533 20.3696321092688 5.06648562866999
534 20.0136169501482 5.05505489522185
535 20.057832214825 5.0703074750153
536 20.2250614725057 5.06671394579765
537 20.0571361242493 5.06571576345249
538 20.0272598057537 5.05765151428481
539 20.1472620117064 5.0583873416479
540 20.0571361242493 5.06571576345249
541 20.0375803474478 5.06083670524428
542 19.8773682008762 5.06475683426026
543 20.7546932412686 5.06870741515908
544 20.192550010665 5.0653777450993
545 19.9560795054359 5.06597290574111
546 19.8398505774665 5.06571579545487
547 20.2730863604385 5.06665495025395
548 20.0571361242493 5.06571576345249
549 20.0521392963593 5.06433267662308
550 19.9582016819753 5.06537803864738
551 20.1352295243389 5.06665524097092
552 20.057255835678 5.06648532306407
553 20.0573199794378 5.06690039993569
554 20.2448253490222 5.05765141570818
555 20.2730863604385 5.06665495025395
556 20.0558504245943 5.06515079267098
557 20.0572842289378 5.06665514592308
558 21.1168097598361 5.06698028057771
559 20.177137766244 5.06571582901653
560 20.1770387109725 5.06505000660575
561 20.5168345267843 5.0661657197443
562 21.2598028144741 5.07121353847912
563 19.9532863345829 5.06423308688889
564 20.1771657556907 5.06586692529438
565 20.3402348940441 5.06571568026759
566 20.0571361242493 5.06571576345249
567 20.0545484054542 5.06543399312936
568 20.696161972868 5.06648560595626
569 20.0572842289378 5.06665514592308
570 20.0644605179276 5.06968809853085
571 20.4431366010331 5.05998752645302
572 20.0570611747265 5.06520199413347
573 20.2006185716653 5.06571587933885
574 21.0733492649871 5.06537792082433
575 20.0644622763375 5.06968910978527
576 20.0574705285774 5.06790201870696
577 20.3403554693148 5.06648556443614
578 20.2701934122214 5.06440015143939
579 20.0488368418755 5.0624996949797
580 20.0571361242493 5.06571576345249
581 20.3402348940441 5.06571568026759
582 20.5926512286482 5.06512878923577
583 19.6402460168463 5.06648570162154
584 20.0622065066399 5.0684856304156
585 20.0591415281544 5.06534861062962
586 20.2730863604385 5.06665495025395
587 21.0706413008284 5.06502216546942
588 20.2006185716653 5.06571587933885
589 22.015721866268 5.06561852531836
590 20.6694809803463 5.06665516899055
591 20.0543072850627 5.06389338761418
592 20.9793343851832 5.06648549561884
593 21.3887984264458 5.06817566268776
594 20.0591983622638 5.06571584504964
595 20.0197014100072 5.06570472281456
596 20.031222053129 5.06545624017057
597 20.2705125805634 5.06644546603961
598 20.0659886279553 5.07049231309414
599 20.0570263413186 5.06498201756466
600 20.0571095164303 5.06553243015924
601 20.2729391076116 5.06571558344689
602 20.054513695748 5.06502202830877
603 20.0571361242493 5.06571576345249
604 20.0572891709529 5.06669567606778
605 20.0570311085589 5.06502316817436
606 20.0392123957442 5.06013732314155
607 20.3402348940441 5.06571568026759
608 19.7134546374808 5.06648554479602
609 20.270081607033 5.063893349774
610 19.6795731060679 5.06571583717454
611 20.0572842289378 5.06665514592308
612 20.2006185716653 5.06571587933885
613 20.0572842289378 5.06665514592308
614 20.057255835678 5.06648532306407
615 20.7488056707473 5.06508709530943
616 20.0271492265111 5.05712240081812
617 20.3403908462786 5.0667139139033
618 20.2729391076116 5.06571558344689
619 20.268220285384 5.0657158828298
620 20.242746056353 5.05765146467073
621 21.0812082514054 5.07044238229966
622 20.3374800445082 5.06440032480649
623 19.4503707537386 5.06857899169814
624 21.0831275827253 5.06500922596324
625 19.9562524514844 5.0670728460456
626 19.9617297033843 5.04238645060343
627 20.0042682480277 5.06423308032434
628 20.0571361242493 5.06571576345249
629 20.0546213730285 5.0657101161197
630 20.2729391076116 5.06571558344689
631 20.797124673976 5.06694562544681
632 20.8070205077516 5.06571612235716
633 20.0571361242493 5.06571576345249
634 20.7506768493199 5.06663937329585
635 21.8003769299318 5.06665521716623
636 20.3961669180231 5.06571589015357
637 20.5901164738047 5.06543951463982
638 20.4179655653749 5.06571602556484
639 20.5583448775475 5.067902013209
640 21.0737505133527 5.06790194169182
641 20.592888283345 5.0666550527967
642 20.057255835678 5.06648532306407
643 20.0574705285774 5.06790201870696
644 20.2006185716653 5.06571587933885
645 20.3099391536422 5.05765142403755
646 19.9106497642488 5.06502221449168
647 20.748902652781 5.06571585941272
648 21.7941409192309 5.06648548583175
649 20.588464399264 5.06537796698532
650 20.7292582245798 5.06665531083022
651 20.4676183466954 5.06874290960037
652 20.0571361242493 5.06571576345249
653 20.592888283345 5.0666550527967
654 20.0547485884207 5.06653447687917
655 20.0571361242493 5.06571576345249
656 20.0571361242493 5.06571576345249
657 21.2167719677434 5.06571595978779
658 21.0029847132786 5.06856975840466
659 20.597479609466 5.06909484719295
660 20.5826230938214 5.06665513291973
661 19.3362287396894 5.06517976895719
662 20.5612835879042 5.06002709673144
663 22.015894076005 5.06665520803853
664 19.7908916396136 5.05516037882748
665 20.3402348940441 5.06571568026759
666 20.2006185716653 5.06571587933885
667 20.0391752482999 5.05998753683009
668 21.0759020388083 5.06788092515711
669 20.592754761562 5.06581597375948
670 20.0571795513949 5.06597275221331
671 20.0272598057537 5.05765151428481
672 20.0544633476433 5.0646849573599
673 19.8808971598902 5.05824142985778
674 20.0272598057537 5.05765151428481
675 20.0593754176996 5.06694557793012
676 20.0571361242493 5.06571576345249
677 20.0571795513949 5.06597275221331
678 20.2729391076116 5.06571558344689
679 20.2705663475992 5.06681524305309
680 20.788983762778 5.06648560318893
681 20.5730862767406 5.05763991142754
682 19.9253308905796 5.06648543913512
683 20.0573564315458 5.06711954594388
684 20.0571361242493 5.06571576345249
685 19.0737824760763 5.06665513351211
686 19.9479093979194 5.06764731495825
687 20.0547871527255 5.06681523091963
688 20.0272598057537 5.05765151428481
689 20.0313771406786 5.06648557240126
690 20.1471198666613 5.05765153722586
691 20.0571361242493 5.06571576345249
692 20.054513695748 5.06502202830877
693 20.0571361242493 5.06571576345249
694 20.7811921410539 5.06681500141441
695 21.0375837601679 5.06067652753083
696 20.7618304041088 5.05998745261684
697 20.3402348940441 5.06571568026759
698 20.102796884039 5.06629545863955
699 20.0571361242493 5.06571576345249
700 20.5907165058535 5.06930665842082
701 20.0571361242493 5.06571576345249
702 19.9810489766963 5.06571569559524
703 20.0031631719101 5.0631707872257
704 20.7460094222093 5.06424869008474
705 20.0572842289378 5.06665514592308
706 20.2750796019244 5.06607179421987
707 20.4619299762515 5.06571594336705
708 20.0277002883246 5.05990003730745
709 20.6635957479963 5.06571564055204
710 20.2729391076116 5.06571558344689
711 20.0521351793976 5.06335622731
712 20.0539934004195 5.06571589191955
713 19.956158686557 5.06648561593411
714 20.3452550645303 5.06842098900537
715 20.1705668849047 5.0576512269302
716 20.0572705778466 5.06657659955181
717 20.0593156953196 5.06648544407053
718 21.0733653861083 5.06547652135219
719 20.0137861024815 5.05593586112082
720 19.6240425080084 5.06571560162906
721 20.2007387366633 5.06648557130928
722 20.0571361242493 5.06571576345249
723 20.9849768009835 5.06495315925283
724 20.2729391076116 5.06571558344689
725 20.0140261883561 5.05717009310567
726 20.2730863604385 5.06665495025395
727 20.2752742285445 5.06732373693863
728 19.849480209975 5.05962713578358
729 20.2753219445001 5.06771217060768
730 20.6564603467949 5.06543932877823
731 20.7986896080257 5.0657157458358
732 18.4721422526029 5.06571588218891
733 20.748902652781 5.06571585941272
734 20.0571361242493 5.06571576345249
735 20.106812414673 5.0664855618827
736 20.0593754176996 5.06694557793012
737 20.1827274976801 5.06873620718305
738 20.4619299762515 5.06571594336705
739 20.972153385154 5.06571580394819
740 20.3254119195204 5.06543922458849
741 20.0571361242493 5.06571576345249
742 21.0773702539545 5.06864191859724
743 20.0571361242493 5.06571576345249
744 20.0574705285774 5.06790201870696
745 19.9244335944271 5.06360012507893
746 20.1208920229851 5.06331906193836
747 20.3541684264939 5.05765136470352
748 20.1408975600539 5.0672049283258
749 19.9641460958185 5.06571600261625
750 20.2009770398952 5.06804569270875
751 20.055261068524 5.06994490762837
752 20.0391752482999 5.05998753683009
753 20.7558878559259 5.06571581113456
754 20.0573199794378 5.06690039993569
755 20.0543643509467 5.0642329551135
756 19.8333864279006 5.06914840302039
757 20.748902652781 5.06571585941272
758 20.159316203969 5.06117721933434
759 20.0571361242493 5.06571576345249
760 20.748902652781 5.06571585941272
761 20.3123143635097 5.06571573280381
762 20.0571361242493 5.06571576345249
763 20.5956369006098 5.06665475376839
764 21.0735533108244 5.06665514062745
765 20.014096821721 5.05755216185134
766 20.0170351924319 5.06694535141901
767 21.0734039505525 5.06571575716533
768 20.0570770015585 5.06529458232381
769 20.748902652781 5.06571585941272
770 20.2729569681497 5.06581603059304
771 20.0578874413445 5.06612756153797
772 20.3311196899456 5.06193061528648
773 20.7962175447753 5.06571555646271
774 20.057255835678 5.06648532306407
775 20.0585490695484 5.06649149324098
776 20.1216156895256 5.06527561569765
777 20.0547871527255 5.06681523091963
778 20.0571361242493 5.06571576345249
779 20.0571361242493 5.06571576345249
780 20.057090996943 5.06537802710114
781 21.223418853165 5.06665521531339
782 21.1989962084658 5.06648564752096
783 19.9755009458344 5.06665519138176
784 21.0450599665753 5.06482396792887
785 20.3402348940441 5.06571568026759
786 20.5927433818317 5.06571577545684
787 20.0394196600344 5.06119562384515
788 20.0571361242493 5.06571576345249
789 19.9506184654645 5.06502215359756
790 20.7444570248096 5.06644555184875
791 20.4653473062368 5.06795440743421
792 20.2005350185171 5.06520194373669
793 20.3402348940441 5.06571568026759
794 20.0571387578806 5.06570499221092
795 20.7729123019488 5.0657159028324
796 20.0627401136552 5.07242658595489
797 21.0734039505525 5.06571575716533
798 20.0571361242493 5.06571576345249
799 20.057255835678 5.06648532306407
800 19.9258531255926 5.0679020035357
801 20.5927433818317 5.06571577545684
802 20.177137766244 5.06571582901653
803 20.0571361242493 5.06571576345249
804 20.0571983774858 5.06610799291732
805 21.3101867095818 5.06436551372142
806 19.4153024745396 5.06571579022844
807 20.057255835678 5.06648532306407
808 20.0575304275636 5.06827014468152
809 20.0575304275636 5.06827014468152
810 20.0574147035295 5.06753722051996
811 20.0571361242493 5.06571576345249
812 19.9536576126978 5.06537794180924
813 20.0571526137847 5.06572213748887
814 20.1982387816065 5.06681072360529
815 20.8200164904457 5.06665529229885
816 20.0571361242493 5.06571576345249
817 20.0571361242493 5.06571576345249
818 20.0571361242493 5.06571576345249
819 20.057255835678 5.06648532306407
820 20.8424498461744 5.06571566000591
821 19.5900442306221 5.06648556839392
822 20.0615927356893 5.07047688109362
823 19.4536717818364 5.06571570362496
824 20.0571361242493 5.06571576345249
825 21.0737505133527 5.06790194169182
826 20.3070140162051 5.05707941232622
827 20.0279569837792 5.06119336126629
828 20.9815963567201 5.06694550099336
829 20.0522233979407 5.06324990140079
830 20.2975556462877 5.06571572429785
831 21.0734264345596 5.06586670489015
832 20.057255835678 5.06648532306407
833 20.948437853424 5.05861782089371
834 20.3039238716435 5.06571591340638
835 19.9466613145963 5.06653438851106
836 18.6301228728066 5.06570473070591
837 20.0571361242493 5.06571576345249
838 20.7190245822829 5.06734825172486
839 20.0572842289378 5.06665514592308
840 20.0272598057537 5.05765151428481
841 20.057255835678 5.06648532306407
842 20.8198650632446 5.06571575091455
843 19.3840798827473 5.06586676422403
844 20.057549519913 5.06840483213233
845 20.0593156953196 5.06648544407053
846 20.5901164738047 5.06543951463982
847 20.0520038536306 5.06388858107112
848 20.2729391076116 5.06571558344689
849 20.2730863604385 5.06665495025395
850 20.4618478127799 5.06520185983418
851 20.060302183774 5.06944743647926
852 20.057255835678 5.06648532306407
853 20.0571361242493 5.06571576345249
854 19.9525714128147 5.0645956008393
855 20.5213860316693 5.06571597741833
856 20.0570611747265 5.06520199413347
857 20.0571361242493 5.06571576345249
858 20.2775117108472 5.06906384926336
859 20.3942350734903 5.06571593795601
860 20.3481005492374 5.06424883781938
861 20.0391752482999 5.05998753683009
862 20.057090996943 5.06537802710114
863 20.471250335443 5.05765136241676
864 20.0571361242493 5.06571576345249
865 20.0571361242493 5.06571576345249
866 20.2006185716653 5.06571587933885
867 19.9620085627651 5.07131068203941
868 20.558062846043 5.05765136476184
869 20.0602611579115 5.06743026743861
870 20.0250641634546 5.06571599683089
871 20.3403554693148 5.06648556443614
872 20.0574807278201 5.06698869231637
873 20.2751407720889 5.0664856260579
874 20.2730863604385 5.06665495025395
875 20.0571361242493 5.06571576345249
876 20.0593754176996 5.06694557793012
877 20.3401827273763 5.0653779352385
878 20.3423272768039 5.065715810166
879 20.3866197331434 5.06624167578432
880 20.0272533143991 5.05763984733514
881 20.05434047875 5.06407695421942
882 20.4889451233744 5.06571583628577
883 20.1772876790453 5.06665527715145
884 20.0516867947004 5.06303845656103
885 19.1593742675789 5.06531796085491
886 20.1762697243158 5.05997602762679
887 20.2582340916242 5.06217838441388
888 20.1319626022375 5.07054919599132
889 20.0501403755857 5.06217832320689
890 20.5017110044327 5.06571587958912
891 20.0572842289378 5.06665514592308
892 20.592888283345 5.0666550527967
893 20.1747137828627 5.06644557792885
894 20.2542009626791 5.06525142797748
895 21.7919303548393 5.06665511868585
896 20.4680533336996 5.0657159438159
897 20.0591983622638 5.06571584504964
898 20.027515144823 5.05896286013788
899 20.0572688210195 5.06656327942652
900 19.9603240206267 5.04291633647224
901 20.5969138454618 5.06718079402861
902 20.0272598057537 5.05765151428481
903 20.0573415720822 5.0670436578606
904 20.0572019402582 5.06614238183565
905 20.2743010392934 5.06731389090346
906 19.8603912171209 5.06449149375134
907 20.057255835678 5.06648532306407
908 20.2730615877446 5.0664854276238
909 20.0271101332182 5.05691333094617
910 20.0571361242493 5.06571576345249
911 20.0502789832116 5.06295876797292
912 20.0571361242493 5.06571576345249
913 20.7161012880673 5.06665537855112
914 20.0574705285774 5.06790201870696
915 20.179156111849 5.06571586728735
916 20.242746056353 5.05765146467073
917 21.0035303088872 5.06620622824735
918 20.0575304275636 5.06827014468152
919 20.7727934420361 5.06498734767926
920 20.239616911145 5.06496773439183
921 18.2483623034741 5.06571598280754
922 20.8160389862614 5.06520173319415
923 20.4888930504196 5.06538922835415
924 20.0272598057537 5.05765151428481
925 19.9559921307933 5.06537792374696
926 20.2729399940346 5.06570498044407
927 20.1353790713534 5.06537793535019
928 20.0142056742939 5.05517553807237
929 20.3402348940441 5.06571568026759
930 20.0571361242493 5.06571576345249
931 20.5930861376837 5.06790221695895
932 21.6666694726432 5.06571602884606
933 22.8563389552631 5.06665525227859
934 20.0593754176996 5.06694557793012
935 20.0468850793482 5.06161553573582
936 20.0571361242493 5.06571576345249
937 20.057090996943 5.06537802710114
938 20.7291015920383 5.06571580453257
939 21.0735247940328 5.06648534019513
940 20.4619566799292 5.06586660669532
941 20.7182118083057 5.05765149977715
942 20.6625257701068 5.06829510022901
943 20.2730615877446 5.0664854276238
944 20.0293176016401 5.05765148428376
945 20.5914081357623 5.06480932173614
946 20.0571361242493 5.06571576345249
947 20.3401562120831 5.06520193002683
948 20.0595951960692 5.06838757043788
949 20.0584976509679 5.06716477582543
950 20.0272614980752 5.05766552081869
951 20.1588370177636 5.06720140191336
952 20.2691763113698 5.06377105341798
953 20.0274106206811 5.05842353533865
954 20.2730615877446 5.0664854276238
955 20.3311119480466 5.06571571320974
956 20.057255835678 5.06648532306407
957 20.7582493345533 5.06694547228605
958 21.0759183949939 5.06790231255405
959 20.0272598057537 5.05765151428481
960 20.2732810494554 5.06790217952438
961 19.9560795054359 5.06597290574111
962 20.0571361242493 5.06571576345249
963 20.0911986440831 5.06764731342935
964 20.0543643509467 5.0642329551135
965 20.2729391076116 5.06571558344689
966 20.590553822851 5.0682607140551
967 20.0272533143991 5.05763984733514
968 22.9474123183844 5.06790217695002
969 20.5928891969159 5.06665262172496
970 20.1701479377027 5.06571601907183
971 20.0544165068727 5.06440033686943
972 20.057255835678 5.06648532306407
973 20.0271492265111 5.05712240081812
974 20.6902387503153 5.06537793495011
975 20.9073012621423 5.06694555621812
976 20.3401827273763 5.0653779352385
977 20.4088238589715 5.06502212917905
978 20.3390141466702 5.06655138858954
979 20.0543072850627 5.06389338761418
980 20.4594678637856 5.06644572014203
981 20.2679519976436 5.06571578163635
982 21.0708742830715 5.06644566535007
983 20.3401480247429 5.06513904730009
984 20.3401562120831 5.06520193002683
985 20.2750825747854 5.06619027589094
986 20.2750232818419 5.06571586885409
987 20.0274174508614 5.05844347076264
988 19.9261992433203 5.05730371667935
989 19.9696889001652 5.06500661638985
990 20.369171734663 5.06571582421874
991 20.0571361242493 5.06571576345249
992 20.6846420503117 5.05755655004868
993 20.5927433818317 5.06571577545684
994 20.056687059769 5.06560772270888
995 20.3099391536422 5.05765142403755
996 20.2050464201642 5.06811320497565
997 20.0572504067599 5.06640923225968
998 20.833745843567 5.065715908457
999 20.7566029487188 5.07019612965366
