0 2.67656390552928 2.49089741882288
1 2.67656390552928 2.49089741882288
2 2.67656390552928 2.49089741882288
3 2.67656390552928 2.49089741882288
4 2.67656390552928 2.49089741882288
5 2.67656390552928 2.49089741882288
6 2.67656390552928 2.49089741882288
7 2.67656390552928 2.49089741882288
8 2.67656390552928 2.49089741882288
9 2.67656390552928 2.49089741882288
10 2.67656390552928 2.49089741882288
11 2.67656390552928 2.49089741882288
12 2.67656390552928 2.49089741882288
13 2.67656390552928 2.49089741882288
14 2.67656390552928 2.49089741882288
15 2.67656390552928 2.49089741882288
16 2.67656390552928 2.49089741882288
17 2.67656390552928 2.49089741882288
18 2.67656390552928 2.49089741882288
19 2.67656390552928 2.49089741882288
20 2.67656390552928 2.49089741882288
21 2.67656390552928 2.49089741882288
22 2.67656390552928 2.49089741882288
23 2.67656390552928 2.49089741882288
24 2.67656390552928 2.49089741882288
25 2.67656390552928 2.49089741882288
26 2.67656390552928 2.49089741882288
27 2.67656390552928 2.49089741882288
28 2.67656390552928 2.49089741882288
29 2.67656390552928 2.49089741882288
30 2.67656390552928 2.49089741882288
31 2.67656390552928 2.49089741882288
32 2.67656390552928 2.49089741882288
33 2.67656390552928 2.49089741882288
34 2.67656390552928 2.49089741882288
35 2.67656390552928 2.49089741882288
36 2.67656390552928 2.49089741882288
37 2.67656390552928 2.49089741882288
38 2.67656390552928 2.49089741882288
39 2.67656390552928 2.49089741882288
40 2.67656390552928 2.49089741882288
41 2.67656390552928 2.49089741882288
42 2.67656390552928 2.49089741882288
43 2.67656390552928 2.49089741882288
44 2.67656390552928 2.49089741882288
45 2.67656390552928 2.49089741882288
46 2.67656390552928 2.49089741882288
47 2.67656390552928 2.49089741882288
48 2.67656390552928 2.49089741882288
49 2.67656390552928 2.49089741882288
50 2.67656390552928 2.49089741882288
51 2.67656390552928 2.49089741882288
52 2.67656390552928 2.49089741882288
53 2.67656390552928 2.49089741882288
54 2.67656390552928 2.49089741882288
55 2.67656390552928 2.49089741882288
56 2.67656390552928 2.49089741882288
57 2.67656390552928 2.49089741882288
58 2.67656390552928 2.49089741882288
59 2.67656390552928 2.49089741882288
60 2.67656390552928 2.49089741882288
61 2.67656390552928 2.49089741882288
62 2.67656390552928 2.49089741882288
63 2.67656390552928 2.49089741882288
64 2.67656390552928 2.49089741882288
65 2.67656390552928 2.49089741882288
66 2.67656390552928 2.49089741882288
67 2.67656390552928 2.49089741882288
68 2.67656390552928 2.49089741882288
69 2.67656390552928 2.49089741882288
70 2.67656390552928 2.49089741882288
71 2.67656390552928 2.49089741882288
72 2.67656390552928 2.49089741882288
73 2.67656390552928 2.49089741882288
74 2.67656390552928 2.49089741882288
75 2.67656390552928 2.49089741882288
76 2.67656390552928 2.49089741882288
77 2.67656390552928 2.49089741882288
78 2.67656390552928 2.49089741882288
79 2.67656390552928 2.49089741882288
80 2.67656390552928 2.49089741882288
81 2.67656390552928 2.49089741882288
82 2.67656390552928 2.49089741882288
83 2.67656390552928 2.49089741882288
84 2.67656390552928 2.49089741882288
85 2.67656390552928 2.49089741882288
86 2.67656390552928 2.49089741882288
87 2.67656390552928 2.49089741882288
88 2.67656390552928 2.49089741882288
89 2.67656390552928 2.49089741882288
90 2.67656390552928 2.49089741882288
91 2.67656390552928 2.49089741882288
92 2.67656390552928 2.49089741882288
93 2.67656390552928 2.49089741882288
94 2.67656390552928 2.49089741882288
95 2.67656390552928 2.49089741882288
96 2.67656390552928 2.49089741882288
97 2.67656390552928 2.49089741882288
98 2.67656390552928 2.49089741882288
99 2.67656390552928 2.49089741882288
